1279
1264
1221
1175
1273
1240
1133
1238
1270
1254
1166
1346
1286
1226
1219
1271
1352
1279
1156
1278
1254
1185
1211
1203
1199
1205
1258
1284
1296
1247
1249
1370
1243
1390
1184
1229
1214
1334
1294
1223
1197
1192
1186
1188
1193
1272
1302
1268
1290
1253
1211
1275
1190
1208
1234
1166
1076
1181
1115
1181
1131
1260
1227
1279
1269
1224
1147
1254
1285
1304
1215
1112
1227
1213
1225
1252
1238
1338
1218
1253
1265
1394
1239
1254
1230
1236
1208
1279
1222
1274
1151
1175
1114
1239
1146
1221
1204
1149
1210
1235
1190
1221
1252
1191
1230
1267
1259
1371
1144
1200
1248
1187
1240
1360
1267
1237
1197
1224
1153
1230
1094
1161
1279
1235
1282
1208
1238
1259
1203
1225
1169
1249
1359
1197
1187
1233
1331
1154
1254
1294
1120
1243
1273
1361
1264
1204
1195
1213
1186
1267
1248
1127
1210
1186
1101
1176
1253
1282
1176
1197
1168
1230
1286
1226
1170
1317
1233
1175
1253
1245
1204
1278
1279
1300
1230
1287
1294
1214
1253
1304
1250
1289
1153
1287
1224
1185
1252
1162
1328
1293
1245
1318
1237
1226
1225
1181
1237
1179
1285
1271
1213
1267
1202
1193
1177
1207
1247
1225
1210
1328
1202
1277
1221
1287
1320
1310
1159
1302
1231
1268
1228
1297
1268
1248
1266
1294
1323
1234
1244
1284
1257
1248
1308
1318
1241
1303
1073
1047
1195
1200
1233
1171
1142
1237
1180
1231
1193
1257
1337
1174
1223
1294
1286
1334
1287
1171
1270
1303
1267
1281
1191
1076
1178
1299
1232
1177
1226
1340
1126
1335
1334
1291
1243
1243
1259
1261
1277
1279
1166
1276
1263
1214
1325
1248
1269
1294
1289
1373
1239
1239
1322
1193
1356
1296
1234
1273
1200
1196
1236
1140
1325
1253
1350
1238
1330
1225
1146
1139
1229
1408
1330
1279
1209
1235
1169
1184
1162
1283
1291
1293
1208
1246
1290
1293
1217
1313
1263
1295
1185
1203
1260
1255
1261
1277
1215
1215
1290
1208
1224
1211
1253
1283
1229
1282
1222
1292
1361
1247
1366
1248
1223
1295
1229
1318
1337
1265
1237
1236
1282
1219
1278
1301
1334
1207
1253
1362
1253
1298
1207
1265
1270
1258
1156
1254
1211
1231
1278
1265
1235
1267
1323
1256
1355
1192
1336
1192
1261
1250
1213
1251
1312
1351
1218
1247
1223
1220
1270
1175
1239
1224
1243
1188
1273
1313
1245
1213
1214
1334
1313
1229
1123
1242
1277
1282
1224
1347
1369
1169
1268
1287
1205
1242
1213
1308
1344
1288
1184
1244
1227
1265
1234
1267
1306
1250
1367
1260
1302
1335
1257
1243
1222
1227
1316
1202
1279
1321
1274
1298
1319
1272
1336
1330
1176
1318
1300
1269
1225
1301
1304
1240
1286
1148
1365
1189
1244
1221
1298
1275
1235
1257
1332
1333
1305
1420
1185
1375
1351
1307
1331
1336
1250
1414
1280
1263
1284
1362
1224
1319
1301
1254
1244
1330
1259
1297
1279
1238
1232
1361
1294
1315
1300
1261
1250
1202
1367
1255
1304
1200
1243
1359
1151
1347
1323
1341
1281
1244
1312
1403
1386
1275
1303
1384
1301
1289
1269
1219
1253
1288
1172
1242
1324
1392
1248
1216
1341
1239
1352
1309
1469
1309
1321
1282
1347
1360
1285
1253
1282
1179
1415
1378
1252
1309
1335
1323
1334
1306
1315
1394
1458
1372
1372
1409
1352
1295
1331
1344
1333
1406
1223
1222
1225
1314
1215
1317
1296
1369
1328
1308
1419
1289
1258
1292
1363
1326
1379
1323
1276
1355
1321
1318
1333
1338
1282
1281
1455
1344
1308
1448
1359
1390
1366
1323
1363
1301
1286
1375
1386
1383
1355
1334
1447
1353
1472
1456
1285
1339
1322
1361
1346
1335
1335
1299
1258
1399
1330
1338
1264
1357
1364
1426
1295
1362
1309
1352
1399
1409
1437
1423
1366
1392
1359
1389
1430
1356
1318
1433
1351
1335
1261
1350
1288
1325
1452
1346
1326
1378
1376
1377
1455
1451
1341
1513
1338
1321
1379
1310
1325
1397
1349
1364
1384
1433
1471
1415
1372
1267
1264
1312
1443
1476
1409
1413
1419
1305
1381
1400
1373
1431
1354
1394
1291
1363
1333
1418
1448
1431
1483
1527
1454
1362
1420
1465
1446
1398
1391
1337
1517
1374
1445
1447
1328
1431
1332
1413
1481
1452
1422
1407
1405
1417
1458
1417
1478
1482
1391
1358
1403
1302
1455
1319
1481
1397
1477
1547
1404
1435
1360
1448
1435
1390
1451
1463
1444
1551
1385
1539
1466
1367
1495
1364
1400
1450
1484
1529
1516
1413
1427
1433
1435
1423
1435
1443
1389
1354
1504
1407
1478
1507
1475
1503
1403
1458
1434
1449
1475
1460
1419
1552
1463
1403
1514
1449
1441
1463
1385
1371
1417
1452
1431
1462
1439
1490
1493
1418
1440
1404
1542
1404
1415
1524
1494
1395
1428
1421
1446
1487
1434
1533
1428
1516
1449
1444
1486
1510
1507
1553
1492
1518
1434
1559
1523
1458
1512
1538
1536
1481
1538
1431
1411
1435
1584
1466
1504
1469
1476
1531
1586
1508
1542
1585
1546
1527
1570
1547
1583
1498
1483
1442
1489
1606
1449
1532
1541
1514
1575
1450
1569
1583
1532
1546
1670
1590
1632
1586
1523
1542
1607
1672
1568
1554
1580
1609
1560
1607
1683
1614
1593
1795
1643
1647
1707
1639
1700
1727
1560
1686
1543
1657
1668
1609
1764
1614
1585
1676
1760
1707
1760
1771
1817
1693
1792
1714
1681
1713
1768
1748
1806
1680
1811
1733
1817
1794
1724
1774
1704
1876
1860
1817
1825
1884
1860
1870
1989
1893
1871
2034
1892
1934
2026
1924
1978
1983
2013
1933
2034
2049
2202
2099
2119
2057
2102
2071
2131
2265
2296
2060
2116
2191
2319
2374
2343
2241
2326
2331
2425
2333
2368
2394
2465
2508
2576
2534
2586
2603
2510
2718
2691
2751
2716
2835
2767
2736
2907
2966
2886
3047
2988
3105
3081
3127
3127
3150
3311
3162
3240
3392
3435
3450
3607
3610
3537
3704
3851
3885
3740
3933
3959
3947
4005
4048
4190
4216
4428
4357
4355
4550
4541
4712
4727
4731
5067
4901
5042
4983
5106
5355
5142
5452
5550
5450
5763
5904
5896
5790
6127
6024
6370
6431
6431
6372
6690
6856
6963
6997
7158
7499
7239
7351
7447
7796
7911
7945
8354
8457
8234
8333
8714
8747
9124
9001
9283
9394
9556
9974
10024
10207
10154
10663
10760
10681
10930
11031
11500
11633
11502
11957
12074
12458
12327
12597
12953
12892
13421
13586
13422
13737
13984
14315
14666
14882
15089
15176
15225
15709
15820
15945
16204
16453
16811
16831
16758
17432
17311
17869
18235
18410
18908
18702
18872
19048
19668
19829
19792
20228
20204
20691
20595
21210
21451
21462
21724
21789
22125
22506
23049
22881
22954
23465
23724
23680
24196
24340
24660
24956
24832
25146
25124
25715
25842
25856
26572
26123
26628
26949
27161
27554
27724
27674
28143
28245
28530
28533
29126
29654
29670
29556
29944
30004
30394
30354
30773
31193
31096
31432
31756
32043
31692
32156
32500
32634
33039
32777
33709
33949
33672
33856
34162
34650
34618
35008
34994
35194
35642
35584
35444
36096
36237
36381
37009
37166
36763
37332
37330
37444
37602
37866
38474
38276
38068
38477
38813
38955
39026
39626
39541
39804
39373
40123
40585
40027
40042
40850
40597
40298
40524
40498
41285
41236
41302
41077
41348
41625
41807
41563
41698
41802
41704
42267
42392
42124
41973
42124
42357
42361
42300
42584
42496
42411
42212
42614
42784
43092
42373
42692
42827
42614
42676
42775
42653
43304
42512
42420
42788
42728
42256
42716
42612
42869
42536
42586
42298
42302
42260
42120
42378
41960
41644
41642
42292
41452
42022
41627
41638
41524
41561
41172
41306
41228
40698
40941
41276
41142
40488
40964
40248
40529
40467
40045
40276
39514
40106
39718
39958
39504
39119
38904
38937
38904
38468
38729
38464
37841
37894
38004
37771
37516
37682
37097
37380
36491
36701
36230
36160
36431
35767
35894
35788
35318
35803
35202
35156
34964
35384
34726
34632
34484
34194
34223
34304
33930
33643
33997
33746
33377
33458
33316
33136
33000
33284
32402
32333
32216
32468
32235
32249
31718
31524
31165
30893
30818
30484
30717
30946
30698
30452
29977
29901
30362
29620
29122
29196
29540
29076
28748
28633
28838
28443
28440
28252
28072
28126
27634
27449
27599
26946
27465
26858
27375
26840
26620
26508
26584
26329
26078
25733
26118
25661
25440
25302
24946
24893
25260
24836
24391
24656
24468
24391
23745
23808
23645
23572
23330
23090
22829
23058
22794
22287
22410
22308
21789
21581
21461
21524
21441
20900
20534
20725
20424
20286
19826
19405
19575
18948
19144
18826
18431
18329
18084
17812
17792
17563
17362
17085
16817
16580
16485
16028
16145
15908
15440
15632
15037
15170
15127
14854
14678
14239
14165
14084
13568
13506
13105
12928
12774
12612
12362
12478
11910
11899
11630
11276
11392
11141
10867
10543
10318
10393
10216
9771
9661
9344
9448
9151
9132
8793
8660
8332
8185
8038
8045
7866
7624
7430
7446
7281
7170
7005
7013
6720
6688
6296
6468
6113
6203
6118
5996
5751
5794
5749
5503
5480
5420
5297
5428
5086
5158
5071
5092
5071
4898
4800
4614
4865
4662
4512
4566
4310
4520
4379
4246
4215
4123
4199
3982
4071
3966
4112
4111
3895
3788
3854
3685
3659
3703
3702
3563
3528
3471
3541
3382
3500
3330
3386
3365
3142
3224
3198
3207
3214
3196
3116
2998
3022
2928
3140
2931
2966
2857
2938
2884
2862
2837
2670
2742
2629
2660
2759
2737
2685
2584
2539
2720
2615
2516
2491
2511
2568
2430
2464
2479
2389
2390
2407
2382
2379
2366
2324
2332
2473
2263
2377
2372
2401
2336
2228
2337
2357
2275
2293
2261
2171
2216
2134
2226
2185
2127
2119
2241
2174
2176
2164
2198
2148
2157
2105
2177
2149
2117
2113
2088
2002
2064
1975
1936
1977
2030
2093
2021
1931
1892
1988
1960
1927
2108
1928
1904
1957
1885
1940
2083
1920
1948
1945
1901
1814
1921
1904
1864
1823
1747
1998
1792
2008
1954
1894
1777
1833
1838
1854
1795
1868
1834
1824
1799
1859
1825
1739
1715
1796
1807
1833
1785
1870
1706
1781
1676
1794
1754
1681
1824
1753
1789
1811
1740
1794
1752
1708
1779
1681
1671
1691
1844
1774
1643
1716
1716
1710
1772
1748
1665
1640
1735
1820
1704
1710
1713
1802
1751
1780
1632
1774
1665
1712
1669
1482
1595
1654
1814
1669
1574
1674
1626
1689
1710
1686
1721
1674
1562
1702
1645
1669
1473
1580
1545
1636
1609
1634
1661
1632
1566
1606
1597
1665
1537
1610
1626
1612
1567
1585
1625
1664
1571
1636
1600
1604
1661
1515
1473
1571
1537
1535
1626
1660
1583
1617
1550
1613
1608
1558
1501
1638
1504
1548
1578
1576
1630
1630
1516
1675
1524
1631
1657
1556
1645
1497
1522
1622
1608
1588
1601
1622
1511
1523
1563
1465
1575
1553
1511
1527
1629
1547
1551
1584
1524
1527
1556
1590
1594
1541
1543
1554
1538
1625
1599
1488
1510
1388
1516
1589
1557
1463
1548
1465
1639
1540
1420
1454
1516
1645
1449
1519
1600
1508
1514
1486
1506
1446
1412
1424
1549
1521
1578
1499
1501
1529
1561
1522
1495
1532
1559
1581
1575
1586
1534
1518
1527
1524
1452
1501
1460
1556
1548
1461
1524
1531
1524
1467
1540
1555
1490
1502
1524
1490
1382
1450
1530
1500
1452
1497
1520
1509
1536
1554
1482
1418
1512
1433
1571
1476
1456
1369
1424
1480
1385
1454
1481
1388
1494
1402
1471
1393
1519
1536
1418
1583
1503
1469
1450
1562
1446
1471
1515
1331
1461
1501
1482
1318
1463
1447
1457
1404
1511
1407
1434
1467
1446
1455
1496
1463
1483
1521
1519
1421
1444
1449
1445
1474
1511
1449
1408
1403
1398
1495
1346
1488
1418
1480
1546
1503
1420
1581
1425
1451
1465
1351
1485
1361
1464
1323
1359
1442
1408
1420
1411
1416
1388
1424
1455
1466
1464
1477
1498
1487
1417
1579
1471
1520
1461
1518
1396
1371
1362
1414
1385
1420
1379
1469
1416
1392
1493
1523
1490
1409
1363
1327
1504
1447
1544
1413
1394
1346
1438
1474
1383
1477
1517
1472
1356
1547
1463
1386
1393
1396
1401
1485
1354
1408
1480
1397
1384
1351
1379
1384
1422
1448
1433
1444
1382
1381
1366
1456
1415
1403
1431
1401
1365
1370
1507
1506
1480
1453
1519
1391
1367
1399
1409
1411
1363
1441
1380
1386
1405
1402
1460
1361
1423
1326
1477
1406
1391
1476
1403
1374
1324
1414
1470
1414
1405
1481
1396
1417
1420
1374
1462
1282
1447
1365
1452
1414
1508
1522
1396
1477
1507
1333
1365
1464
1407
1495
1412
1414
1451
1448
1382
1339
1423
1353
1402
1420
1500
1405
1359
1373
1334
1359
1290
1463
1393
1347
1441
1365
1377
1357
1357
1437
1387
1461
1413
1403
1406
1338
1401
1359
1383
1461
1309
1377
1436
1435
1450
1456
1346
1361
1478
1483
1428
1373
1344
1368
1415
1412
1307
1379
1341
1374
1323
1430
1372
1438
1328
1402
1407
1316
1353
1426
1432
1315
1286
1204
1379
1378
1355
1366
1400
1419
1396
1320
1407
1394
1514
1459
1413
1439
1455
1471
1379
1446
1404
1334
1264
1408
1385
1367
1410
1355
1332
1428
1315
1413
1415
1234
1386
1391
1238
1481
1416
1430
1389
1434
1394
1460
1362
1411
1334
1335
1424
1388
1470
1396
1384
1305
1392
1355
1383
1382
1425
1370
1391
1431
1375
1243
1372
1418
1412
1326
1395
1448
1391
1438
1323
1458
1371
1382
1388
1404
1342
1423
1366
1364
1362
1454
1390
1408
1370
1386
1272
1355
1395
1312
1306
1379
1362
1458
1356
1403
1362
1333
1452
1361
1379
1398
1371
1402
1351
1357
1457
1465
1298
1427
1463
1356
1324
1418
1415
1349
1399
1346
1377
1418
1329
1337
1349
1340
1370
1361
1512
1364
1484
1415
1391
1370
1418
1416
1407
1460
1458
1326
1287
1373
1265
1398
1406
1320
1429
1367
1300
1424
1398
1441
1453
1446
1477
1330
1208
1354
1283
1366
1421
1308
1384
1428
1440
1393
1472
1315
1401
1468
1388
1532
1426
1333
1360
1309
1357
1393
1447
1345
1477
1408
1369
1475
1389
1560
1409
1381
1465
1369
1443
1457
1403
1372
1446
1377
1388
1364
1299
1255
1374
1397
1381
1376
1361
1401
1453
1379
1450
1500
1361
1490
1367
1327
1447
1367
1288
1399
1314
1442
1316
1276
1327
1318
1394
1364
1312
1345
1476
1390
1421
1399
1441
1416
1347
1429
1496
1352
1258
1335
1351
1456
1329
1373
1344
1357
1408
1295
1388
1443
1332
1391
1357
1439
1467
1433
1328
1318
1414
1455
1307
1407
1479
1348
1382
1467
1421
1409
1396
1351
1441
1322
1456
1434
1393
1417
1406
1445
1395
1394
1358
1365
1326
1423
1234
1463
1409
1384
1329
1365
1436
1361
1330
1341
1386
1318
1427
1210
1377
1414
1355
1476
1447
1487
1453
1435
1354
1371
1450
1381
1294
1379
1377
1324
1346
1441
1340
1488
1370
1434
1301
1425
1343
1407
1389
1342
1433
1367
1363
1408
1310
1325
1331
1362
1312
1416
1416
1381
1343
1446
1319
1398
1302
1446
1375
1366
1452
1370
1482
1238
1271
1433
1441
1339
1426
1383
1399
1365
1323
1421
1403
1424
1396
1371
1388
1364
1483
1301
1303
1398
1545
1470
1375
1391
1302
1509
1365
1335
1467
1337
1414
1211
1248
1318
1342
1377
1474
1394
1451
1429
1389
1411
1383
1521
1388
1362
1394
1307
1416
1411
1365
1287
1263
1394
1381
1352
1413
1384
1498
1418
1398
1380
1419
1356
1393
1334
1359
1484
1417
1303
1249
1398
1334
1335
1341
1415
1385
1336
1274
1386
1403
1373
1341
1374
1308
1238
1295
1306
1443
1320
1349
1311
1370
1297
1274
1476
1335
1349
1413
1364
1303
1374
1347
1340
1255
1356
1312
1322
1360
1312
1293
1318
1220
1416
1373
1321
1298
1280
1316
1412
1332
1306
1398
1287
1310
1264
1359
1254
1234
1319
1283
1349
1271
1355
1391
1247
1434
1289
1275
1333
1448
1341
1376
1308
1255
1366
1450
1307
1316
1426
1358
1341
1301
1275
1304
1361
1438
1222
1356
1247
1293
1345
1352
1174
1350
1413
1427
1342
1363
1367
1405
1334
1333
1303
1294
1362
1347
1382
1372
1390
1273
1406
1364
1283
1252
1373
1305
1269
1362
1330
1279
1390
1304
1373
1304
1304
1416
1237
1410
1335
1386
1370
1366
1408
1334
1270
1352
1306
1368
1388
1268
1257
1351
1333
1344
1270
1356
1282
1280
1327
1321
1300
1164
1407
1296
1285
1265
1185
1272
1300
1285
1406
1303
1370
1412
1371
1320
1397
1381
1298
1313
1302
1363
1327
1300
1264
1306
1229
1282
1316
1316
1307
1281
1295
1440
1336
1371
1293
1267
1251
1369
1333
1295
1290
1316
1217
1339
1282
1221
1238
1279
1239
1343
1344
1338
1251
1262
1315
1290
1188
1359
1264
1257
1364
1216
1271
1267
1308
1356
1312
1381
1242
1259
1271
1297
1261
1305
1346
1346
1304
1244
1404
1230
1264
1363
1325
1283
1278
1344
1291
1287
1256
1319
1230
1329
1323
1333
1243
1350
1352
1299
1281
1263
1407
1203
1359
1258
1245
1312
1256
1227
1358
1237
1247
1285
1344
1246
1277
1257
1310
1177
1220
1249
1418
1253
1184
1296
1297
1247
1233
1237
1188
1237
1254
1258
1373
1304
1183
1302
1330
1266
1292
1400
1220
1310
1246
1242
1285
1276
1346
1253
1268
1222
1414
1367
1253
1391
1252
1297
1373
1179
1190
1324
1283
1335
1302
1296
1281
1273
1338
1330
1231
1329
1343
1321
1205
1188
1337
1343
1372
1223
1331
1394
1245
1270
1307
1202
1253
1130
1239
1270
1260
1232
1180
1362
1339
1339
1344
1199
1271
1249
1238
1219
1236
1247
1143
1331
1225
1175
1218
1173
1314
1222
1332
1260
1296
1307
1248
1344
1276
1178
1313
1348
1355
1259
1185
1264
1287
1254
1225
1236
1232
1261
1304
1263
1259
1241
1274
1210
1228
1291
1233
1211
1208
1083
1210
1313
1118
1275
1282
1283
1296
1267
1255
1261
1246
1271
1186
1264
1258
1320
1253
1281
1206
1272
1298
1193
1190
1316
1328
1319
1319
1264
1335
1334
1192
1224
1177
1298
1249
1096
1194
1177
1215
1251
1266
1199
1190
1136
1206
1319
1178
1301
1244
1312
1336
1252
1225
1223
1281
1176
1242
1366
1198
1320
1214
1176
1276
1214
1230
1285
1125
1160
1242
1260
1135
1179
1154
1166
1338
1243
1194
1194
1186
1174
1142
1219
1226
1263
1242
1189
1257
1270
1326
1208
1093
1212
1259
1167
1182
1158
1082
1114
1251
1134
1281
1171
1190
1216
1182
1172
1257
1185
1315
1122
1127
1244
1123
1124
1163
1122
1266
1233
1119
1288
1245
1263
1196
1186
1262
1261
1299
1181
1238
1148
1131
1310
1199
1266
1263
1128
1233
1280
1227
1202
1226
1235
1268
1168
1342
1203
1204
1092
1329
1180
1192
1226
1185
1311
1215
1313
1212
1254
1260
1298
1205
1195
1233
1141
1257
1172
1246
1190
1146
1260
1232
1176
1336
1260
1322
1079
1293
1201
1107
1274
1261
1208
1261
1211
1167
1254
1198
1271
1186
1233
1310
1162
1131
1206
1138
1239
1224
1208
1245
1147
1176
1217
1231
1140
1174
1138
1274
1209
1227
1160
1264
1250
1285
1241
1194
1171
1176
1231
1288
1209
1282
1150
1151
1324
1272
1109
1208
1232
1142
1249
1219
1214
1161
1254
1113
1161
1316
1220
1164
1336
1301
1270
1242
1242
1245
1213
1350
1176
1250
1277
1111
1139
1241
1212
1333
1258
1244
1217
1192
1201
1229
1256
1262
1281
1297
1224
1219
1257
1108
1226
1121
1271
1260
1195
1224
1306
1214
1212
1161
1241
1224
1294
1246
1204
1252
1319
1259
1161
1175
1121
1212
1136
1197
1316
1242
1166
1184
1176
1159
1185
1171
1179
1209
1134
1269
1154
1241
1140
1132
1172
1281
1239
1223
1228
1301
1178
1216
1210
1276
1268
1214
1155
1161
1230
1217
1183
1248
1146
1206
1181
1245
1162
1265
1304
1287
1296
1175
1185
1212
1176
1247
1211
1189
1186
1198
1221
1102
1287
1174
1203
1189
1283
1208
1133
1252
1300
1175
1176
1271
1176
1234
1254
1222
1225
1210
1157
1233
1219
1169
1286
1253
1235
1294
1265
1253
1240
1306
1248
1296
1211
1206
1142
1237
1237
1245
1261
1220
1181
1216
1282
1255
1263
1254
1271
1226
1218
1206
1175
1220
1185
1235
1137
1212
1237
1298
1262
1130
1165
1258
1318
1243
1267
1227
1235
1210
1105
1216
1205
1187
1242
1131
1186
1253
1227
1283
1167
1279
1257
1374
1245
1133
1252
1245
1270
1223
1149
1157
1306
1223
1231
1221
1242
1258
1211
1250
1288
1253
1282
1363
1270
1081
1150
1147
1205
1311
1200
1200
1246
1190
1226
1229
1344
1138
1146
1241
1231
1182
1166
1176
1347
1201
1207
1206
1208
1248
1334
1149
1326
1163
1305
1301
1204
1417
1208
1202
1135
1192
1230
1234
1227
1253
1073
1210
1265
1202
1206
1251
1313
1241
1183
1235
1191
1216
1252
1263
1182
1218
1110
1180
1159
1189
1156
1162
1269
1188
1237
1177
1278
1307
1285
1219
1210
1297
1121
1110
1260
1242
1241
1180
1234
1293
1127
1303
1232
1092
1261
1303
1211
1138
1125
1194
1372
1172
1214
1241
1168
1131
1164
1316
1219
1158
1243
1165
1285
1193
1161
1181
1256
1227
1293
1113
1173
1218
1187
1283
1247
1235
1324
1260
1241
1292
1160
1237
1209
1198
1118
1200
1185
1222
1235
1299
1151
1229
1217
1270
1270
1276
1278
1270
1244
1277
1255
1238
1247
1255
1224
1200
1177
1214
1269
1138
1122
1231
1271
1180
1309
1277
1129
1233
1325
1133
1280
1258
1354
1246
1272
1292
1318
1198
1205
1209
1200
1221
1128
1177
1150
1247
1194
1320
1202
1238
1222
1310
1223
1263
1218
1237
1159
1235
1206
1195
1165
1166
1286
1225
1218
1182
1210
1165
1282
1242
1167
1216
1296
1288
1174
1294
1118
1289
1191
1160
1209
1332
1136
1204
1187
1167
1133
1214
1325
1302
1205
1201
1138
1186
1217
1210
1204
1233
1321
1183
1194
1265
1264
1181
1180
