1284
1182
1274
1266
1211
1249
1247
1371
1319
1191
1140
1193
1313
1216
1205
1241
1245
1293
1274
1186
1210
1266
1090
1220
1162
1156
1309
1377
1205
1235
1184
1134
1170
1270
1198
1214
1310
1188
1232
1259
1216
1217
1336
1238
1307
1249
1254
1218
1278
1186
1191
1234
1208
1228
1180
1311
1193
1231
1213
1187
1303
1184
1212
1229
1173
1198
1225
1181
1243
1227
1306
1267
1289
1265
1178
1286
1193
1189
1156
1277
1227
1288
1188
1255
1145
1197
1241
1240
1267
1175
1261
1202
1211
1228
1145
1260
1173
1181
1241
1305
1233
1343
1255
1268
1286
1185
1286
1184
1272
1196
1152
1172
1123
1200
1159
1245
1188
1274
1287
1191
1162
1291
1198
1241
1278
1238
1299
1228
1259
1310
1175
1277
1325
1225
1313
1153
1183
1196
1283
1202
1133
1188
1251
1174
1238
1299
1290
1288
1237
1186
1276
1250
1255
1246
1339
1256
1141
1195
1185
1257
1233
1205
1154
1269
1274
1274
1161
1283
1226
1246
1189
1181
1257
1178
1185
1195
1277
1143
1336
1183
1248
1227
1206
1252
1240
1216
1255
1313
1270
1174
1275
1216
1257
1169
1099
1161
1314
1162
1263
1253
1256
1294
1235
1275
1256
1244
1141
1315
1215
1289
1256
1312
1237
1269
1211
1239
1226
1228
1216
1229
1172
1186
1236
1256
1307
1313
1186
1281
1230
1279
1306
1314
1312
1193
1196
1318
1376
1307
1294
1195
1174
1258
1145
1128
1272
1220
1318
1268
1300
1318
1315
1271
1231
1218
1183
1308
1211
1316
1218
1169
1263
1371
1238
1220
1213
1304
1212
1232
1253
1185
1150
1261
1254
1263
1261
1252
1316
1301
1224
1220
1194
1224
1277
1304
1224
1192
1277
1267
1280
1292
1203
1319
1278
1338
1203
1230
1264
1293
1283
1277
1181
1322
1211
1275
1293
1300
1274
1330
1298
1252
1228
1239
1276
1382
1205
1313
1161
1321
1271
1295
1295
1163
1181
1229
1285
1313
1211
1247
1382
1297
1330
1304
1202
1274
1291
1259
1243
1235
1384
1286
1236
1307
1235
1268
1269
1226
1341
1268
1269
1262
1227
1202
1297
1252
1272
1275
1355
1333
1296
1243
1283
1298
1245
1293
1270
1228
1268
1253
1288
1216
1292
1251
1310
1324
1249
1267
1366
1300
1341
1207
1211
1311
1243
1306
1284
1232
1293
1275
1333
1151
1318
1243
1296
1197
1342
1211
1273
1254
1303
1258
1187
1265
1259
1190
1261
1146
1320
1186
1243
1314
1373
1293
1236
1269
1401
1366
1248
1327
1299
1285
1265
1237
1376
1303
1300
1319
1297
1206
1193
1224
1216
1329
1151
1334
1372
1185
1352
1265
1275
1316
1303
1266
1290
1336
1236
1316
1331
1324
1272
1214
1263
1275
1251
1305
1193
1412
1356
1204
1379
1206
1255
1271
1155
1186
1208
1258
1334
1251
1276
1285
1300
1316
1136
1529
1322
1278
1307
1257
1254
1290
1263
1286
1311
1319
1212
1188
1244
1325
1314
1234
1139
1224
1314
1257
1370
1253
1175
1279
1226
1216
1338
1301
1292
1355
1365
1345
1311
1367
1234
1205
1261
1358
1313
1267
1312
1355
1281
1238
1314
1307
1387
1377
1218
1303
1333
1283
1376
1343
1272
1313
1307
1352
1277
1313
1351
1348
1436
1368
1357
1211
1375
1302
1332
1248
1362
1299
1309
1285
1329
1308
1439
1313
1395
1401
1409
1268
1383
1415
1344
1287
1330
1335
1385
1399
1339
1259
1372
1380
1347
1383
1310
1276
1321
1397
1323
1406
1280
1304
1272
1311
1395
1358
1372
1364
1420
1377
1374
1369
1479
1387
1283
1348
1442
1374
1308
1263
1402
1349
1277
1399
1410
1263
1337
1344
1348
1473
1436
1268
1272
1340
1363
1341
1289
1375
1242
1343
1225
1372
1466
1333
1340
1406
1459
1371
1416
1328
1301
1380
1376
1214
1349
1468
1317
1430
1371
1371
1360
1358
1402
1341
1416
1347
1274
1299
1261
1401
1386
1453
1262
1333
1349
1318
1389
1359
1341
1326
1350
1382
1381
1445
1396
1378
1403
1343
1319
1309
1379
1430
1384
1383
1368
1369
1390
1399
1447
1413
1360
1340
1296
1431
1319
1357
1409
1331
1365
1342
1343
1324
1457
1397
1302
1387
1408
1389
1381
1429
1411
1433
1358
1382
1485
1316
1324
1385
1398
1346
1360
1426
1406
1433
1407
1400
1439
1282
1508
1405
1337
1380
1369
1412
1446
1373
1385
1286
1395
1337
1392
1347
1406
1416
1423
1411
1367
1396
1413
1486
1380
1415
1379
1372
1379
1442
1576
1367
1489
1535
1448
1436
1511
1431
1354
1515
1511
1462
1410
1377
1421
1386
1448
1371
1454
1445
1418
1412
1452
1449
1493
1447
1338
1501
1514
1407
1495
1493
1515
1501
1436
1495
1419
1333
1406
1358
1540
1423
1485
1535
1401
1440
1507
1512
1549
1433
1520
1383
1472
1525
1470
1418
1421
1435
1478
1436
1468
1495
1432
1492
1378
1466
1511
1488
1499
1522
1442
1521
1448
1509
1480
1455
1596
1400
1519
1410
1578
1533
1511
1560
1488
1551
1510
1526
1470
1491
1466
1503
1507
1443
1598
1487
1449
1536
1542
1527
1460
1512
1520
1551
1527
1573
1496
1489
1611
1571
1642
1658
1611
1581
1543
1597
1503
1590
1635
1606
1630
1600
1526
1563
1674
1571
1657
1643
1669
1545
1662
1604
1607
1615
1713
1706
1570
1653
1637
1633
1647
1720
1687
1769
1632
1623
1648
1721
1644
1596
1684
1708
1780
1691
1625
1626
1710
1755
1647
1802
1746
1757
1699
1769
1773
1807
1787
1720
1829
1855
1819
1743
1816
1691
1802
1968
1896
1933
1879
1770
1908
1876
1892
1894
1996
2055
2081
1946
1979
1876
2039
2000
2035
2009
2092
2033
2035
2144
2054
2168
2146
2245
2173
2256
2333
2334
2299
2300
2309
2270
2321
2235
2366
2402
2455
2443
2477
2469
2542
2662
2536
2557
2569
2618
2589
2785
2660
2861
2652
2793
2965
2993
2984
3029
3111
3068
3080
3229
3034
3175
3155
3287
3438
3535
3495
3528
3482
3644
3655
3666
3824
3774
3808
3948
3956
3709
4107
4296
4194
4166
4319
4279
4497
4540
4523
4672
4712
4836
4783
4898
4972
5080
5182
5046
5428
5461
5504
5613
5586
5681
5985
5815
6014
6111
6271
6350
6436
6462
6490
6710
6754
6777
7115
7134
7390
7338
7345
7778
7591
7907
8006
8119
8079
8475
8667
8835
8805
9037
9267
9262
9463
9457
9761
9967
9985
10385
10558
10503
10768
10852
11225
11361
11416
11529
11702
12031
12211
12346
12570
12521
12944
13021
13533
13444
13531
13697
14156
14529
14528
15076
14848
15228
15385
15632
15823
16006
16281
16519
16801
16904
17165
17328
17846
17928
17964
18028
18452
18668
18901
19310
19232
19482
19872
20055
20251
20482
20786
20805
21095
21433
21570
21681
22132
22125
22463
23131
22732
23124
23232
23381
23976
23668
24303
24429
24360
25269
25250
25005
25220
25621
26228
26213
26330
26836
27085
26855
27108
27444
27637
27571
27704
28551
28532
28772
28910
28892
29140
29387
29597
29588
30477
30176
30778
30767
31280
31468
31606
31774
32296
32440
32521
32650
33069
33124
32941
33080
33424
33581
34182
34516
34541
34840
35048
35097
35229
35388
35668
35752
35878
35764
36992
36379
36480
36818
36925
37540
37481
37316
37816
38064
38016
38551
38291
38443
39113
38772
39180
38623
39092
39147
38917
39546
39786
39322
39526
39887
40106
40192
39933
39828
39788
40602
40754
40379
40694
40390
40746
41433
40964
40916
41477
41258
41402
41367
41176
41710
41515
41429
41216
41248
40932
41562
41876
41620
41391
41216
41604
41240
41362
41682
41268
41398
41420
41360
41526
41094
41332
41008
40927
41506
41049
40927
41264
40692
40565
40660
40500
40696
40472
40276
40004
40532
40436
40413
39837
40203
39800
39884
39444
39883
39654
39546
39335
39434
38958
39098
39014
38548
38677
38685
38556
38276
38370
37868
37442
38046
37428
37254
37528
37252
36352
36461
36652
36372
36379
36288
36141
35968
35330
35562
35611
35364
35436
35220
34714
34540
34422
34538
34185
33902
33768
33832
33956
33262
33805
33146
32952
33004
32946
32653
32923
32568
32634
32300
32802
32342
31798
31963
31483
31500
31339
31380
31392
31141
30708
30496
30455
30212
30029
30194
30114
29768
29764
29252
29341
29371
28778
28869
28616
28566
28084
28108
28023
28078
28110
27710
27856
27367
27497
27181
27258
27074
26813
26372
26573
26457
26304
25949
25959
25682
25709
25556
25556
25349
25245
25326
25102
24683
24756
24622
24128
24501
24031
23848
23979
23733
23423
23236
23040
23035
22726
22682
22585
22460
22135
22109
21911
21583
21276
21380
20996
20685
20688
20736
20252
19925
19797
19128
19122
19029
18780
18414
18670
18432
18180
17773
17341
17222
16972
16749
16731
16491
15904
16014
15769
15884
15442
15246
14994
14884
14594
14638
14234
14264
13928
13852
13610
13413
12986
13026
12683
12425
12522
12039
11918
11908
11407
11426
11122
10811
10646
10500
10293
10080
9878
9867
9578
9594
9190
9113
8955
8510
8665
8228
8174
8206
7964
7866
7714
7563
7320
7296
7084
6793
6988
6668
6490
6565
6657
6207
6310
6040
5898
5992
5916
5614
5675
5547
5332
5436
5398
5204
4907
5015
5109
4834
4786
4932
4798
4772
4813
4742
4567
4334
4463
4421
4273
4176
4281
4118
3958
4141
4015
3895
3905
3792
3756
3867
3675
3657
3623
3518
3593
3563
3528
3552
3435
3351
3375
3213
3356
3232
3288
3317
3125
3243
3004
3130
3118
2945
3051
2878
2907
2964
2861
2879
2823
2956
2906
2757
2615
2810
2671
2739
2680
2677
2616
2658
2577
2680
2634
2521
2459
2461
2490
2392
2561
2558
2587
2442
2432
2359
2486
2257
2407
2372
2328
2276
2277
2189
2370
2087
2322
2279
2262
2246
2208
2233
2202
2217
2306
2200
2194
2037
2255
2101
2158
2105
2075
2045
2147
1979
2137
1983
2094
2001
2074
2006
2109
2021
2032
2081
2057
2059
2092
2000
1951
2130
1969
2017
1933
2036
1944
1944
1880
1863
1946
1991
1939
1801
2024
1914
1868
1852
1851
1894
1822
1776
1898
1763
1736
1845
1848
1919
1841
1772
1806
1742
1852
1754
1770
1846
1880
1719
1825
1887
1763
1790
1936
1859
1776
1679
1818
1696
1765
1834
1751
1788
1826
1826
1766
1763
1610
1736
1777
1814
1720
1712
1730
1704
1714
1726
1687
1672
1792
1780
1769
1671
1798
1638
1756
1775
1768
1565
1615
1577
1692
1691
1648
1731
1700
1710
1677
1676
1675
1640
1691
1629
1679
1563
1682
1750
1609
1627
1637
1659
1501
1637
1664
1649
1594
1632
1626
1611
1684
1607
1672
1647
1676
1673
1749
1626
1638
1521
1504
1675
1591
1630
1512
1671
1540
1582
1703
1511
1622
1547
1597
1536
1578
1625
1606
1563
1564
1492
1591
1617
1515
1606
1626
1570
1641
1568
1634
1501
1585
1612
1522
1613
1661
1601
1584
1537
1646
1564
1546
1560
1705
1452
1622
1644
1507
1590
1423
1581
1576
1500
1448
1590
1485
1555
1586
1510
1553
1534
1554
1493
1473
1538
1473
1426
1614
1561
1537
1559
1536
1549
1480
1565
1589
1597
1469
1583
1447
1502
1635
1499
1580
1436
1582
1497
1614
1447
1583
1521
1529
1499
1505
1441
1556
1480
1441
1497
1481
1523
1617
1482
1417
1499
1475
1439
1453
1527
1522
1484
1504
1515
1426
1513
1551
1478
1356
1464
1473
1528
1491
1360
1543
1529
1428
1461
1496
1493
1478
1456
1570
1475
1452
1459
1526
1437
1496
1431
1372
1536
1415
1521
1562
1538
1327
1493
1546
1554
1488
1443
1517
1521
1527
1412
1456
1347
1476
1431
1420
1483
1424
1553
1439
1417
1476
1522
1433
1478
1433
1530
1598
1435
1512
1517
1461
1455
1442
1436
1432
1400
1411
1598
1419
1451
1354
1457
1467
1513
1395
1519
1412
1498
1415
1557
1387
1496
1414
1451
1437
1438
1450
1462
1460
1426
1491
1508
1439
1376
1448
1356
1479
1427
1373
1459
1486
1360
1579
1436
1362
1385
1394
1382
1469
1484
1459
1394
1456
1482
1421
1506
1386
1345
1434
1502
1377
1451
1500
1453
1447
1510
1477
1426
1380
1411
1344
1460
1399
1404
1448
1440
1361
1460
1552
1327
1521
1440
1465
1403
1504
1401
1511
1480
1353
1410
1431
1454
1343
1595
1518
1347
1371
1404
1391
1419
1478
1476
1340
1309
1295
1290
1408
1273
1434
1415
1446
1364
1445
1420
1433
1416
1325
1485
1469
1367
1354
1318
1510
1389
1378
1353
1362
1458
1418
1477
1413
1462
1339
1381
1395
1288
1430
1485
1402
1426
1407
1468
1432
1445
1377
1461
1441
1349
1307
1379
1425
1404
1436
1368
1399
1446
1387
1487
1458
1341
1265
1369
1418
1366
1364
1408
1291
1343
1460
1422
1390
1353
1396
1468
1469
1340
1439
1325
1504
1350
1407
1336
1348
1337
1318
1435
1420
1346
1473
1334
1434
1445
1381
1486
1468
1405
1365
1482
1399
1422
1486
1390
1327
1382
1399
1485
1459
1451
1521
1349
1483
1436
1474
1441
1378
1398
1517
1353
1436
1297
1462
1371
1342
1354
1367
1460
1500
1433
1351
1404
1382
1327
1326
1289
1377
1297
1386
1374
1423
1412
1310
1400
1447
1389
1499
1430
1438
1397
1412
1449
1306
1416
1363
1453
1413
1500
1478
1373
1448
1389
1287
1335
1418
1473
1514
1422
1437
1417
1381
1416
1495
1482
1352
1377
1390
1417
1399
1437
1330
1371
1463
1335
1362
1415
1449
1415
1416
1308
1403
1485
1475
1371
1364
1431
1418
1461
1392
1392
1389
1391
1342
1418
1351
1263
1391
1347
1435
1355
1339
1439
1453
1467
1389
1461
1437
1492
1339
1370
1355
1447
1466
1435
1363
1312
1360
1391
1417
1442
1325
1383
1364
1346
1320
1370
1377
1344
1319
1316
1402
1290
1347
1362
1427
1495
1264
1383
1447
1391
1244
1376
1431
1337
1395
1354
1475
1445
1399
1409
1404
1394
1433
1430
1352
1310
1405
1336
1367
1341
1349
1401
1326
1446
1396
1352
1404
1431
1434
1387
1427
1301
1387
1268
1520
1373
1415
1370
1302
1424
1384
1458
1330
1458
1352
1487
1447
1371
1300
1459
1400
1262
1389
1477
1487
1328
1364
1335
1526
1381
1424
1400
1437
1464
1410
1355
1423
1350
1353
1408
1433
1388
1397
1307
1325
1427
1332
1386
1396
1329
1459
1379
1472
1423
1383
1401
1437
1416
1391
1417
1385
1348
1352
1322
1420
1350
1381
1399
1347
1336
1350
1437
1389
1319
1383
1404
1313
1301
1385
1356
1360
1325
1341
1328
1445
1348
1420
1338
1373
1449
1394
1360
1420
1395
1428
1430
1448
1423
1321
1393
1371
1377
1320
1429
1327
1331
1365
1408
1333
1326
1382
1394
1406
1448
1423
1422
1337
1449
1307
1284
1442
1289
1368
1309
1440
1361
1360
1406
1417
1412
1358
1458
1490
1350
1396
1451
1413
1393
1365
1310
1315
1355
1463
1430
1379
1338
1393
1412
1430
1403
1386
1397
1446
1404
1442
1342
1338
1334
1301
1340
1393
1349
1418
1411
1509
1437
1538
1441
1366
1445
1371
1362
1366
1317
1365
1407
1469
1364
1374
1375
1352
1452
1443
1411
1384
1451
1322
1381
1407
1435
1438
1377
1386
1361
1271
1365
1447
1282
1399
1475
1405
1287
1364
1405
1337
1364
1428
1434
1443
1471
1341
1366
1341
1377
1465
1301
1332
1431
1320
1346
1350
1272
1280
1412
1383
1378
1569
1344
1315
1460
1407
1434
1391
1340
1363
1277
1434
1428
1352
1418
1448
1377
1237
1337
1436
1396
1376
1376
1306
1471
1344
1385
1337
1357
1409
1330
1413
1278
1364
1326
1340
1389
1439
1377
1391
1338
1405
1368
1369
1235
1381
1453
1401
1355
1363
1336
1379
1404
1338
1291
1380
1358
1403
1268
1324
1412
1407
1328
1404
1435
1457
1255
1290
1372
1360
1340
1334
1274
1404
1300
1269
1328
1334
1447
1313
1332
1390
1364
1414
1320
1318
1363
1344
1422
1303
1367
1371
1368
1343
1419
1316
1294
1353
1258
1323
1419
1299
1315
1325
1284
1285
1372
1361
1333
1322
1324
1397
1320
1338
1366
1328
1341
1279
1354
1271
1360
1317
1354
1335
1267
1379
1326
1286
1320
1426
1314
1283
1363
1349
1324
1347
1365
1323
1273
1325
1278
1391
1197
1351
1387
1286
1345
1428
1359
1351
1406
1360
1373
1287
1353
1330
1397
1452
1281
1414
1292
1372
1374
1296
1347
1347
1242
1389
1359
1492
1363
1397
1238
1321
1221
1277
1362
1385
1364
1365
1486
1348
1275
1361
1329
1301
1284
1386
1314
1282
1343
1306
1307
1297
1332
1434
1295
1331
1225
1356
1295
1287
1204
1264
1314
1278
1378
1385
1304
1183
1422
1294
1296
1368
1361
1342
1350
1327
1296
1402
1244
1299
1263
1357
1407
1410
1298
1295
1311
1294
1228
1290
1297
1246
1251
1226
1266
1271
1276
1302
1303
1234
1233
1343
1242
1281
1278
1353
1271
1297
1249
1229
1339
1347
1308
1321
1354
1345
1362
1349
1303
1238
1412
1270
1390
1197
1280
1323
1295
1280
1332
1324
1357
1281
1323
1307
1345
1247
1264
1316
1350
1312
1242
1338
1227
1187
1267
1313
1182
1238
1342
1363
1295
1358
1264
1310
1334
1276
1321
1289
1310
1376
1240
1260
1255
1332
1396
1384
1259
1338
1377
1304
1355
1369
1338
1369
1334
1282
1294
1346
1368
1276
1257
1272
1179
1127
1283
1201
1324
1321
1362
1300
1355
1350
1320
1270
1292
1352
1256
1169
1351
1315
1348
1340
1147
1281
1243
1303
1247
1304
1296
1262
1233
1318
1309
1332
1263
1351
1352
1279
1239
1360
1294
1289
1340
1238
1271
1409
1284
1267
1185
1278
1287
1224
1225
1278
1297
1312
1241
1305
1389
1268
1236
1266
1214
1370
1291
1214
1323
1246
1290
1246
1302
1256
1365
1244
1292
1333
1301
1243
1371
1348
1265
1266
1241
1146
1274
1216
1255
1307
1149
1217
1227
1175
1341
1278
1330
1384
1222
1292
1219
1351
1299
1327
1197
1202
1327
1236
1187
1288
1254
1314
1297
1291
1294
1245
1289
1248
1184
1225
1166
1294
1308
1149
1279
1218
1291
1319
1188
1198
1285
1205
1256
1208
1288
1221
1241
1211
1179
1303
1282
1359
1303
1348
1256
1300
1240
1220
1280
1279
1142
1194
1257
1282
1300
1264
1214
1266
1252
1221
1361
1331
1309
1226
1263
1287
1164
1278
1359
1250
1245
1225
1213
1183
1185
1249
1162
1336
1190
1309
1232
1239
1297
1228
1234
1271
1203
1227
1205
1210
1156
1347
1316
1294
1281
1267
1278
1247
1322
1275
1211
1223
1262
1305
1232
1211
1318
1174
1289
1194
1293
1124
1289
1140
1234
1265
1256
1326
1278
1273
1179
1241
1198
1193
1210
1150
1233
1145
1239
1159
1110
1149
1252
1204
1258
1323
1201
1253
1228
1234
1225
1242
1209
1163
1201
1129
1205
1165
1143
1213
1225
1222
1216
1207
1232
1191
1186
1131
1212
1163
1221
1173
1260
1180
1271
1213
1224
1217
1199
1275
1213
1335
1229
1208
1310
1255
1178
1286
1252
1269
1195
1309
1229
1154
1178
1245
1220
1212
1248
1207
1174
1291
1175
1256
1249
1191
1234
1187
1304
1221
1196
1142
1256
1222
1131
1233
1277
1375
1302
1267
1242
1263
1200
1255
1215
1159
1233
1187
1177
1235
1295
1240
1234
1171
1176
1260
1247
1212
1261
1207
1205
1177
1206
1272
1361
1265
1244
1217
1204
1283
1325
1284
1233
1315
1289
1217
1157
1253
1246
1205
1225
1189
1160
1178
1217
1280
1205
1193
1213
1177
1286
1271
1233
1207
1212
1184
1229
1191
1314
1232
1301
1245
1260
1241
1277
1294
1145
1175
1206
1153
1088
1150
1223
1220
1249
1242
1238
1206
1234
1250
1317
1309
1210
1203
1247
1229
1288
1181
1189
1082
1194
1133
1169
1296
1286
1402
1260
1258
1211
1248
1277
1203
1301
1232
1128
1112
1239
1175
1258
1173
1244
1164
1159
1168
1223
1231
1259
1266
1213
1254
1226
1280
1207
1236
1184
1266
1169
1232
1218
1247
1238
1227
1216
1253
1213
1300
1250
1284
1217
1236
1186
1310
1282
1200
1177
1272
1160
1195
1265
1168
1160
1246
1206
1087
1271
1270
1242
1192
1278
1264
1232
1204
1185
1288
1182
1170
1197
1126
1249
1173
1217
1258
1262
1155
1282
1239
1222
1088
1139
1261
1259
1267
1232
1227
1254
1238
1255
1210
1171
1139
1175
1148
1238
1180
1260
1201
1163
1239
1230
1119
1276
1191
1189
1281
1194
1234
1264
1213
1305
1201
1172
1178
1240
1229
1144
1191
1235
1291
1243
1257
1127
1182
1239
1218
1295
1254
1188
1198
1293
1296
1205
1253
1170
1212
1171
1163
1248
1274
1242
1230
1281
1146
1225
1258
1197
1205
1229
1243
1265
1231
1230
1280
1306
1162
1160
1179
1236
1219
1268
1288
1304
1247
1258
1304
1198
1271
1284
1216
1094
1124
1299
1248
1184
1257
1125
1305
1204
1297
1242
1159
1201
1198
1247
1178
1291
1265
1211
1198
1193
1152
1206
1185
1225
1143
1184
1229
1309
1280
1195
1234
1167
1167
1117
1194
1216
1237
1230
1256
1218
1157
1268
1128
1267
1231
1208
1172
1197
1257
1203
1156
1210
1358
1186
1246
1153
1221
1119
1371
1113
1167
1208
1251
1143
1189
1286
1263
1190
1336
1098
1189
1288
1213
1242
1165
1269
1233
1181
1259
1188
1215
1247
1315
1245
1169
1165
1181
1118
1251
1150
1173
1169
1139
1283
1213
1275
1185
1175
1229
1300
1116
1188
1249
1151
1261
1159
1185
1174
1173
1210
1196
1195
1184
1323
1178
1304
1173
1302
1331
1257
1168
1403
1141
1211
1203
1266
1230
1143
1172
1187
1170
1186
1218
1206
1213
1231
1266
1165
1195
1268
1251
1179
1137
1276
1151
1210
1162
1199
1155
1216
1252
1186
1236
1196
1207
1169
1209
1199
1245
1302
1322
1309
1195
1232
1200
1256
1182
1200
1220
1298
1340
1195
1225
1237
1134
1241
1182
1239
1276
1156
1272
1153
1342
1216
1177
1171
1216
1178
1192
1148
1129
1154
1130
1257
1210
1169
1203
1263
1172
1266
1208
1283
1227
1098
1343
1100
1265
1189
1239
1218
1164
1156
1223
1108
1252
1306
1208
1300
1284
1144
1155
1327
1215
1197
1184
1247
1235
1175
1193
1208
1267
1156
1251
1218
1251
1278
