1179
1228
1254
1186
1284
1165
1139
1202
1288
1165
1210
1184
1213
1256
1197
1214
1183
1187
1190
1222
1266
1295
1126
1197
1182
1203
1167
1163
1214
1213
1203
1254
1293
1159
1232
1238
1289
1212
1134
1240
1226
1288
1247
1263
1316
1163
1303
1326
1233
1277
1301
1241
1175
1265
1181
1284
1272
1182
1236
1133
1259
1277
1150
1194
1190
1256
1160
1153
1180
1267
1244
1254
1178
1220
1180
1271
1296
1237
1200
1286
1201
1220
1291
1225
1251
1184
1314
1219
1225
1283
1241
1259
1264
1172
1271
1360
1210
1300
1233
1201
1176
1238
1177
1245
1265
1242
1248
1248
1274
1290
1240
1300
1288
1260
1272
1214
1261
1248
1242
1214
1171
1138
1159
1227
1244
1251
1262
1289
1163
1342
1200
1305
1267
1394
1198
1241
1193
1155
1278
1318
1178
1218
1272
1227
1226
1177
1278
1380
1157
1268
1235
1127
1177
1314
1226
1276
1286
1283
1216
1172
1299
1223
1250
1261
1242
1324
1212
1276
1246
1150
1264
1153
1217
1258
1295
1282
1240
1194
1266
1261
1146
1228
1265
1237
1219
1215
1294
1280
1180
1234
1182
1265
1188
1225
1342
1290
1262
1281
1196
1211
1225
1184
1205
1226
1203
1239
1226
1226
1212
1178
1217
1114
1225
1250
1334
1269
1152
1240
1290
1232
1261
1297
1245
1244
1248
1288
1200
1276
1185
1205
1214
1281
1209
1230
1245
1253
1211
1155
1188
1195
1241
1275
1297
1314
1251
1290
1292
1212
1174
1290
1240
1301
1277
1233
1264
1354
1313
1180
1207
1211
1207
1202
1274
1278
1279
1225
1268
1227
1177
1276
1261
1274
1243
1202
1310
1352
1327
1237
1180
1264
1292
1210
1192
1134
1287
1235
1254
1296
1281
1313
1157
1213
1188
1256
1203
1232
1171
1329
1375
1323
1165
1238
1284
1273
1282
1185
1179
1260
1207
1208
1286
1185
1293
1278
1233
1330
1154
1249
1331
1185
1220
1227
1187
1229
1160
1243
1230
1267
1287
1210
1297
1299
1369
1239
1241
1246
1202
1236
1242
1176
1258
1287
1271
1308
1209
1270
1163
1225
1231
1315
1159
1137
1213
1260
1261
1325
1239
1198
1152
1197
1333
1254
1242
1262
1232
1229
1299
1225
1254
1215
1219
1361
1186
1308
1261
1373
1267
1280
1128
1242
1333
1235
1312
1298
1307
1253
1275
1232
1261
1284
1339
1267
1194
1247
1288
1307
1304
1266
1284
1202
1293
1231
1226
1312
1273
1317
1375
1286
1252
1274
1260
1311
1332
1293
1183
1249
1242
1168
1347
1218
1287
1210
1283
1335
1311
1186
1305
1339
1323
1277
1254
1322
1315
1209
1286
1232
1239
1213
1303
1313
1191
1264
1163
1346
1354
1378
1286
1400
1255
1319
1293
1381
1445
1219
1249
1297
1258
1378
1228
1305
1299
1338
1197
1254
1273
1360
1275
1292
1257
1322
1327
1314
1271
1175
1270
1259
1179
1194
1344
1282
1261
1328
1256
1322
1110
1277
1369
1298
1280
1387
1316
1240
1389
1257
1290
1286
1328
1284
1360
1269
1364
1322
1192
1275
1277
1328
1291
1299
1297
1379
1353
1274
1238
1418
1266
1327
1289
1272
1267
1340
1260
1304
1238
1380
1325
1368
1386
1315
1228
1327
1307
1368
1249
1413
1370
1387
1260
1256
1260
1280
1342
1384
1225
1426
1259
1297
1278
1345
1200
1329
1253
1310
1304
1252
1226
1334
1241
1290
1353
1296
1204
1380
1371
1302
1340
1255
1300
1263
1287
1265
1262
1355
1267
1302
1358
1296
1425
1275
1320
1434
1289
1382
1389
1291
1289
1311
1259
1287
1338
1303
1218
1408
1310
1401
1386
1318
1290
1421
1390
1354
1402
1218
1376
1373
1363
1297
1350
1376
1219
1386
1293
1331
1402
1351
1369
1324
1392
1251
1519
1386
1364
1300
1271
1378
1364
1402
1417
1305
1263
1323
1386
1374
1388
1311
1453
1366
1333
1486
1357
1359
1325
1457
1351
1359
1410
1273
1328
1357
1358
1346
1424
1268
1418
1453
1369
1449
1271
1271
1409
1398
1279
1312
1369
1296
1341
1383
1481
1410
1438
1412
1469
1420
1389
1364
1493
1360
1253
1286
1361
1395
1356
1383
1321
1382
1358
1302
1400
1405
1388
1332
1330
1368
1368
1360
1414
1352
1398
1335
1378
1377
1446
1473
1414
1338
1442
1384
1396
1499
1460
1397
1482
1392
1349
1341
1354
1335
1309
1342
1436
1404
1407
1347
1318
1415
1340
1392
1386
1361
1458
1396
1390
1356
1352
1428
1318
1360
1402
1298
1311
1515
1418
1415
1413
1471
1392
1384
1408
1414
1419
1424
1366
1423
1349
1394
1328
1267
1384
1409
1474
1383
1384
1404
1412
1327
1352
1386
1396
1453
1387
1338
1451
1404
1495
1400
1440
1454
1519
1467
1494
1383
1422
1465
1323
1411
1383
1467
1403
1471
1290
1469
1417
1447
1464
1467
1419
1474
1395
1380
1426
1505
1493
1448
1425
1490
1481
1437
1460
1478
1478
1475
1454
1509
1469
1455
1441
1413
1500
1493
1359
1411
1448
1449
1476
1516
1569
1504
1432
1602
1564
1389
1464
1450
1454
1482
1410
1452
1374
1542
1482
1525
1456
1523
1594
1463
1487
1488
1638
1515
1513
1544
1577
1546
1622
1565
1443
1521
1560
1549
1531
1542
1486
1474
1581
1565
1559
1552
1589
1526
1556
1606
1506
1576
1517
1449
1603
1525
1512
1481
1621
1575
1659
1475
1609
1605
1656
1647
1652
1654
1657
1600
1798
1666
1562
1649
1628
1587
1696
1670
1624
1742
1664
1665
1678
1733
1718
1711
1826
1700
1776
1773
1738
1756
1770
1763
1732
1818
1747
1795
1835
1873
1902
1922
1976
1927
2015
1858
1922
2023
1954
1991
1994
2087
1953
1919
1964
1975
2001
2092
2051
2161
2152
1988
2146
2260
2173
2181
2254
2232
2293
2399
2369
2206
2223
2276
2419
2386
2350
2461
2468
2424
2550
2592
2581
2783
2748
2817
2724
2839
2841
2791
2837
2793
2788
2972
2897
3014
3119
3093
3016
3156
3236
3274
3396
3257
3628
3417
3466
3608
3518
3536
3504
3763
3766
3981
3785
4033
3856
3963
4014
4203
4262
4388
4478
4375
4488
4525
4609
4781
4872
4850
4808
4824
5074
5286
5196
5293
5387
5368
5489
5576
5668
5802
5720
5982
6169
6252
6328
6337
6432
6574
6724
6722
6785
6908
7146
7116
7231
7624
7688
7755
7881
7887
8150
8221
8543
8574
8430
8958
8875
9076
9124
9335
9591
9526
9622
9894
10254
10207
10518
10711
10852
10973
11002
11450
11623
11784
11817
12040
12190
12464
12660
12782
13106
13276
13414
13708
13738
14160
14592
14586
14785
15144
15269
15476
15348
15770
15830
16065
16456
16620
16716
16796
17402
17412
17836
18061
18406
18325
18980
18732
19290
19242
19608
19648
20009
20317
20337
20845
20834
21248
21204
21575
21882
22069
22424
22372
22630
22968
23292
23277
23512
23809
24031
24034
24225
24498
25058
25188
25354
25526
25641
25706
26248
26400
26868
26796
27237
27242
27348
27816
27588
28131
28184
28542
28719
28928
29403
29226
29217
29912
29798
29936
30510
30632
30719
30980
31360
31513
31704
32386
31963
32518
32475
33071
33596
33396
33336
33798
33696
34013
34548
34536
34870
35280
35057
35402
35503
36390
35449
35994
36484
36512
36660
37007
36703
37461
37343
37364
37772
37716
37975
38090
38648
38380
38944
38982
39338
38698
39488
39628
39656
39648
39657
39730
39662
40176
40133
40760
40512
40448
40786
40644
40715
41005
40836
40891
41300
40960
41373
41608
41588
41396
41754
41110
42189
41540
41762
41944
41869
42170
41718
41808
41562
41949
42217
41872
41946
41886
42064
41831
41677
42148
42042
41931
41828
41498
41984
41668
41796
42002
41663
41613
41552
41461
41092
41250
41436
40960
41216
40912
41616
40855
41030
40692
40918
40248
40454
40794
40600
40289
40053
40564
39382
39821
39899
39500
39828
39090
39590
39316
39376
39054
39280
38617
38404
38388
38829
38052
37899
37656
37766
37069
37024
36720
37261
37392
36868
36450
36626
36343
36188
36102
35460
35205
35682
35640
35373
34910
34990
34541
34607
34470
34092
34411
34026
33781
34205
33866
33320
33797
33464
33236
32986
33325
32805
33484
32906
32228
32277
32325
32048
31549
32426
31908
31273
31223
31610
31048
30938
30393
30678
30302
30038
30052
30056
29420
29328
29357
29564
29428
29306
28420
28842
28718
28388
28301
28746
28198
28193
27739
27992
27508
27383
27096
27087
27264
26673
26734
26531
26526
26132
26461
26308
25808
25690
25540
25794
25389
25320
25165
24787
25055
24612
24284
24226
23854
24427
23879
23620
23316
23298
23508
22933
22993
22625
22330
22354
22355
21518
22282
21922
21765
21333
20652
20836
20562
20482
20233
20046
19626
19206
19353
19068
18816
18846
18151
18015
17936
17694
17304
17183
16594
16813
16601
16343
16361
16042
16029
15478
15602
15505
15069
14516
14928
14564
14386
14008
14077
13574
13602
13379
13100
12982
12570
12331
12242
12190
11869
11811
11602
11231
10957
11079
10818
10538
10247
10058
9987
9765
9516
9151
9252
8935
8814
8748
8398
8441
8340
8082
7842
7613
7680
7452
7528
7291
7176
7200
6756
6704
6501
6558
6388
6255
6212
5907
6002
5868
5804
5701
5602
5468
5402
5482
5412
5164
5246
5124
5039
4814
4828
4724
4720
4592
4654
4503
4697
4536
4386
4360
4199
4360
4224
4107
4025
3977
3956
3997
3875
4021
3717
3799
3826
3808
3619
3663
3584
3556
3564
3508
3477
3366
3402
3391
3214
3361
3159
3160
2943
3182
3011
3074
3129
3029
3068
2831
2913
2921
2909
2811
2808
2818
2765
2841
2644
2712
2778
2691
2503
2692
2547
2528
2631
2545
2591
2452
2543
2482
2480
2527
2395
2627
2446
2562
2369
2323
2346
2311
2445
2387
2276
2342
2359
2251
2276
2244
2285
2315
2360
2137
2112
2237
2071
2252
2149
2101
2083
2195
2156
2126
2079
2056
2047
2002
2082
2056
2050
2053
2043
2009
2053
2055
2040
1968
1967
1993
1947
1927
1966
1945
1983
2089
1909
1988
1929
1831
2025
1980
1929
1894
1832
1790
1845
1755
2001
1902
1819
1894
1785
1917
1824
1792
1860
1872
1877
1799
1745
1830
1813
1857
1853
1836
1831
1817
1789
1824
1836
1747
1740
1829
1816
1858
1798
1729
1785
1788
1684
1755
1753
1742
1660
1689
1719
1709
1753
1702
1748
1741
1727
1746
1768
1655
1718
1727
1741
1728
1718
1710
1656
1587
1749
1671
1606
1681
1753
1591
1675
1746
1649
1601
1628
1703
1638
1716
1576
1738
1625
1716
1620
1679
1524
1605
1602
1701
1711
1572
1537
1608
1515
1606
1567
1565
1607
1644
1621
1575
1629
1571
1553
1557
1666
1556
1592
1617
1598
1561
1594
1604
1591
1630
1556
1490
1563
1607
1548
1522
1581
1511
1575
1515
1619
1651
1553
1563
1544
1513
1639
1497
1558
1520
1581
1551
1485
1630
1611
1612
1547
1527
1497
1481
1467
1540
1538
1631
1481
1588
1549
1553
1549
1467
1566
1529
1541
1491
1530
1526
1459
1509
1513
1406
1508
1549
1497
1548
1456
1478
1552
1601
1576
1563
1604
1467
1524
1550
1475
1533
1355
1494
1459
1485
1543
1492
1518
1542
1520
1439
1490
1555
1650
1582
1464
1462
1564
1419
1446
1561
1470
1544
1348
1455
1512
1426
1471
1578
1383
1473
1351
1563
1443
1556
1485
1419
1453
1466
1589
1398
1475
1517
1559
1505
1427
1448
1526
1460
1441
1478
1568
1503
1420
1405
1500
1496
1520
1559
1537
1492
1588
1463
1463
1410
1482
1451
1332
1430
1391
1398
1438
1471
1451
1516
1565
1529
1498
1540
1500
1453
1601
1492
1484
1331
1419
1415
1459
1429
1428
1485
1566
1477
1383
1423
1505
1507
1459
1430
1519
1287
1438
1406
1350
1374
1421
1334
1466
1337
1411
1486
1428
1375
1498
1428
1441
1479
1320
1533
1382
1400
1471
1397
1499
1416
1403
1506
1415
1512
1389
1391
1441
1432
1390
1545
1557
1480
1420
1360
1468
1488
1415
1490
1491
1497
1511
1407
1431
1434
1439
1429
1416
1489
1471
1385
1410
1430
1435
1482
1415
1454
1377
1346
1403
1476
1447
1309
1237
1517
1385
1438
1403
1393
1532
1395
1487
1436
1503
1425
1436
1423
1250
1394
1361
1434
1287
1346
1446
1419
1470
1338
1480
1456
1396
1311
1405
1386
1343
1372
1521
1381
1430
1407
1381
1406
1421
1472
1421
1444
1386
1307
1438
1518
1459
1399
1372
1384
1458
1476
1309
1362
1299
1445
1363
1467
1450
1432
1335
1350
1423
1487
1404
1348
1444
1356
1364
1490
1473
1351
1427
1416
1480
1348
1448
1385
1368
1476
1369
1340
1340
1385
1294
1391
1448
1436
1343
1341
1419
1410
1435
1339
1468
1361
1303
1390
1434
1402
1385
1350
1310
1382
1419
1359
1342
1503
1464
1491
1492
1370
1389
1367
1517
1374
1373
1462
1396
1259
1331
1420
1340
1518
1379
1317
1385
1482
1381
1388
1336
1325
1448
1320
1331
1341
1460
1357
1431
1411
1337
1388
1396
1363
1375
1345
1292
1411
1424
1358
1429
1305
1395
1401
1346
1361
1313
1436
1394
1411
1437
1416
1461
1350
1472
1446
1447
1253
1388
1436
1377
1475
1320
1332
1344
1448
1423
1296
1298
1420
1335
1404
1333
1390
1380
1379
1410
1374
1372
1471
1338
1440
1357
1362
1274
1444
1285
1440
1371
1350
1304
1298
1327
1350
1329
1395
1464
1246
1361
1355
1428
1339
1414
1447
1350
1408
1322
1343
1349
1331
1406
1419
1387
1459
1441
1475
1391
1322
1479
1425
1403
1359
1390
1341
1438
1397
1458
1344
1392
1467
1364
1527
1354
1448
1425
1411
1402
1391
1259
1364
1421
1353
1303
1325
1279
1307
1419
1441
1509
1350
1340
1479
1440
1423
1362
1338
1447
1390
1326
1432
1366
1494
1384
1414
1385
1391
1240
1307
1363
1411
1402
1429
1479
1493
1349
1376
1278
1369
1422
1416
1325
1393
1378
1345
1374
1300
1512
1414
1337
1339
1289
1449
1401
1442
1364
1455
1484
1426
1501
1367
1489
1327
1328
1361
1377
1379
1338
1475
1286
1385
1314
1364
1378
1459
1375
1410
1411
1372
1445
1485
1419
1414
1332
1409
1376
1374
1416
1411
1326
1415
1350
1399
1456
1357
1451
1293
1464
1565
1488
1391
1443
1369
1343
1372
1317
1321
1336
1341
1353
1400
1380
1438
1486
1412
1420
1403
1438
1350
1382
1360
1354
1442
1372
1336
1392
1355
1336
1367
1368
1387
1350
1379
1391
1417
1354
1346
1359
1327
1442
1267
1322
1366
1342
1421
1320
1309
1319
1419
1360
1384
1382
1346
1431
1443
1312
1427
1407
1412
1351
1393
1405
1526
1466
1331
1506
1297
1396
1334
1341
1362
1270
1414
1304
1394
1379
1367
1433
1287
1356
1373
1263
1355
1208
1352
1451
1416
1408
1336
1415
1495
1385
1387
1381
1370
1464
1340
1350
1393
1365
1422
1326
1399
1290
1399
1435
1410
1350
1262
1426
1415
1379
1332
1467
1480
1353
1481
1263
1319
1295
1291
1463
1381
1446
1348
1321
1394
1321
1309
1400
1469
1361
1438
1334
1311
1251
1380
1298
1457
1422
1313
1239
1375
1389
1348
1321
1429
1292
1431
1332
1395
1349
1383
1424
1426
1438
1296
1351
1349
1328
1318
1421
1395
1433
1449
1382
1462
1407
1400
1325
1389
1323
1351
1395
1401
1337
1374
1429
1400
1379
1359
1364
1383
1322
1449
1411
1378
1302
1344
1413
1309
1306
1349
1379
1322
1415
1428
1426
1379
1341
1342
1415
1364
1310
1376
1325
1312
1351
1303
1431
1402
1425
1266
1412
1443
1423
1252
1341
1297
1443
1286
1379
1438
1341
1334
1340
1350
1262
1408
1488
1429
1260
1245
1402
1369
1413
1249
1248
1404
1289
1318
1399
1257
1381
1396
1310
1410
1444
1381
1335
1507
1311
1279
1441
1252
1335
1363
1391
1354
1403
1427
1389
1350
1339
1398
1320
1442
1369
1443
1285
1291
1353
1314
1300
1412
1333
1469
1407
1319
1208
1369
1349
1338
1442
1321
1341
1384
1312
1418
1376
1334
1374
1292
1296
1328
1294
1273
1362
1322
1357
1313
1460
1408
1315
1457
1398
1363
1435
1294
1288
1379
1267
1252
1233
1315
1398
1213
1384
1307
1336
1300
1281
1345
1325
1268
1345
1328
1350
1244
1321
1334
1349
1297
1340
1348
1420
1255
1376
1306
1453
1270
1368
1328
1315
1325
1372
1402
1318
1327
1412
1184
1320
1340
1271
1350
1302
1321
1301
1330
1240
1224
1274
1322
1347
1298
1362
1332
1345
1217
1285
1207
1436
1261
1321
1356
1312
1297
1339
1352
1224
1343
1384
1254
1318
1391
1239
1386
1275
1364
1366
1252
1278
1322
1280
1275
1265
1307
1244
1297
1286
1406
1245
1366
1349
1370
1267
1277
1349
1282
1405
1272
1364
1211
1302
1296
1277
1213
1248
1233
1251
1275
1188
1279
1357
1310
1265
1341
1333
1268
1315
1248
1274
1305
1331
1172
1374
1319
1303
1271
1308
1350
1247
1221
1357
1190
1303
1365
1244
1335
1324
1362
1286
1326
1238
1325
1383
1181
1181
1288
1248
1332
1283
1313
1362
1333
1329
1317
1345
1287
1366
1356
1180
1312
1342
1385
1324
1248
1179
1211
1333
1361
1308
1318
1193
1314
1342
1275
1317
1250
1293
1285
1215
1268
1282
1300
1284
1363
1288
1337
1377
1303
1243
1299
1276
1357
1323
1225
1293
1380
1306
1324
1394
1259
1294
1270
1304
1306
1455
1346
1359
1286
1256
1297
1243
1246
1189
1177
1308
1256
1399
1269
1272
1370
1323
1327
1234
1146
1182
1248
1166
1242
1300
1295
1342
1256
1319
1242
1312
1266
1281
1235
1147
1180
1283
1241
1229
1225
1274
1215
1237
1341
1282
1334
1177
1268
1170
1326
1201
1284
1274
1312
1235
1229
1186
1309
1352
1330
1343
1266
1304
1210
1228
1315
1196
1255
1316
1280
1192
1240
1288
1252
1170
1201
1282
1342
1296
1187
1282
1205
1324
1410
1249
1165
1237
1273
1219
1286
1319
1332
1245
1261
1174
1332
1307
1287
1158
1192
1269
1186
1245
1158
1176
1286
1233
1340
1306
1245
1250
1237
1248
1266
1238
1267
1274
1141
1241
1152
1142
1239
1258
1236
1240
1236
1245
1213
1174
1174
1156
1258
1249
1257
1277
1290
1229
1345
1334
1265
1200
1339
1269
1246
1157
1196
1285
1223
1232
1265
1148
1229
1214
1220
1290
1240
1207
1191
1229
1341
1279
1250
1198
1221
1280
1263
1180
1245
1241
1171
1239
1206
1240
1314
1197
1211
1277
1262
1281
1178
1211
1239
1248
1216
1269
1210
1223
1198
1245
1297
1150
1235
1240
1296
1159
1294
1204
1267
1181
1266
1180
1187
1198
1209
1198
1157
1194
1150
1243
1191
1254
1237
1173
1228
1276
1135
1248
1245
1186
1224
1337
1210
1158
1197
1188
1184
1120
1163
1165
1166
1194
1250
1255
1284
1270
1091
1209
1191
1215
1225
1198
1193
1146
1175
1267
1327
1217
1187
1215
1277
1284
1271
1232
1268
1236
1328
1193
1179
1283
1187
1255
1172
1264
1214
1056
1191
1305
1228
1189
1136
1292
1175
1263
1228
1204
1276
1196
1276
1256
1209
1186
1165
1277
1243
1231
1259
1276
1119
1146
1144
1353
1124
1245
1258
1240
1208
1215
1267
1157
1181
1139
1248
1218
1148
1361
1251
1157
1259
1261
1328
1280
1171
1226
1233
1282
1174
1305
1312
1237
1247
1275
1291
1131
1246
1245
1254
1259
1201
1271
1254
1187
1239
1138
1240
1253
1167
1251
1244
1198
1233
1388
1162
1204
1227
1261
1251
1249
1289
1205
1272
1320
1219
1191
1108
1135
1289
1233
1273
1114
1225
1356
1300
1184
1249
1253
1276
1198
1140
1109
1305
1248
1158
1103
1273
1188
1269
1201
1170
1290
1196
1263
1286
1221
1220
1174
1164
1107
1088
1203
1243
1157
1370
1263
1202
1111
1130
1241
1219
1322
1150
1225
1248
1249
1231
1178
1156
1188
1305
1139
1208
1291
1213
1276
1163
1273
1263
1292
1176
1224
1376
1160
1274
1215
1119
1198
1129
1147
1140
1313
1282
1166
1256
1208
1236
1225
1193
1199
1248
1230
1289
1164
1196
1354
1244
1200
1123
1220
1218
1200
1163
1238
1191
1121
1201
1252
1289
1268
1222
1164
1278
1165
1211
1261
1259
1170
1205
1166
1213
1272
1239
1278
1226
1278
1222
1170
1207
1283
1218
1230
1317
1268
1184
1313
1176
1236
1253
1159
1191
1225
1173
1145
1292
1290
1225
1217
1202
1231
1177
1234
1266
1227
1209
1261
1193
1211
1198
1206
1190
1325
1210
1182
1218
1321
1242
1291
1196
1241
1201
1270
1162
1206
1184
1255
1186
1195
1242
1267
1302
1304
1181
1291
1167
1175
1168
1162
1197
1206
1199
1250
1228
1231
1193
1226
1153
1261
1218
1213
1222
1230
1202
1164
1269
1200
1093
1246
1240
1184
1330
1355
1180
1180
1155
1196
1238
1246
1132
1218
1221
1211
1205
1233
1208
1228
1251
1212
1188
1188
1133
1128
1299
1161
1283
1203
1229
1308
1307
1162
1195
1138
1257
1227
1185
1261
1254
1108
1193
1253
1247
1162
1182
1203
1231
1235
1218
1297
1240
1235
1281
1195
1239
1257
1181
1228
1211
1162
1264
1166
1118
1217
1210
1185
1232
1325
1218
1249
1151
1227
1149
1118
1177
1213
1270
1239
1187
1094
1204
1144
1259
1144
1282
1193
1285
1161
1265
1236
1239
1284
1184
1269
1130
1245
1233
1239
1231
1202
1186
1249
1177
1251
1313
1266
1347
1349
1201
1284
1219
1281
1151
1297
1169
1270
1167
1138
1124
1226
1198
1145
1199
1174
1190
1185
1208
1129
1214
1338
1307
1213
1149
1264
1172
1259
1159
1209
1140
1125
1439
1266
1218
1124
1181
1214
1135
1220
1106
1250
1170
1281
1257
1207
1226
1279
1189
1249
1195
1187
1265
1162
1202
1242
1180
1204
1224
1177
1110
1157
1275
1197
1319
1241
1269
1193
1282
1377
1191
1321
1222
1215
1138
1111
1324
1187
1117
1154
1281
1287
1262
1136
1242
1350
1298
1220
1138
1274
1262
1200
1196
1123
1176
1148
1146
1182
1317
1253
1212
1203
1191
1174
1267
1239
1240
1230
1092
1221
1134
1288
1209
1205
1184
1134
1289
1239
1334
1175
1292
1175
1199
1217
1210
1205
1241
1230
1226
1166
1222
1273
1193
1210
1161
1274
1130
1214
1158
1118
1172
1285
1153
1174
1231
1228
1172
1144
