1227
1208
1236
1163
1269
1226
1184
1198
1275
1270
1287
1266
1193
1157
1212
1179
1160
1211
1331
1269
1122
1216
1333
1318
1264
1304
1214
1253
1213
1233
1212
1235
1225
1307
1186
1294
1223
1191
1273
1264
1236
1318
1319
1242
1194
1249
1182
1109
1240
1180
1277
1180
1132
1264
1195
1176
1204
1247
1117
1255
1240
1241
1327
1187
1261
1308
1260
1249
1265
1219
1300
1198
1209
1242
1265
1150
1301
1134
1245
1240
1219
1240
1413
1231
1201
1248
1269
1308
1267
1215
1229
1155
1236
1259
1268
1231
1235
1148
1269
1236
1286
1259
1338
1296
1209
1240
1303
1243
1273
1182
1210
1284
1233
1245
1242
1191
1220
1283
1235
1266
1249
1207
1214
1212
1351
1171
1226
1175
1278
1192
1281
1194
1137
1178
1175
1228
1170
1108
1278
1266
1146
1276
1255
1303
1207
1236
1208
1292
1258
1266
1326
1236
1201
1178
1254
1179
1075
1212
1116
1161
1262
1304
1348
1233
1275
1280
1267
1309
1213
1229
1312
1227
1309
1152
1274
1203
1195
1232
1238
1231
1195
1246
1190
1252
1272
1376
1215
1236
1244
1270
1193
1315
1257
1219
1237
1268
1206
1210
1201
1211
1238
1273
1278
1196
1247
1294
1358
1236
1312
1346
1190
1243
1160
1188
1225
1209
1179
1254
1232
1262
1180
1231
1301
1318
1243
1292
1200
1162
1233
1254
1238
1224
1131
1215
1247
1252
1328
1204
1320
1212
1323
1233
1293
1287
1199
1268
1309
1306
1139
1224
1174
1234
1273
1254
1326
1209
1186
1279
1103
1343
1093
1270
1385
1301
1202
1233
1250
1230
1263
1192
1175
1268
1294
1122
1240
1188
1297
1289
1197
1222
1292
1256
1244
1252
1191
1258
1221
1217
1212
1210
1174
1290
1257
1222
1256
1201
1250
1309
1323
1289
1285
1261
1201
1281
1224
1195
1265
1294
1324
1186
1229
1244
1213
1324
1301
1264
1289
1193
1267
1320
1301
1191
1287
1311
1286
1212
1161
1254
1159
1367
1130
1090
1258
1235
1209
1346
1357
1203
1277
1211
1272
1252
1334
1240
1333
1214
1249
1265
1181
1218
1141
1253
1316
1319
1256
1155
1306
1277
1281
1225
1226
1195
1263
1304
1321
1248
1265
1302
1254
1243
1190
1231
1303
1333
1309
1311
1212
1261
1350
1269
1214
1349
1181
1366
1282
1158
1213
1196
1185
1312
1270
1269
1293
1225
1395
1271
1286
1351
1308
1237
1292
1338
1355
1372
1242
1325
1281
1293
1161
1297
1245
1211
1274
1309
1241
1267
1183
1249
1239
1348
1246
1245
1338
1256
1397
1381
1376
1182
1296
1269
1253
1180
1267
1215
1308
1323
1281
1267
1305
1295
1293
1306
1222
1333
1358
1307
1378
1357
1277
1337
1275
1293
1338
1264
1232
1309
1340
1354
1308
1344
1220
1294
1278
1237
1367
1363
1266
1199
1341
1296
1269
1239
1219
1490
1321
1206
1264
1235
1357
1376
1264
1261
1294
1254
1374
1306
1330
1309
1352
1343
1129
1300
1343
1225
1307
1319
1255
1254
1247
1361
1428
1429
1410
1347
1295
1397
1306
1348
1338
1380
1372
1377
1183
1325
1296
1343
1252
1275
1338
1345
1335
1345
1368
1388
1364
1276
1350
1229
1352
1154
1356
1273
1368
1274
1210
1311
1338
1319
1442
1396
1358
1374
1412
1263
1299
1432
1373
1422
1268
1394
1399
1344
1396
1360
1245
1308
1215
1232
1359
1402
1445
1220
1311
1301
1290
1312
1266
1397
1264
1319
1348
1311
1373
1494
1327
1330
1273
1250
1379
1290
1419
1325
1318
1284
1264
1435
1335
1356
1398
1383
1326
1337
1453
1269
1387
1389
1293
1392
1305
1354
1386
1336
1427
1408
1314
1252
1445
1317
1322
1380
1467
1462
1320
1273
1386
1273
1301
1357
1332
1284
1437
1364
1378
1356
1433
1372
1380
1416
1373
1373
1279
1348
1328
1434
1385
1320
1309
1266
1393
1315
1393
1322
1283
1459
1432
1349
1279
1262
1443
1480
1433
1306
1397
1340
1404
1448
1374
1433
1354
1374
1331
1378
1396
1409
1421
1443
1442
1418
1325
1442
1411
1447
1320
1454
1334
1335
1358
1481
1340
1311
1377
1378
1327
1393
1331
1325
1379
1393
1355
1314
1402
1444
1382
1378
1341
1419
1304
1353
1333
1386
1371
1482
1431
1263
1358
1457
1498
1356
1349
1322
1382
1437
1391
1437
1404
1404
1332
1445
1413
1429
1357
1409
1346
1480
1425
1380
1471
1336
1496
1361
1302
1544
1430
1403
1384
1412
1402
1383
1446
1420
1364
1314
1467
1451
1427
1499
1419
1442
1436
1398
1394
1412
1351
1460
1419
1399
1467
1497
1378
1450
1457
1402
1394
1396
1441
1493
1462
1336
1468
1381
1429
1500
1463
1382
1434
1490
1355
1368
1310
1384
1547
1473
1461
1560
1425
1534
1485
1499
1508
1503
1405
1343
1479
1422
1389
1483
1422
1357
1527
1444
1496
1457
1570
1396
1421
1544
1380
1345
1439
1410
1493
1459
1475
1468
1482
1509
1528
1491
1503
1456
1518
1561
1596
1403
1525
1417
1554
1539
1579
1506
1474
1479
1498
1536
1512
1532
1584
1456
1599
1572
1356
1564
1482
1595
1510
1466
1512
1646
1466
1462
1540
1439
1610
1526
1504
1547
1494
1489
1511
1523
1604
1620
1646
1486
1543
1490
1653
1475
1548
1546
1564
1497
1567
1641
1662
1585
1606
1620
1533
1700
1662
1640
1595
1676
1602
1650
1639
1693
1662
1526
1559
1686
1646
1665
1672
1719
1765
1688
1608
1610
1688
1751
1655
1613
1665
1684
1780
1734
1810
1809
1709
1831
1775
1860
1819
1806
1926
1793
1828
1893
1828
1902
1862
1837
2003
1836
1914
1952
1890
1990
1983
1977
2016
2012
2045
2053
2125
2088
2122
2052
2126
2109
2158
2208
2233
2259
2194
2136
2216
2194
2297
2213
2256
2274
2350
2244
2417
2412
2499
2466
2651
2507
2593
2642
2652
2599
2735
2571
2734
2726
2731
2781
2857
2865
2956
2913
2982
3073
3107
3146
3140
3137
3245
3200
3363
3304
3524
3505
3583
3455
3635
3750
3912
3595
3871
3887
4076
3987
4065
4086
4325
4169
4323
4348
4497
4500
4470
4615
4502
4760
4791
4936
4991
5119
5174
5280
5419
5571
5668
5781
5715
5910
5896
6057
6208
6269
6373
6261
6466
6698
6767
6875
6948
6848
7296
7322
7396
7730
7647
7851
7891
7958
8252
8198
8337
8632
8812
8957
8987
9190
9180
9467
9784
9798
10406
10166
10228
10729
10650
10708
11237
11135
11528
11520
11736
12187
12182
12567
12596
12685
13185
13148
13405
13799
13850
14068
14158
14277
14594
14761
15104
15008
15364
15626
16134
15950
16201
16847
16902
17056
17354
17558
18250
17897
18240
18576
18123
18758
18989
19149
19158
19796
19958
20375
20530
20612
20965
21341
21552
21561
21736
21979
21981
22361
22998
22762
23289
23899
24034
23844
23996
24665
24747
24969
25088
25422
25371
25856
25995
26010
26580
26842
26742
27092
27403
27641
27258
27748
28256
28372
28736
29101
29356
29326
29630
29844
29784
30502
30440
30784
30976
31190
31158
31882
31978
32182
31978
32842
32888
32615
32948
33396
33069
34244
34360
34178
34316
34580
34664
35336
35117
35596
35920
35928
36072
36314
36187
36637
36754
36554
37248
37385
37448
37237
37902
38090
38105
38509
38914
38848
39077
39030
39835
39258
39404
39210
40005
39933
40436
39973
40584
40314
40570
40724
41094
41405
41590
41405
41707
41532
41979
41578
42128
41633
42202
42072
42264
41629
42244
42530
42164
42260
42438
42022
42865
42418
42484
42729
42618
43035
42826
43268
42474
43113
42582
42442
42240
43016
42798
42731
42948
43142
42580
42683
43174
42644
43136
42724
42740
42797
42496
42434
42266
42388
41966
42496
41748
42007
41876
41784
41580
41780
41344
41754
41754
41842
41717
41120
41361
41498
40886
40852
40968
40941
40539
40566
40434
40360
39734
40248
40286
39504
39332
39098
39572
39277
39009
38860
38640
38412
38521
38466
38004
37865
37907
38016
37613
37738
37433
37065
36760
36584
36610
36590
36078
35885
35864
35704
35392
35121
35231
35072
35292
35034
34919
34880
34837
34395
34330
34148
34011
34228
33812
33200
33661
33588
33381
32948
32827
32964
32715
32106
32372
32339
32207
31654
31705
31652
31227
31052
31087
30754
30180
30331
30282
30250
30379
30021
30317
29504
29639
29194
29337
29072
28758
28939
28365
28469
28134
27892
27734
27972
27499
27467
27491
27559
27045
27014
26907
26552
26265
27016
26284
25985
26270
25875
26225
25374
25560
25810
25045
24972
24856
24991
24375
24244
24262
24082
23941
23705
23600
23132
23178
23058
22978
22896
22630
22245
22042
21990
21560
21660
21845
21399
21038
20837
20523
20302
20092
19992
19587
19647
19478
19130
18549
18752
18335
18320
17874
17458
17701
17428
16845
16856
16772
16370
16495
16448
15995
15638
15379
15348
15365
14981
14790
14459
14619
14093
14234
13594
13547
13454
13184
12889
12760
12390
12196
12359
12005
11835
11258
11332
11003
10873
10667
10748
10279
10116
10061
9611
9454
9368
9135
9090
9050
8573
8594
8174
8117
8062
7962
7650
7639
7548
7440
7257
7000
6823
6855
6600
6411
6346
6359
6346
6162
6094
5755
5905
5650
5658
5557
5540
5375
5332
5131
5104
5094
5060
5074
4896
4829
4888
4567
4608
4454
4623
4543
4375
4319
4271
4314
4216
4133
4166
4074
4060
4016
4072
3851
3851
3904
3765
3617
3677
3803
3618
3626
3436
3436
3291
3363
3314
3378
3340
3385
3288
3133
3172
3186
3057
3003
3096
3002
2992
3049
2930
2987
2923
2917
2918
2889
2811
2765
2815
2708
2715
2635
2473
2588
2628
2500
2666
2434
2530
2591
2547
2532
2427
2490
2470
2458
2421
2454
2260
2389
2432
2344
2389
2256
2187
2274
2139
2287
2199
2290
2276
2184
2231
2221
2168
2226
2080
2108
2108
2102
2147
2072
2176
2149
2093
2128
2045
2146
2185
2033
2051
2012
2067
2129
1942
2029
2072
2001
1955
2006
2026
1992
1988
2051
2052
1911
1867
1806
1913
2050
1896
1938
1956
1866
1887
1826
1846
1797
1999
1828
1861
1983
1807
1869
1855
1826
1866
1833
1847
1830
1731
1813
1907
1857
1739
1842
1910
1779
1841
1752
1723
1760
1754
1796
1817
1721
1837
1778
1859
1742
1782
1692
1813
1737
1756
1594
1753
1769
1787
1683
1862
1779
1753
1700
1720
1606
1699
1629
1799
1683
1730
1617
1653
1630
1708
1711
1712
1695
1710
1650
1650
1741
1753
1610
1574
1597
1755
1556
1607
1648
1657
1628
1697
1642
1685
1641
1579
1593
1649
1531
1589
1685
1635
1607
1680
1667
1536
1728
1583
1636
1558
1638
1637
1642
1609
1659
1572
1603
1580
1600
1596
1580
1594
1544
1583
1561
1589
1605
1581
1601
1571
1700
1665
1602
1591
1471
1596
1536
1509
1606
1574
1609
1688
1544
1568
1652
1589
1621
1562
1636
1517
1521
1510
1507
1525
1586
1500
1532
1502
1606
1508
1504
1604
1475
1523
1552
1529
1600
1511
1505
1479
1492
1560
1559
1516
1520
1568
1487
1561
1576
1544
1470
1512
1648
1501
1440
1458
1579
1568
1481
1414
1515
1584
1441
1464
1475
1533
1567
1513
1543
1498
1470
1567
1561
1494
1533
1435
1506
1500
1521
1499
1547
1506
1512
1452
1552
1518
1409
1474
1575
1624
1438
1534
1527
1500
1524
1462
1426
1432
1399
1562
1505
1477
1539
1396
1426
1453
1624
1555
1555
1529
1548
1514
1481
1458
1467
1502
1470
1439
1455
1533
1526
1455
1423
1527
1545
1457
1439
1463
1444
1413
1527
1508
1594
1559
1545
1537
1518
1502
1589
1548
1537
1581
1392
1511
1469
1533
1505
1388
1474
1461
1441
1339
1475
1450
1341
1506
1554
1433
1490
1454
1564
1342
1484
1507
1519
1420
1446
1443
1462
1431
1449
1428
1521
1457
1342
1478
1526
1385
1330
1450
1530
1486
1392
1489
1479
1504
1492
1470
1463
1419
1495
1492
1367
1455
1356
1408
1355
1520
1388
1403
1389
1412
1374
1554
1503
1462
1472
1501
1347
1483
1443
1445
1442
1468
1430
1413
1437
1334
1427
1448
1452
1283
1493
1364
1468
1502
1430
1324
1412
1372
1376
1442
1449
1378
1376
1378
1429
1448
1417
1343
1372
1365
1416
1521
1331
1492
1402
1429
1409
1406
1493
1403
1395
1465
1474
1428
1435
1624
1409
1496
1391
1489
1358
1479
1423
1503
1470
1406
1408
1417
1393
1486
1514
1482
1434
1367
1408
1372
1330
1442
1341
1543
1390
1428
1452
1484
1563
1491
1509
1462
1367
1407
1467
1437
1495
1385
1429
1412
1300
1358
1400
1407
1432
1361
1490
1345
1410
1426
1414
1552
1449
1330
1370
1336
1437
1425
1448
1261
1385
1383
1404
1434
1429
1521
1361
1571
1428
1460
1507
1473
1395
1317
1330
1320
1370
1369
1375
1410
1376
1468
1299
1394
1336
1451
1366
1425
1412
1435
1532
1422
1536
1451
1336
1397
1364
1318
1450
1436
1436
1373
1424
1396
1436
1450
1384
1431
1369
1415
1308
1388
1450
1447
1388
1391
1409
1443
1481
1486
1396
1452
1412
1349
1364
1444
1377
1402
1229
1272
1375
1472
1401
1393
1375
1344
1488
1428
1348
1459
1433
1351
1471
1541
1345
1448
1381
1336
1366
1313
1424
1348
1388
1429
1390
1359
1361
1376
1378
1417
1415
1430
1428
1459
1390
1375
1459
1385
1275
1476
1416
1413
1408
1414
1377
1394
1334
1391
1389
1441
1339
1313
1378
1360
1412
1421
1365
1321
1450
1376
1484
1390
1267
1461
1232
1511
1402
1354
1561
1444
1432
1482
1416
1266
1357
1453
1389
1335
1370
1421
1437
1292
1371
1319
1462
1414
1413
1451
1300
1380
1416
1421
1379
1396
1443
1249
1448
1363
1360
1422
1406
1318
1374
1422
1461
1401
1432
1444
1402
1475
1402
1333
1439
1290
1444
1389
1396
1430
1267
1316
1396
1448
1467
1453
1324
1437
1503
1434
1517
1366
1358
1396
1291
1430
1358
1271
1388
1448
1368
1389
1452
1353
1330
1455
1375
1335
1403
1441
1341
1317
1351
1355
1370
1329
1411
1301
1369
1394
1446
1473
1422
1290
1412
1334
1398
1408
1416
1415
1440
1363
1404
1417
1343
1344
1375
1381
1388
1375
1342
1353
1475
1430
1433
1303
1479
1486
1332
1409
1405
1364
1339
1394
1363
1359
1386
1383
1408
1375
1297
1327
1434
1396
1372
1325
1388
1330
1368
1365
1362
1468
1338
1350
1333
1391
1367
1312
1399
1372
1401
1278
1468
1382
1453
1427
1491
1341
1501
1373
1416
1453
1377
1394
1285
1384
1274
1391
1455
1322
1332
1426
1419
1440
1396
1431
1342
1434
1456
1264
1269
1525
1502
1360
1391
1362
1329
1326
1412
1399
1372
1305
1371
1402
1346
1483
1473
1395
1383
1365
1451
1321
1331
1354
1372
1338
1346
1457
1309
1415
1382
1346
1436
1387
1350
1422
1270
1260
1312
1377
1303
1321
1244
1413
1384
1388
1390
1479
1334
1335
1366
1370
1431
1358
1309
1383
1426
1292
1420
1358
1384
1375
1392
1310
1385
1293
1291
1333
1410
1425
1419
1347
1352
1340
1397
1391
1320
1355
1392
1406
1316
1364
1445
1442
1333
1418
1364
1403
1353
1388
1349
1463
1355
1387
1316
1300
1433
1356
1348
1450
1396
1374
1366
1269
1329
1404
1289
1370
1346
1320
1436
1349
1445
1439
1419
1377
1443
1450
1340
1379
1375
1394
1339
1346
1308
1341
1304
1316
1341
1324
1376
1399
1416
1371
1487
1385
1365
1389
1416
1471
1349
1365
1344
1340
1342
1344
1277
1299
1363
1391
1361
1444
1367
1452
1378
1419
1445
1373
1440
1275
1449
1522
1351
1458
1294
1351
1267
1284
1244
1379
1317
1390
1284
1462
1386
1343
1447
1385
1354
1406
1366
1281
1357
1299
1328
1321
1292
1309
1340
1361
1333
1356
1349
1329
1323
1321
1306
1296
1252
1281
1359
1405
1335
1272
1322
1257
1421
1323
1298
1212
1282
1310
1253
1210
1341
1333
1282
1317
1392
1406
1350
1337
1338
1323
1389
1367
1323
1301
1311
1391
1288
1390
1265
1446
1341
1358
1396
1379
1248
1404
1261
1305
1361
1411
1274
1370
1338
1416
1360
1312
1333
1412
1343
1349
1287
1306
1344
1333
1252
1321
1391
1374
1309
1312
1270
1348
1382
1416
1334
1375
1363
1392
1415
1383
1302
1369
1291
1275
1300
1291
1257
1355
1288
1358
1299
1345
1384
1443
1372
1218
1399
1387
1287
1393
1370
1364
1326
1337
1350
1381
1388
1275
1236
1282
1337
1356
1338
1313
1327
1344
1303
1371
1346
1323
1305
1311
1237
1349
1400
1295
1322
1347
1336
1285
1285
1194
1325
1252
1229
1332
1273
1336
1404
1341
1331
1316
1320
1324
1309
1251
1298
1264
1350
1336
1356
1237
1379
1274
1387
1331
1274
1256
1213
1357
1245
1316
1254
1346
1350
1265
1366
1279
1351
1326
1263
1306
1358
1291
1346
1255
1243
1304
1296
1332
1234
1407
1257
1241
1294
1341
1326
1321
1291
1261
1300
1289
1327
1374
1367
1342
1258
1300
1260
1316
1328
1347
1287
1344
1449
1411
1265
1421
1310
1247
1288
1269
1284
1242
1310
1332
1436
1364
1433
1302
1266
1270
1338
1364
1239
1278
1312
1167
1287
1223
1230
1229
1328
1218
1319
1332
1290
1429
1369
1362
1315
1353
1356
1300
1244
1363
1298
1155
1208
1276
1341
1330
1270
1271
1373
1288
1214
1357
1212
1325
1235
1356
1295
1243
1282
1275
1311
1221
1237
1410
1354
1295
1264
1253
1403
1337
1250
1350
1280
1267
1228
1277
1279
1336
1288
1338
1362
1170
1333
1272
1307
1198
1353
1245
1335
1247
1327
1278
1398
1207
1226
1350
1298
1305
1287
1298
1232
1192
1297
1352
1208
1217
1332
1295
1353
1348
1348
1276
1314
1301
1283
1234
1181
1126
1265
1117
1227
1280
1216
1137
1325
1305
1325
1278
1275
1278
1313
1252
1268
1272
1231
1162
1235
1372
1307
1206
1236
1282
1245
1183
1307
1265
1233
1234
1193
1254
1222
1361
1267
1308
1216
1194
1217
1206
1294
1265
1351
1174
1246
1214
1275
1283
1219
1254
1199
1195
1307
1338
1152
1214
1346
1200
1212
1180
1166
1244
1269
1231
1293
1321
1242
1223
1299
1324
1247
1161
1301
1323
1240
1270
1221
1245
1250
1208
1179
1253
1237
1249
1266
1176
1261
1249
1229
1368
1240
1258
1193
1250
1199
1382
1194
1238
1204
1213
1315
1256
1250
1315
1183
1097
1264
1250
1290
1255
1357
1261
1213
1277
1261
1220
1195
1342
1185
1253
1179
1198
1167
1169
1045
1251
1249
1193
1194
1198
1200
1253
1198
1125
1291
1281
1106
1152
1282
1217
1236
1237
1196
1216
1252
1260
1167
1236
1225
1316
1258
1289
1289
1152
1295
1307
1288
1218
1227
1232
1295
1184
1154
1221
1267
1254
1286
1228
1264
1220
1283
1276
1147
1215
1321
1195
1308
1187
1260
1215
1284
1254
1177
1177
1284
1196
1188
1164
1198
1188
1144
1269
1199
1183
1162
1199
1101
1236
1290
1179
1220
1179
1194
1262
1273
1241
1232
1093
1316
1204
1222
1156
1130
1161
1226
1197
1227
1236
1262
1247
1138
1204
1255
1319
1187
1240
1247
1251
1123
1189
1270
1263
1254
1251
1187
1209
1197
1281
1149
1221
1291
1280
1220
1218
1186
1227
1269
1189
1252
1224
1251
1216
1114
1198
1143
1230
1163
1092
1207
1064
1278
1143
1246
1306
1212
1245
1181
1211
1205
1148
1277
1188
1162
1169
1229
1209
1172
1235
1213
1160
1125
1229
1295
1165
1239
1137
1235
1215
1282
1336
1151
1246
1290
1139
1187
1218
1200
1199
1166
1166
1214
1289
1220
1289
1263
1245
1303
1225
1231
1243
1201
1263
1237
1151
1161
1221
1168
1122
1181
1253
1366
1179
1273
1241
1223
1143
1198
1165
1205
1183
1223
1199
1227
1191
1190
1182
1198
1159
1247
1212
1314
1246
1247
1194
1264
1138
1267
1224
1317
1230
1175
1281
1210
1153
1141
1235
1278
1243
1283
1191
1259
1269
1108
1279
1031
1196
1130
1099
1161
1224
1141
1203
1320
1108
1099
1237
1234
1228
1162
1252
1229
1210
1205
1142
1154
1149
1187
1194
1152
1263
1244
1182
1177
1215
1198
1133
1277
1123
1131
1198
1111
1236
1255
1212
1104
1225
1292
1271
1258
1186
1230
1207
1321
1266
1172
1169
1235
1232
1255
1154
1339
1307
1281
1183
1253
1153
1173
1167
1189
1172
1101
1231
1121
1182
1220
1246
1171
1164
1205
1198
1042
1233
1091
1270
1223
1156
1230
1119
1175
1106
1183
1255
1221
1230
1264
1305
1156
1287
1231
1208
1219
1197
1141
1150
1217
1290
1270
1179
1122
1139
1246
1252
1269
1203
1288
1208
1274
1354
1187
1212
1092
1141
1263
1271
1183
1163
1160
1262
1229
1224
1215
1299
1205
1257
1263
1186
1302
1267
1211
1230
1224
1279
1188
1260
1227
1162
1156
1217
1127
1225
1244
1224
1269
1268
1150
1184
1193
1136
1252
1244
1142
1229
1190
1223
1245
1154
1147
1191
1177
1230
1259
1213
1175
1216
1212
1211
1359
1217
1246
1184
1091
1114
1264
1356
1223
1234
1268
1237
1364
1277
1245
1255
1208
1235
1215
1095
1213
1225
1152
1136
1113
1186
1144
1259
1239
1309
1235
1318
1288
1180
1330
1151
1217
1118
1256
1219
1153
1186
1264
1233
1173
1253
1241
1257
1270
1198
1215
1090
1126
1268
1185
1376
1118
1192
1315
1231
1282
1228
1385
1283
1303
1188
1286
1226
1255
1301
1166
1218
1260
1094
1250
1279
1312
1195
1134
1173
1218
1288
1215
1222
1267
1244
1272
1285
1204
1223
1230
1174
1248
1135
1200
1200
1266
1394
1295
1197
1170
1255
1258
1274
1267
1280
1251
1177
1241
1236
1228
1159
1217
1208
1282
1317
1178
1215
1154
1175
1182
1169
1235
1172
1305
1268
1283
1187
1156
1191
1202
1244
1184
1294
1272
1310
1271
1202
1263
1319
1238
1240
1154
1182
1203
1222
1250
1220
1251
1225
1224
1228
1289
1129
1161
1347
1332
1222
1202
1182
1203
1275
1176
1249
1295
1316
1158
1160
1193
1274
1098
1320
1219
1197
1200
1166
1244
1226
1201
1172
1237
1187
1123
1206
1144
1127
1288
1167
1208
1255
1195
1113
1262
1062
1312
1257
1272
1209
1227
1209
1266
1246
1254
1217
1365
1230
1223
1201
1177
1248
1235
1206
