1185
1208
1190
1111
1227
1250
1249
1274
1287
1219
1213
1179
1192
1154
1303
1159
1175
1323
1196
1188
1232
1252
1163
1287
1201
1262
1199
1199
1165
1202
1216
1180
1147
1237
1136
1159
1247
1226
1222
1238
1368
1175
1216
1193
1234
1219
1213
1244
1240
1285
1231
1236
1121
1176
1088
1252
1173
1159
1267
1215
1253
1282
1273
1093
1184
1177
1224
1248
1195
1226
1244
1222
1276
1342
1240
1183
1234
1268
1253
1107
1165
1252
1201
1149
1227
1160
1319
1377
1321
1214
1364
1226
1260
1259
1280
1226
1301
1184
1195
1220
1093
1248
1281
1199
1287
1081
1236
1317
1228
1213
1300
1256
1283
1376
1195
1136
1098
1163
1114
1147
1167
1169
1284
1255
1162
1198
1228
1146
1138
1261
1213
1283
1241
1250
1184
1189
1253
1238
1194
1191
1196
1220
1301
1221
1213
1203
1239
1292
1143
1262
1241
1192
1228
1195
1292
1248
1242
1186
1188
1235
1206
1229
1203
1326
1206
1218
1117
1254
1226
1222
1111
1229
1251
1191
1174
1252
1170
1298
1246
1219
1125
1259
1233
1246
1196
1191
1195
1258
1269
1181
1202
1156
1251
1250
1147
1227
1180
1246
1097
1303
1240
1147
1267
1376
1264
1231
1223
1115
1289
1201
1226
1306
1193
1213
1204
1176
1129
1189
1167
1183
1216
1226
1283
1299
1210
1259
1230
1164
1307
1204
1149
1066
1159
1246
1178
1219
1208
1209
1220
1218
1306
1237
1258
1137
1324
1276
1214
1213
1200
1197
1078
1162
1231
1140
1154
1288
1222
1183
1158
1319
1297
1266
1222
1287
1206
1183
1202
1121
1247
1149
1163
1306
1253
1256
1216
1133
1275
1306
1191
1137
1164
1274
1214
1389
1217
1273
1293
1249
1247
1076
1277
1208
1197
1247
1247
1174
1301
1234
1226
1233
1217
1295
1224
1175
1412
1235
1291
1321
1088
1314
1222
1264
1255
1164
1218
1163
1154
1330
1207
1200
1208
1139
1216
1172
1214
1299
1236
1264
1257
1270
1219
1249
1160
1158
1301
1210
1124
1237
1316
1273
1296
1198
1232
1177
1271
1161
1345
1256
1252
1337
1276
1357
1360
1200
1240
1223
1157
1290
1242
1153
1172
1169
1220
1180
1170
1176
1199
1202
1256
1284
1227
1174
1265
1246
1290
1196
1242
1294
1212
1203
1162
1201
1225
1234
1283
1220
1353
1302
1250
1331
1217
1290
1217
1271
1335
1280
1207
1227
1338
1218
1284
1170
1356
1296
1193
1180
1298
1258
1276
1205
1326
1267
1220
1262
1134
1255
1197
1246
1278
1222
1241
1330
1305
1271
1339
1181
1323
1177
1241
1176
1257
1278
1244
1323
1300
1313
1280
1444
1347
1319
1421
1298
1346
1305
1333
1206
1305
1243
1274
1302
1197
1283
1303
1355
1297
1278
1357
1280
1327
1384
1249
1317
1324
1285
1229
1275
1267
1293
1354
1315
1340
1255
1346
1429
1206
1342
1322
1242
1205
1212
1311
1269
1151
1365
1205
1182
1350
1288
1237
1298
1361
1274
1267
1334
1197
1318
1337
1303
1322
1324
1248
1299
1320
1326
1368
1332
1327
1350
1304
1329
1306
1300
1341
1413
1359
1381
1313
1195
1301
1284
1241
1218
1274
1191
1340
1259
1272
1295
1356
1316
1298
1278
1332
1370
1373
1365
1363
1272
1357
1331
1306
1289
1291
1344
1334
1252
1332
1231
1316
1355
1346
1345
1280
1380
1373
1331
1391
1244
1413
1326
1315
1315
1321
1337
1376
1333
1349
1419
1342
1309
1344
1286
1387
1350
1402
1399
1292
1342
1311
1376
1297
1274
1247
1409
1334
1462
1306
1426
1375
1336
1395
1297
1314
1385
1432
1307
1398
1383
1342
1222
1380
1354
1372
1339
1301
1305
1285
1329
1457
1428
1377
1432
1407
1392
1453
1362
1395
1414
1464
1402
1268
1361
1380
1396
1313
1353
1282
1318
1402
1360
1319
1345
1273
1402
1424
1333
1428
1474
1413
1341
1363
1377
1324
1323
1331
1359
1452
1313
1299
1310
1296
1316
1462
1284
1411
1476
1458
1453
1340
1450
1415
1462
1456
1373
1291
1291
1325
1402
1390
1356
1422
1381
1424
1329
1424
1363
1384
1385
1430
1304
1430
1365
1405
1305
1346
1381
1377
1323
1420
1404
1308
1388
1444
1426
1405
1423
1401
1366
1361
1411
1437
1368
1357
1209
1439
1506
1379
1497
1331
1488
1408
1453
1441
1286
1301
1396
1477
1457
1445
1426
1386
1264
1361
1359
1334
1416
1506
1371
1374
1418
1432
1379
1425
1249
1410
1405
1356
1481
1427
1389
1414
1427
1266
1445
1419
1441
1418
1407
1426
1374
1366
1411
1401
1366
1431
1399
1369
1499
1464
1502
1522
1516
1400
1448
1429
1470
1487
1433
1397
1525
1441
1412
1465
1522
1400
1493
1492
1398
1398
1483
1338
1436
1419
1444
1468
1450
1400
1437
1378
1526
1476
1403
1554
1344
1436
1503
1527
1482
1465
1475
1417
1449
1473
1420
1452
1435
1462
1395
1479
1538
1541
1435
1541
1526
1512
1483
1387
1446
1482
1521
1417
1376
1527
1475
1444
1568
1449
1341
1480
1499
1534
1436
1479
1485
1512
1712
1545
1476
1429
1565
1455
1567
1482
1575
1456
1466
1499
1511
1571
1679
1541
1578
1586
1656
1689
1524
1604
1724
1506
1516
1649
1600
1511
1526
1507
1580
1477
1595
1491
1551
1527
1661
1550
1647
1628
1481
1590
1573
1677
1603
1628
1628
1690
1608
1766
1734
1757
1760
1636
1632
1764
1751
1637
1698
1749
1759
1767
1641
1762
1696
1655
1687
1833
1785
1752
1833
1759
1742
1710
1739
1764
1705
1895
1827
1813
1761
1957
1846
1786
2007
1902
1946
1871
1830
1932
1910
2007
1954
1971
1978
1975
1970
1966
2066
2076
2032
2082
2123
2041
2109
1994
2157
2112
2180
2236
2208
2243
2199
2262
2327
2265
2436
2378
2369
2388
2428
2436
2547
2520
2648
2381
2578
2587
2588
2541
2638
2695
2641
2746
2741
2783
2867
2911
2813
2986
3011
3018
3146
3170
3100
3210
3126
3304
3213
3305
3374
3492
3540
3662
3353
3570
3662
3692
3729
3958
3905
3880
3983
4133
4080
4240
4313
4287
4307
4282
4634
4703
4736
4544
4893
4750
4891
4983
5032
5156
5318
5362
5500
5535
5507
5668
5857
5973
5939
6064
6246
6416
6410
6453
6593
6673
6835
6900
6865
7332
7344
7417
7611
7494
7879
8036
7974
8217
8372
8342
8596
8749
8665
9177
9325
9161
9449
9745
9642
9964
10086
10318
10665
10636
10796
10890
11092
11264
11413
11845
11980
12234
12344
12372
12467
13056
12999
13250
13806
13713
13843
14075
14446
14667
14900
15222
15035
15758
15581
15665
16290
16339
16174
16897
17078
17440
17628
17672
17941
18341
18518
18416
18752
19233
19426
19626
19803
20021
20252
20299
20331
21097
21315
21454
21550
21654
22096
22546
22794
23026
22748
23461
23674
23733
23960
23860
24616
24374
24832
25128
25262
25876
25902
26004
25935
26585
26404
26805
27064
27430
27645
27963
28288
28250
28142
28932
28848
29516
29492
29780
29640
30088
30109
30713
30628
30750
31269
31312
31840
31906
31950
32282
32532
32414
32871
32944
33249
33591
34029
33705
34102
34212
34773
35166
35193
35224
35668
35786
35820
35813
35946
36660
36767
36763
37256
37416
37754
37337
37948
37830
38395
38276
38456
38780
38964
39338
38919
39388
39428
39517
39314
39722
40295
40474
40244
40535
40516
40474
41060
40246
41671
41317
41497
41195
41412
41948
41668
41844
41656
41842
41806
42423
42240
42612
42648
43072
42296
42742
42498
42669
41998
42524
42706
42837
43084
42608
43028
43069
43106
43020
42797
43190
43012
43005
43170
43059
42628
42496
43044
42782
42688
42998
42756
42772
42540
42650
42730
42264
42486
42463
42287
42411
41910
42022
42008
42124
41833
41984
41334
41261
41892
41716
41380
41284
41328
41216
40829
40822
40696
40687
40884
40424
40132
40004
39803
40015
39360
39293
39400
39480
39226
38950
39176
38510
38501
38676
38576
38272
38100
37879
37952
37870
37388
37579
36732
37190
36634
36535
36812
36244
36484
36365
35755
35166
35511
35383
35179
35117
34744
34820
34280
34376
34360
34340
33972
33872
33645
33614
33621
33878
33259
33069
33207
33129
32514
32460
32230
32570
32138
32218
31644
31540
31670
31110
30965
31199
31025
30719
30694
30317
30154
29416
29933
29545
29384
29284
29450
29084
28973
28571
28762
28160
28188
28140
27992
27910
27845
27685
27657
27492
27197
27424
26994
27001
26860
26628
26176
26250
26102
26058
25564
25736
25238
25575
25421
24833
24644
24744
24574
24818
24181
24199
23669
23693
23671
23502
23112
23242
22962
22839
22776
22461
22524
22263
22176
21800
21524
21634
20956
21066
21145
20602
20483
20099
20184
19480
19409
19300
19133
18744
18829
18366
18380
17942
17780
17194
17097
16872
16762
16741
16407
16038
16039
15940
15488
15560
15324
15006
14937
14852
14267
14302
14237
13753
13716
13442
13263
13228
12948
12352
12498
12279
12096
11876
11655
11464
11152
11057
10804
10686
10372
10243
10229
9853
9728
9568
9188
9220
9014
8772
8651
8601
8326
8114
8167
7819
7729
7448
7438
7419
7102
6912
6902
6798
6666
6447
6548
6322
6150
5985
5920
5866
5838
5786
5625
5537
5426
5344
5489
5294
5152
5110
5045
4910
4741
4810
4835
4736
4712
4708
4590
4383
4425
4178
4228
4336
4150
4253
4065
4135
3786
4074
3932
3969
3835
3853
3707
3733
3703
3606
3669
3587
3599
3477
3436
3459
3278
3226
3336
3348
3245
3156
3078
3093
3059
2950
3076
3003
3020
3052
3027
2889
2893
2895
2875
2747
2806
2859
2806
2734
2728
2767
2749
2708
2661
2546
2540
2570
2542
2604
2626
2450
2581
2461
2571
2504
2410
2445
2331
2326
2367
2424
2325
2379
2360
2367
2256
2313
2427
2234
2262
2254
2195
2214
2231
2239
2397
2167
2159
2254
2248
2183
2258
2102
2119
2101
2169
2143
2065
2159
1976
2188
2067
2063
2108
2142
2073
2023
2012
2043
2023
1965
1967
1995
1934
1979
1930
2016
1993
1999
1991
1951
1976
1961
1863
1877
1892
2044
1947
1830
1972
1863
1898
1858
1933
1840
1980
1775
1929
1805
1712
1917
1812
1800
1895
1860
1731
1798
1809
1902
1788
1761
1731
1750
1828
1933
1752
1796
1791
1757
1858
1790
1746
1704
1748
1766
1645
1672
1664
1725
1692
1723
1842
1763
1684
1710
1593
1736
1725
1764
1792
1740
1854
1637
1744
1679
1588
1685
1644
1625
1650
1568
1645
1605
1754
1664
1673
1689
1722
1597
1682
1761
1641
1660
1580
1544
1641
1580
1652
1658
1516
1622
1659
1610
1642
1615
1681
1722
1702
1605
1612
1674
1578
1652
1631
1542
1622
1630
1635
1583
1654
1617
1602
1604
1598
1563
1653
1595
1600
1631
1574
1551
1591
1642
1625
1672
1577
1591
1484
1294
1591
1690
1563
1560
1594
1592
1529
1586
1581
1535
1654
1567
1681
1597
1490
1471
1566
1605
1531
1437
1582
1622
1586
1575
1601
1623
1532
1633
1636
1484
1471
1481
1586
1516
1551
1460
1412
1462
1481
1476
1603
1612
1585
1559
1512
1492
1531
1496
1485
1457
1550
1531
1605
1534
1469
1452
1563
1571
1484
1511
1522
1524
1580
1516
1458
1609
1566
1491
1539
1548
1515
1408
1489
1444
1546
1435
1407
1387
1515
1467
1429
1526
1470
1438
1421
1506
1566
1531
1521
1529
1462
1454
1505
1410
1397
1455
1479
1516
1430
1481
1544
1436
1555
1422
1643
1570
1542
1576
1572
1498
1506
1449
1519
1409
1507
1457
1402
1428
1513
1546
1463
1403
1424
1474
1539
1449
1491
1372
1506
1398
1457
1609
1519
1426
1452
1446
1425
1356
1524
1392
1510
1463
1416
1491
1438
1502
1393
1528
1490
1486
1487
1524
1492
1392
1467
1512
1419
1421
1436
1366
1392
1329
1556
1479
1498
1443
1461
1395
1494
1474
1350
1455
1391
1409
1369
1457
1495
1455
1373
1491
1501
1497
1490
1475
1448
1410
1377
1412
1387
1432
1421
1440
1482
1522
1469
1404
1393
1397
1450
1461
1452
1405
1405
1417
1302
1244
1454
1382
1471
1402
1433
1390
1518
1486
1481
1368
1405
1423
1385
1368
1385
1391
1364
1371
1523
1434
1405
1350
1364
1502
1451
1494
1503
1488
1380
1465
1404
1334
1404
1372
1303
1515
1349
1451
1360
1413
1447
1354
1273
1278
1432
1437
1438
1411
1373
1384
1288
1450
1475
1418
1355
1482
1383
1342
1395
1364
1422
1402
1340
1430
1464
1391
1450
1474
1381
1458
1434
1378
1431
1539
1457
1325
1332
1376
1344
1399
1473
1430
1455
1416
1476
1492
1366
1489
1495
1335
1401
1248
1449
1382
1425
1394
1362
1385
1393
1333
1377
1453
1417
1398
1417
1513
1424
1351
1425
1359
1461
1420
1390
1421
1330
1309
1244
1458
1357
1459
1363
1455
1423
1407
1407
1448
1418
1414
1502
1299
1343
1418
1392
1351
1391
1353
1442
1397
1361
1372
1445
1488
1416
1494
1387
1358
1346
1443
1398
1336
1261
1403
1318
1364
1294
1401
1370
1402
1391
1397
1444
1288
1414
1413
1391
1348
1376
1305
1419
1366
1481
1399
1390
1403
1311
1505
1284
1340
1361
1314
1419
1343
1439
1388
1432
1389
1489
1379
1480
1339
1400
1298
1481
1319
1318
1350
1441
1443
1362
1280
1351
1349
1349
1398
1465
1324
1434
1401
1431
1417
1335
1360
1393
1492
1410
1523
1463
1355
1427
1395
1355
1411
1335
1372
1392
1322
1422
1328
1332
1460
1319
1449
1401
1407
1377
1422
1367
1361
1341
1411
1325
1357
1327
1479
1332
1367
1350
1475
1442
1321
1393
1425
1397
1286
1366
1369
1371
1393
1307
1398
1425
1336
1332
1384
1337
1411
1437
1449
1467
1379
1533
1371
1430
1450
1356
1358
1452
1402
1388
1392
1270
1369
1315
1316
1326
1280
1353
1375
1369
1386
1286
1426
1279
1412
1302
1374
1406
1356
1482
1393
1312
1419
1474
1405
1323
1386
1461
1375
1417
1472
1441
1416
1270
1396
1322
1372
1326
1440
1344
1446
1365
1383
1387
1384
1431
1309
1399
1391
1374
1387
1359
1361
1423
1493
1352
1334
1398
1301
1422
1390
1365
1400
1390
1384
1305
1479
1427
1480
1371
1361
1385
1364
1327
1385
1325
1449
1326
1297
1391
1399
1349
1409
1403
1456
1407
1419
1279
1432
1393
1300
1263
1338
1317
1271
1359
1351
1411
1344
1427
1493
1463
1487
1355
1340
1356
1390
1237
1362
1301
1415
1316
1307
1340
1335
1378
1326
1411
1354
1430
1345
1421
1327
1481
1414
1357
1305
1299
1340
1255
1319
1309
1304
1415
1347
1276
1344
1446
1359
1315
1417
1484
1307
1357
1369
1315
1378
1375
1371
1380
1411
1379
1320
1307
1453
1532
1308
1467
1459
1440
1374
1364
1338
1345
1442
1299
1244
1375
1368
1290
1307
1453
1398
1272
1529
1395
1410
1383
1467
1452
1436
1321
1309
1382
1377
1297
1371
1391
1243
1367
1429
1365
1405
1296
1458
1401
1400
1403
1401
1319
1350
1407
1340
1517
1362
1413
1344
1436
1358
1296
1449
1344
1405
1398
1366
1354
1414
1285
1280
1350
1240
1372
1423
1461
1409
1374
1412
1476
1365
1435
1415
1375
1334
1302
1395
1412
1401
1356
1453
1420
1415
1326
1414
1390
1339
1375
1430
1366
1354
1369
1340
1429
1349
1366
1321
1397
1418
1386
1384
1397
1265
1418
1406
1359
1405
1388
1379
1417
1263
1410
1335
1335
1386
1379
1436
1357
1317
1359
1299
1343
1387
1200
1348
1278
1370
1394
1478
1396
1372
1376
1437
1435
1369
1426
1377
1330
1333
1354
1411
1369
1296
1310
1417
1375
1402
1380
1347
1313
1271
1288
1315
1286
1299
1399
1344
1348
1263
1481
1389
1347
1317
1354
1321
1282
1209
1341
1383
1429
1318
1401
1287
1394
1392
1362
1367
1378
1444
1335
1402
1393
1392
1277
1312
1356
1436
1359
1226
1293
1175
1240
1406
1414
1383
1254
1338
1418
1384
1288
1303
1399
1330
1347
1366
1281
1375
1377
1325
1390
1342
1379
1316
1394
1394
1373
1316
1215
1363
1330
1293
1282
1372
1316
1267
1400
1373
1305
1373
1324
1221
1304
1278
1304
1341
1318
1300
1312
1298
1332
1404
1342
1357
1378
1261
1339
1355
1372
1390
1419
1310
1263
1267
1278
1316
1287
1348
1314
1330
1457
1309
1147
1271
1445
1343
1333
1310
1378
1400
1289
1198
1312
1366
1314
1229
1348
1263
1313
1246
1339
1340
1307
1292
1387
1189
1323
1307
1382
1361
1277
1309
1298
1354
1269
1236
1304
1183
1361
1285
1307
1422
1375
1453
1407
1306
1284
1338
1431
1339
1394
1301
1311
1295
1306
1315
1351
1270
1382
1293
1425
1343
1318
1340
1303
1276
1315
1227
1342
1288
1269
1322
1376
1179
1394
1338
1350
1378
1354
1341
1223
1290
1259
1385
1287
1361
1243
1223
1288
1285
1388
1314
1271
1251
1254
1264
1348
1281
1376
1388
1341
1309
1306
1216
1274
1304
1256
1288
1330
1333
1306
1215
1291
1264
1180
1339
1231
1280
1336
1211
1188
1289
1193
1227
1284
1271
1261
1363
1349
1385
1278
1336
1267
1219
1282
1232
1310
1175
1211
1195
1275
1262
1277
1276
1305
1233
1239
1207
1283
1240
1245
1265
1397
1261
1246
1213
1251
1306
1288
1239
1268
1197
1268
1317
1282
1277
1207
1279
1306
1311
1268
1286
1288
1307
1322
1333
1305
1270
1309
1289
1317
1256
1313
1298
1227
1369
1292
1257
1239
1289
1235
1249
1250
1195
1260
1284
1199
1194
1262
1245
1287
1370
1323
1316
1167
1272
1230
1324
1338
1153
1220
1212
1218
1277
1366
1171
1303
1239
1361
1224
1293
1197
1312
1318
1215
1226
1275
1207
1361
1253
1274
1227
1264
1169
1310
1243
1201
1279
1267
1340
1346
1272
1278
1305
1126
1200
1128
1201
1222
1159
1308
1249
1178
1234
1228
1100
1247
1326
1343
1311
1209
1202
1255
1278
1159
1337
1203
1165
1221
1227
1151
1180
1202
1288
1242
1290
1173
1289
1375
1218
1197
1262
1254
1262
1277
1276
1185
1293
1255
1168
1189
1207
1180
1265
1226
1361
1291
1179
1274
1288
1277
1308
1376
1110
1175
1156
1154
1190
1226
1124
1219
1228
1305
1261
1255
1205
1241
1222
1197
1211
1209
1132
1178
1304
1259
1207
1238
1190
1266
1262
1253
1173
1285
1215
1266
1183
1231
1234
1224
1251
1272
1153
1250
1260
1221
1275
1211
1196
1151
1218
1264
1226
1153
1216
1156
1197
1132
1199
1187
1205
1181
1225
1177
1280
1330
1310
1273
1309
1271
1163
1204
1132
1209
1171
1222
1190
1230
1160
1294
1266
1168
1339
1205
1204
1258
1209
1312
1151
1242
1247
1335
1169
1238
1247
1174
1190
1119
1178
1195
1166
1214
1261
1198
1267
1210
1255
1162
1184
1229
1176
1282
1139
1296
1154
1178
1314
1103
1237
1253
1239
1136
1247
1237
1241
1204
1163
1332
1258
1216
1108
1155
1170
1177
1152
1179
1171
1210
1172
1178
1237
1115
1208
1275
1187
1250
1235
1230
1163
1196
1213
1144
1212
1226
1214
1111
1135
1228
1195
1280
1136
1171
1245
1184
1200
1145
1213
1253
1209
1194
1152
1163
1163
1228
1226
1157
1167
1250
1291
1288
1286
1193
1245
1192
1210
1160
1238
1155
1299
1199
1251
1257
1197
1256
1191
1177
1250
1212
1147
1247
1254
1189
1255
1187
1183
1211
1173
1250
1251
1149
1257
1199
1144
1249
1254
1199
1279
1248
1366
1150
1253
1358
1223
1188
1256
1267
1236
1329
1273
1187
1220
1194
1237
1288
1268
1252
1248
1241
1241
1359
1228
1220
1185
1214
1256
1229
1138
1225
1282
1230
1176
1252
1248
1166
1147
1191
1160
1166
1213
1271
1298
1263
1214
1240
1099
1212
1162
1282
1259
1172
1221
1189
1241
1189
1167
1194
1203
1270
1190
1153
1172
1164
1337
1204
1166
1249
1242
1186
1195
1170
1219
1155
1195
1213
1137
1162
1196
1195
1145
1221
1309
1268
1303
1246
1269
1245
1143
1117
1256
1269
1247
1257
1162
1286
1232
1078
1262
1270
1200
1232
1158
1157
1321
1238
1186
1279
1211
1284
1242
1275
1244
1254
1183
1187
1229
1216
1233
1326
1179
1200
1246
1181
1132
1228
1236
1264
1189
1198
1175
1088
1238
1200
1197
1227
1207
1158
1185
1332
1249
1232
1261
1246
1280
1327
1190
1307
1260
1236
1257
1243
1139
1227
1135
1208
1219
1241
1127
1162
1133
1270
1229
1304
1162
1301
1265
1129
1162
1269
1184
1166
1132
1094
1186
1216
1116
1167
1205
1197
1103
1164
1197
1149
1256
1275
1106
1212
1219
1264
1181
1314
1167
1187
1287
1167
1219
1231
1234
1180
1174
1162
1088
1211
1153
1236
1196
1265
1228
1283
1175
1401
1239
1228
1239
1201
1197
1233
1197
1291
1269
1182
1195
1243
1182
1206
1296
1204
1274
1228
1177
1259
1276
1160
1230
1254
1167
1224
1120
1222
1184
1110
1267
1209
1282
1217
1213
1241
1172
1167
1178
1171
1172
1143
1191
1177
1200
1201
1258
1189
1238
1190
1255
1302
1217
1195
1219
1262
1121
1193
1262
1190
1170
1155
1174
1126
1151
1263
1222
1268
1123
1180
1225
1124
1271
1286
1266
1211
1224
1213
1279
1149
1267
1218
1264
1255
1183
1204
1233
1321
1163
1171
1142
1105
1226
1234
1223
1300
1212
1143
1185
1204
1223
1313
1230
1203
1242
1182
1245
1138
1208
1115
1245
1311
1224
1189
1211
1219
1258
1161
1262
1169
1226
1200
1181
1220
1212
1138
1215
1233
1226
1237
1208
1145
1205
1233
1279
1143
1312
1242
1244
1210
1304
1211
1205
1244
1257
1249
1296
1439
1162
1243
1228
1154
1202
1200
1233
1181
1143
1112
1133
1284
1265
1216
1240
1302
1136
1249
1162
1320
1169
1246
1261
1173
1342
1218
1246
1200
1343
1315
1297
1266
1136
1221
1169
1177
1197
1197
1220
1207
1097
1123
1166
1156
1249
1199
1173
1201
1061
1285
1280
1152
1206
1105
1153
1191
1253
1223
1228
1186
1157
1240
1152
1198
1191
1237
1161
1214
1159
1103
1274
1351
1217
1159
1263
1295
1243
1160
1139
1172
1187
1252
1214
1193
1272
1235
1175
1175
1230
1135
1231
1188
1160
1299
1227
1220
1236
1199
1143
1172
1264
1245
1151
1096
1192
1262
1105
1182
1201
1204
1263
1257
1197
1219
