1466
1368
1436
1381
1430
1347
1363
1374
1440
1335
1304
1362
1418
1437
1360
1400
1389
1421
1445
1373
1432
1453
1407
1438
1310
1477
1374
1364
1471
1435
1385
1476
1356
1334
1449
1330
1383
1418
1511
1556
1448
1445
1395
1315
1346
1407
1421
1435
1393
1436
1483
1423
1410
1350
1376
1433
1337
1341
1306
1343
1400
1375
1375
1404
1379
1405
1325
1441
1311
1448
1413
1423
1459
1419
1366
1378
1509
1406
1394
1427
1407
1421
1402
1446
1349
1435
1425
1346
1421
1437
1363
1405
1437
1365
1434
1405
1369
1364
1423
1412
1393
1369
1445
1507
1472
1384
1415
1506
1519
1380
1379
1309
1356
1403
1468
1339
1402
1277
1315
1472
1349
1444
1378
1288
1402
1344
1399
1426
1368
1422
1379
1487
1403
1356
1373
1408
1380
1317
1352
1369
1405
1298
1334
1315
1399
1372
1372
1470
1382
1343
1364
1419
1303
1357
1337
1300
1386
1341
1397
1371
1304
1389
1392
1374
1445
1409
1328
1456
1417
1356
1363
1392
1420
1398
1482
1428
1369
1390
1338
1339
1436
1336
1373
1280
1374
1360
1460
1377
1445
1356
1441
1398
1421
1354
1377
1411
1426
1280
1304
1268
1392
1506
1425
1396
1352
1440
1406
1316
1439
1450
1310
1399
1286
1405
1389
1368
1365
1369
1351
1481
1346
1443
1256
1404
1424
1388
1376
1421
1446
1357
1452
1390
1339
1427
1372
1358
1413
1379
1377
1448
1418
1347
1387
1394
1427
1395
1389
1330
1340
1368
1296
1356
1414
1401
1421
1480
1389
1513
1430
1366
1523
1377
1362
1343
1357
1332
1441
1370
1394
1379
1383
1484
1441
1425
1493
1452
1411
1432
1348
1371
1415
1423
1344
1345
1357
1422
1388
1419
1372
1398
1404
1309
1346
1423
1443
1413
1413
1356
1456
1392
1341
1446
1311
1447
1353
1321
1397
1339
1400
1361
1339
1354
1489
1345
1373
1376
1442
1351
1515
1518
1327
1305
1337
1480
1344
1314
1382
1344
1308
1217
1358
1431
1407
1395
1471
1444
1398
1409
1389
1410
1391
1440
1322
1376
1436
1356
1383
1492
1366
1464
1395
1425
1507
1421
1379
1427
1306
1377
1374
1418
1450
1374
1360
1341
1290
1369
1441
1429
1337
1351
1429
1462
1410
1354
1298
1294
1355
1440
1352
1306
1339
1452
1481
1343
1339
1254
1381
1470
1390
1361
1405
1427
1415
1498
1472
1453
1439
1426
1464
1416
1356
1324
1317
1320
1413
1398
1363
1390
1485
1344
1342
1394
1419
1412
1433
1420
1313
1489
1349
1393
1261
1424
1332
1306
1420
1389
1337
1363
1377
1401
1388
1426
1351
1376
1399
1396
1430
1500
1317
1317
1303
1320
1335
1349
1312
1339
1329
1396
1314
1412
1360
1440
1343
1296
1406
1485
1394
1445
1421
1417
1440
1343
1427
1392
1449
1312
1427
1380
1446
1287
1418
1349
1417
1284
1420
1452
1373
1401
1278
1367
1429
1427
1493
1311
1432
1396
1385
1419
1370
1413
1280
1434
1486
1398
1351
1434
1378
1327
1389
1339
1360
1336
1395
1346
1275
1394
1488
1434
1440
1399
1423
1371
1336
1428
1468
1399
1453
1297
1312
1434
1296
1375
1280
1498
1390
1351
1459
1492
1404
1413
1416
1376
1394
1387
1326
1415
1300
1350
1265
1280
1366
1374
1422
1507
1407
1427
1390
1400
1466
1361
1420
1476
1401
1419
1306
1379
1396
1387
1326
1437
1410
1365
1363
1400
1450
1417
1345
1370
1410
1352
1428
1332
1412
1339
1376
1426
1362
1488
1446
1326
1450
1355
1474
1423
1329
1339
1354
1323
1318
1331
1352
1411
1382
1345
1372
1357
1404
1382
1414
1398
1382
1384
1257
1377
1428
1408
1429
1362
1338
1365
1436
1370
1293
1421
1324
1371
1368
1378
1482
1358
1386
1360
1434
1365
1350
1377
1452
1332
1346
1372
1364
1325
1353
1331
1369
1347
1392
1396
1389
1311
1288
1383
1441
1373
1362
1367
1398
1378
1314
1382
1401
1380
1462
1394
1382
1355
1375
1418
1414
1363
1376
1295
1358
1433
1388
1325
1324
1343
1417
1313
1314
1436
1397
1425
1344
1352
1400
1347
1345
1305
1370
1384
1331
1411
1401
1353
1354
1352
1366
1447
1465
1366
1422
1295
1359
1371
1357
1370
1380
1415
1375
1381
1395
1337
1348
1278
1322
1355
1338
1292
1378
1316
1424
1348
1312
1332
1413
1397
1268
1402
1350
1346
1464
1384
1357
1393
1509
1343
1346
1410
1382
1343
1385
1413
1459
1471
1391
1309
1356
1370
1358
1361
1381
1400
1399
1242
1357
1402
1285
1392
1391
1406
1499
1418
1421
1424
1398
1383
1377
1327
1459
1388
1363
1302
1418
1355
1385
1419
1366
1453
1488
1404
1417
1332
1410
1464
1464
1404
1381
1352
1396
1301
1325
1356
1412
1307
1282
1314
1403
1361
1344
1428
1336
1377
1348
1451
1408
1317
1322
1417
1339
1385
1343
1337
1401
1418
1359
1382
1314
1374
1346
1283
1392
1337
1445
1349
1350
1375
1283
1396
1312
1384
1385
1326
1375
1364
1383
1354
1413
1361
1337
1425
1408
1362
1282
1407
1388
1460
1354
1335
1311
1326
1384
1445
1450
1332
1341
1379
1475
1360
1381
1388
1333
1298
1476
1425
1404
1291
1379
1342
1458
1472
1366
1402
1389
1321
1385
1323
1370
1403
1369
1321
1263
1417
1470
1276
1347
1420
1518
1471
1522
1324
1351
1274
1414
1441
1325
1464
1336
1351
1358
1328
1408
1423
1364
1397
1370
1391
1422
1445
1421
1370
1455
1446
1499
1339
1418
1403
1280
1321
1411
1344
1314
1393
1350
1426
1361
1529
1341
1311
1411
1397
1436
1356
1375
1414
1393
1329
1318
1319
1371
1225
1460
1326
1398
1338
1351
1363
1301
1367
1439
1377
1354
1437
1414
1446
1396
1294
1373
1259
1375
1343
1309
1398
1403
1388
1374
1310
1432
1370
1401
1408
1394
1411
1447
1394
1407
1345
1353
1393
1368
1396
1322
1290
1348
1444
1396
1421
1437
1477
1455
1397
1513
1551
1401
1373
1367
1420
1304
1333
1390
1487
1327
1454
1487
1349
1439
1384
1484
1423
1448
1431
1425
1370
1371
1391
1397
1329
1294
1394
1357
1409
1487
1320
1353
1391
1371
1468
1465
1426
1397
1355
1433
1347
1380
1260
1427
1380
1418
1407
1373
1393
1422
1409
1458
1369
1436
1367
1421
1455
1503
1341
1234
1533
1370
1266
1380
1429
1410
1342
1396
1415
1405
1333
1386
1464
1389
1415
1470
1444
1388
1352
1351
1391
1311
1358
1434
1369
1451
1407
1388
1308
1359
1447
1401
1343
1377
1375
1454
1365
1446
1375
1345
1425
1425
1342
1398
1365
1276
1356
1464
1388
1475
1441
1424
1413
1467
1478
1459
1276
1267
1450
1397
1366
1396
1364
1396
1423
1409
1378
1336
1497
1426
1411
1287
1382
1427
1375
1415
1348
1447
1438
1462
1390
1319
1429
1311
1356
1402
1369
1453
1410
1366
1363
1397
1324
1405
1384
1386
1341
1400
1463
1389
1294
1363
1373
1365
1335
1357
1382
1364
1286
1423
1292
1392
1352
1392
1351
1383
1438
1424
1513
1394
1378
1311
1443
1426
1427
1445
1405
1300
1429
1392
1288
1402
1341
1259
1303
1400
1467
1378
1333
1454
1296
1336
1326
1345
1366
1308
1423
1434
1436
1380
1306
1419
1293
1351
1323
1395
1390
1410
1444
1393
1420
1465
1442
1373
1377
1331
1321
1386
1339
1337
1502
1371
1475
1347
1456
1421
1466
1350
1385
1435
1314
1399
1411
1306
1361
1424
1359
1338
1292
1434
1435
1328
1413
1309
1486
1295
1343
1369
1264
1372
1338
1350
1427
1436
1413
1344
1351
1382
1286
1333
1301
1406
1374
1387
1471
1470
1427
1476
1515
1412
1405
1418
1423
1381
1452
1351
1299
1332
1387
1334
1359
1333
1440
1353
1295
1457
1366
1401
1352
1433
1443
1361
1407
1345
1448
1477
1353
1383
1416
1347
1399
1408
1393
1402
1448
1411
1395
1377
1450
1507
1410
1297
1475
1400
1421
1366
1369
1428
1492
1548
1385
1293
1290
1306
1340
1318
1267
1348
1291
1352
1351
1360
1321
1367
1406
1352
1356
1350
1413
1333
1359
1361
1431
1414
1382
1428
1318
1273
1303
1380
1316
1370
1269
1409
1360
1431
1374
1401
1502
1505
1403
1434
1423
1355
1330
1366
1305
1336
1314
1329
1360
1359
1362
1420
1466
1335
1255
1329
1363
1334
1426
1425
1409
1344
1463
1430
1343
1351
1373
1265
1433
1342
1448
1391
1385
1358
1325
1370
1429
1393
1420
1398
1334
1399
1463
1389
1360
1300
1312
1280
1451
1448
1383
1405
1393
1471
1327
1373
1448
1405
1354
1453
1459
1305
1409
1314
1356
1422
1481
1365
1403
1403
1337
1374
1419
1397
1247
1378
1388
1363
1342
1306
1429
1488
1467
1369
1358
1452
1401
1338
1472
1477
1464
1440
1326
1318
1406
1433
1329
1336
1452
1429
1410
1414
1382
1408
1411
1348
1435
1346
1465
1382
1364
1325
1345
1405
1377
1332
1346
1386
1466
1386
1363
1414
1347
1406
1431
1457
1454
1443
1343
1470
1415
1436
1467
1392
1374
1291
1383
1463
1348
1342
1319
1399
1405
1469
1399
1469
1419
1390
1478
1426
1457
1383
1417
1375
1399
1444
1322
1382
1278
1284
1447
1502
1398
1407
1508
1421
1371
1389
1361
1313
1352
1422
1372
1368
1424
1421
1448
1393
1338
1441
1398
1438
1413
1347
1454
1368
1302
1461
1402
1452
1383
1329
1281
1394
1321
1360
1417
1423
1364
1360
1346
1517
1431
1343
1468
1518
1492
1447
1386
1413
1421
1364
1354
1494
1371
1406
1406
1398
1399
1384
1450
1366
1364
1413
1416
1400
1439
1395
1374
1419
1419
1402
1374
1396
1402
1404
1314
1312
1307
1366
1439
1464
1367
1381
1389
1400
1336
1329
1369
1407
1342
1359
1286
1361
1423
1319
1327
1376
1428
1432
1379
1337
1388
1325
1352
1467
1375
1387
1419
1434
1356
1360
1358
1440
1415
1337
1334
1306
1372
1350
1323
1382
1376
1395
1425
1397
1404
1382
1360
1416
1386
1472
1344
1253
1432
1326
1342
1392
1319
1321
1395
1371
1368
1385
1498
1384
1348
1391
1379
1330
1344
1397
1372
1424
1317
1420
1369
1440
1523
1476
1361
1465
1328
1551
1389
1345
1420
1356
1291
1384
1402
1421
1435
1403
1430
1307
1373
1394
1397
1407
1293
1368
1296
1387
1389
1464
1347
1420
1325
1393
1427
1453
1356
1446
1434
1456
1394
1461
1353
1341
1347
1291
1417
1413
1367
1324
1519
1424
1416
1403
1312
1440
1352
1475
1300
1307
1463
1323
1343
1354
1340
1464
1324
1307
1365
1373
1377
1452
1413
1444
1282
1393
1367
1411
1418
1395
1386
1424
1421
1426
1413
1318
1381
1410
1417
1398
1412
1467
1351
1352
1487
1301
1296
1451
1437
1348
1399
1363
1450
1400
1383
1385
1422
1354
1425
1278
1400
1369
1368
1474
1339
1327
1345
1381
1398
1427
1398
1425
1461
1309
1456
1454
1493
1383
1353
1340
1437
1460
1325
1346
1285
1409
1305
1341
1348
1331
1357
1346
1510
1465
1297
1281
1430
1289
1366
1308
1371
1353
1309
1518
1381
1428
1366
1418
1407
1345
1388
1469
1355
1386
1391
1313
1350
1359
1374
1297
1460
1406
1332
1377
1385
1271
1405
1376
1490
1364
1327
1379
1264
1303
1356
1376
1327
1424
1306
1311
1301
1288
1332
1377
1388
1402
1469
1419
1332
1370
1395
1348
1453
1404
1485
1272
1398
1477
1401
1356
1273
1378
1351
1418
1329
1409
1368
1500
1283
1402
1470
1339
1317
1485
1358
1391
1409
1354
1383
1479
1343
1361
1440
1450
1393
1337
1377
1383
1340
1397
1430
1428
1440
1333
1382
1435
1413
1310
1240
1364
1310
1296
1297
1466
1404
1452
1318
1414
1390
1408
1437
1323
1471
1404
1385
1440
1392
1322
1335
1372
1401
1339
1438
1394
1354
1384
1411
1405
1314
1430
1394
1376
1302
1375
1388
1388
1395
1487
1375
1456
1481
1410
1314
1519
1383
1362
1430
1417
1287
1363
1465
1399
1338
1400
1324
1393
1332
1438
1410
1411
1451
1385
1444
1356
1367
1435
1383
1446
1502
1389
1353
1376
1422
1461
1512
1360
1338
1405
1312
1444
1374
1314
1365
1272
1290
1403
1461
1365
1415
1347
1423
1375
1390
1426
1372
1369
1435
1439
1445
1414
1511
1331
1424
1347
1363
1334
1366
1387
1387
1358
1327
1417
1393
1494
1390
1371
1439
1443
1417
1351
1489
1391
1418
1391
1386
1345
1403
1365
1398
1499
1309
1413
1428
1377
1393
1366
1350
1410
1398
1403
1384
1312
1451
1439
1372
1391
1332
1280
1454
1468
1502
1431
1422
1418
1445
1418
1425
1373
1421
1377
1426
1415
1395
1383
1344
1353
1369
1426
1395
1356
1367
1430
1416
1442
1419
1358
1315
1384
1448
1373
1356
1420
1303
1419
1472
1507
1441
1361
1432
1351
1260
1351
1361
1364
1378
1347
1253
1348
1414
1383
1423
1340
1401
1414
1306
1432
1381
1422
1453
1410
1317
1303
1520
1390
1360
1387
1422
1368
1347
1440
1384
1383
1370
1336
1361
1437
1336
1391
1412
1410
1421
1404
1410
1385
1354
1338
1370
1311
1364
1339
1472
1439
1316
1382
1524
1422
1461
1510
1456
1435
1477
1448
1409
1398
1419
1368
1419
1448
1436
1398
1315
1466
1356
1412
1476
1491
1389
1469
1417
1310
1416
1443
1343
1485
1381
1465
1439
1327
1401
1342
1429
1472
1398
1449
1394
1428
1362
1413
1359
1451
1334
1460
1313
1379
1374
1396
1425
1220
1496
1357
1347
1443
1357
1409
1431
1436
1366
1476
1393
1272
1347
1395
1375
1323
1357
1360
1259
1362
1417
1385
1335
1418
1438
1400
1465
1430
1438
1427
1423
1347
1336
1374
1384
1357
1278
1409
1396
1431
1348
1414
1433
1446
1401
1383
1393
1375
1456
1380
1453
1405
1386
1465
1497
1385
1390
1332
1419
1411
1369
1399
1412
1355
1338
1354
1422
1450
1348
1415
1309
1409
1497
1377
1386
1267
1315
1313
1392
1379
1378
1293
1406
1341
1352
1323
1425
1462
1410
1431
1412
1400
1457
1394
1334
1363
1396
1453
1470
1490
1438
1388
1476
1371
1414
1399
1304
1455
1433
1459
1362
1413
1343
1330
1416
1438
1357
1322
1305
1328
1448
1314
1465
1392
1338
1406
1375
1437
1326
1294
1375
1308
1401
1320
1360
1354
1412
1436
1310
1392
1385
1334
1478
1424
1458
1450
1451
1430
1342
1460
1405
1422
1331
1362
1389
1477
1355
1285
1331
1439
1287
1225
1414
1473
1327
1351
1436
1430
1540
1484
1422
1373
1322
1437
1370
1303
1372
1430
1348
1282
1445
1424
1403
1385
1409
1410
1391
1363
1410
1353
1351
1455
1402
1406
1479
1402
1346
1353
1426
1392
1428
1460
1438
1395
1335
1321
1383
1437
1450
1431
1350
1328
1335
1395
1390
1339
1354
1384
1357
1385
1308
1379
1362
1425
1274
1361
1342
1403
1431
1432
1382
1339
1445
1342
1387
1432
1410
1371
1382
1398
1403
1486
1318
1410
1361
1430
1397
1384
1399
1377
1425
1362
1388
1299
1404
1500
1371
1273
1386
1336
1371
1435
1410
1358
1367
1445
1386
1367
1404
1362
1456
1350
1330
1419
1389
1431
1414
1345
1414
1428
1430
1385
1415
1378
1356
1410
1288
1424
1348
1295
1408
1447
1468
1419
1320
1184
1417
1334
1389
1362
1291
1424
1367
1353
1349
1422
1367
1327
1353
1295
1440
1445
1405
1422
1441
1361
1386
1452
1363
1437
1391
1360
1428
1361
1466
1457
1450
1347
1321
1368
1401
1363
1454
1338
1272
1398
1444
1453
1467
1347
1324
1411
1356
1369
1473
1343
1431
1368
1276
1343
1326
1484
1444
1384
1350
1479
1363
1414
1452
1461
1411
1320
1458
1374
1421
1390
1418
1294
1313
1471
1475
1418
1454
1271
1428
1417
1355
1457
1387
1313
1390
1531
1469
1393
1349
1390
1346
1372
1358
1375
1388
1389
1444
1418
1456
1305
1489
1427
1422
1350
1372
1431
1294
1396
1414
1450
1370
1367
1355
1375
1380
1461
1424
1420
1430
1270
1314
1528
1425
1404
1357
1406
1388
1333
1409
1314
1427
1407
1453
1491
1447
1543
1382
1306
1467
1411
1384
1438
1393
1379
1381
1396
1457
1444
1395
1436
1308
1335
1336
1358
1335
1395
1336
1384
1385
1488
1352
1480
1376
1431
1425
1412
1370
1392
1467
1227
1327
1303
1396
1353
1462
1389
1350
1458
1382
1441
1403
1424
1312
1430
1345
1393
1319
1339
1316
1393
1351
1352
1349
1437
1390
1381
1460
1499
1356
1309
1446
1409
1325
1386
1307
1363
1439
1448
1397
1463
1431
1293
1408
1525
1369
1378
1403
1375
1481
1438
1372
1344
1369
1340
1434
1469
1427
1446
1424
1417
1438
1349
1370
1332
1372
1458
1401
1365
1239
1316
1372
1352
1347
1372
1382
1404
1348
1349
1399
1384
1342
1369
1439
1406
1424
1422
1413
1508
1422
1341
1346
1416
1356
1470
1410
1407
1533
1304
1348
1401
1353
1336
1416
1530
1369
1428
1350
1443
1417
1411
1429
1414
1405
1346
1437
1370
1336
1446
1449
1392
1303
1491
1439
1328
1331
1410
1359
1316
1397
1483
1452
1385
1298
1374
1425
1401
1386
1373
1244
1407
1403
1341
1366
1456
1360
1365
1359
1433
1498
1400
1480
1429
1256
1359
1366
1429
1360
1427
1345
1356
1353
1332
1502
1430
1413
1400
1357
1308
1364
1362
1313
1434
1320
1441
1406
1440
1341
1450
1416
1401
1324
1419
1331
1459
1397
1357
1460
1412
1383
1478
1346
1431
1430
1279
1430
1354
1349
1309
1320
1423
1372
1299
1412
1411
1479
1331
1436
1361
1394
1325
1381
1434
1366
1480
1383
1440
1355
1387
1402
1428
1448
1418
1408
1326
1313
1335
1449
1477
1276
1389
1303
1492
1337
1355
1414
1317
1354
1385
1337
1364
1404
1267
1370
1504
1441
1335
1409
1339
1427
1326
1321
1401
1394
1331
1460
1299
1363
1384
1417
1332
1473
1369
1393
1395
1358
1388
1376
1543
1410
1414
1377
1290
1450
1404
1496
1345
1401
1396
1422
1341
1449
1372
1367
1323
1417
1452
1455
1437
1485
1372
1421
1366
1450
1434
1424
1400
1365
1303
1337
1352
1422
1408
1322
1452
1324
1329
1332
1418
1383
1401
1299
1382
1352
1440
1405
1336
1423
1372
1329
1414
1370
1402
1345
1389
1435
1291
1438
1488
1423
1333
1412
1390
1422
1380
1381
1386
1428
1352
1325
1509
1380
1252
1450
1431
1410
1369
1453
1464
1356
1384
1385
1430
1345
1370
1342
1395
1401
1469
1346
1344
1494
1523
1373
1505
1397
1399
1344
1382
1432
1284
1405
1383
1414
1454
1381
1413
1456
1439
1443
1478
1443
1321
1415
1453
1416
1448
1317
1349
1361
1396
1355
1397
1311
1437
1353
1350
1369
1407
1440
1386
1302
1455
1477
1348
1463
1412
1255
1292
1321
1425
1416
1426
1439
1418
1358
1413
1407
1417
1453
1398
1417
1368
1386
1348
1311
1403
1444
1369
1349
1377
1319
1388
1468
1451
1465
1375
1420
1379
1424
1351
1346
1385
1322
1427
1362
1409
1536
1406
1317
1420
1579
1404
1357
1433
1415
1332
1387
1412
1402
1395
1331
1420
1376
1324
1325
1436
1377
1498
1425
1322
1426
1405
1262
1392
1380
1341
1407
1386
1366
1387
1411
1363
1501
1422
1436
1550
1365
1507
1407
1508
1358
1321
1401
1398
1335
1386
1453
1447
1435
1353
1332
1332
1394
1373
1392
1488
1470
1474
1371
1385
1302
1364
1395
1371
1325
1417
1390
1364
1465
1416
1392
1284
1392
1527
1426
1388
1315
1334
1410
1366
1401
1345
1367
1316
1410
1313
1330
1381
1431
1307
1378
1356
1421
1351
1377
1355
1404
1431
1440
1367
1382
1398
1251
1468
1398
1427
1359
1437
1475
1391
1370
1503
1285
1319
1420
1447
1432
1481
1509
1509
1379
1396
1412
1412
1340
1314
1361
1391
1428
1295
1423
1369
1386
1371
1339
1446
1454
1382
1412
1456
1345
1492
1325
1352
1350
1359
1266
1438
1395
1406
1373
1386
1460
1358
1456
1400
1387
1327
1349
1434
1312
1340
1398
1387
1349
1372
1368
1367
1340
1416
1410
1415
1325
1447
1395
1464
1422
1422
1353
1434
1523
1352
1432
1396
1344
1303
1406
1283
1325
1405
1323
1371
1376
1253
1438
1448
1334
1377
1365
1328
1394
1404
1413
1403
1316
1372
1413
1350
1363
1503
1527
1396
1349
1392
1431
1411
1496
1433
1384
1447
1327
1346
1341
1404
1377
1394
1419
1429
1446
1462
1310
1441
1453
1451
1339
1315
1407
1366
1344
1359
1363
1301
1431
1439
1410
1317
1288
1363
1443
1356
1430
1500
1434
1417
1417
1398
1344
1355
1325
1369
1365
1326
1344
1429
1426
1413
1354
1408
1286
1358
1439
1334
1342
1404
1374
1324
1327
1398
1394
1424
1420
1454
1377
1421
1425
1377
1443
1380
1412
1316
1349
1378
1337
1341
1409
1406
1349
1350
1324
1384
1417
1476
1485
1363
1405
1388
1369
1327
1370
1362
1431
1412
1287
1382
1374
1345
1353
1375
1462
1440
1354
1432
1498
1381
1329
1352
1371
1374
1356
1318
1378
1371
1459
1449
1444
1386
1468
1405
1466
1404
1465
1360
1382
1519
1405
1316
1354
1384
1300
1390
1438
1391
1452
1316
1384
1511
1430
1482
1379
1359
1439
1365
1381
1378
1518
1295
1401
1384
1382
1364
1441
1368
1327
1440
1414
1527
1368
1420
1393
1474
1423
1381
1368
1377
1458
1360
1448
1342
1480
1370
1450
1389
1418
1315
1460
1354
1326
1401
1531
1254
1367
1315
1454
1328
1303
1476
1432
1366
1353
1438
1391
1378
1453
1381
1333
1417
1382
1323
1416
1470
1389
1398
1343
1404
1332
1407
1422
1442
1323
1348
1376
1378
1401
1420
1404
1396
1466
1290
1403
1364
1356
1348
1466
1406
1454
1449
1375
1357
1367
1296
1391
1453
1370
1388
1326
1416
1329
1341
1403
1282
1401
1395
1391
1382
1381
1432
1397
1346
1435
1394
1268
1350
1418
1373
1406
1374
1387
1373
1375
1330
1329
1465
1413
1402
1432
1410
1425
1426
1346
1342
1405
1381
1327
1353
1376
1424
1390
1348
1364
1370
1524
1493
1289
1427
1458
1335
1444
1415
1335
1351
1352
1417
1418
