1219
1087
1223
1203
1227
1169
1209
1196
1129
1162
1104
1182
1128
1070
1238
1118
1192
1145
1137
1257
1206
1122
1196
1152
1154
1177
1222
1159
1219
1211
1169
1187
1188
1318
1259
1108
1238
1174
1170
1152
1152
1176
1186
1122
1148
1175
1171
1195
1216
1279
1245
1210
1207
1190
1161
1133
1139
1234
1226
1220
1113
1201
1204
1188
1238
1150
1162
1211
1176
1236
1190
1217
1202
1150
1179
1159
1261
1243
1169
1201
1235
1182
1240
1207
1224
1235
1129
1203
1193
1191
1126
1120
1135
1135
1140
1164
1077
1248
1236
1245
1179
1200
1171
1163
1162
1149
1196
1281
1173
1163
1101
1145
1253
1184
1177
1169
1147
1255
1189
1158
1160
1110
1194
1286
1255
1227
1202
1249
1149
1249
1205
1214
1186
1259
1252
1296
1207
1154
1092
1251
1154
1117
1194
1172
1137
1172
1236
1217
1243
1222
1331
1283
1188
1182
1205
1162
1248
1126
1163
1201
1178
1116
1113
1169
1172
1186
1250
1155
1185
1285
1190
1127
1204
1256
1120
1236
1267
1130
1198
1172
1160
1235
1211
1259
1252
1076
1226
1126
1208
1093
1197
1108
1152
1238
1230
1228
1197
1110
1126
1151
1188
1217
1210
1156
1173
1150
1115
1234
1121
1219
1349
1174
1262
1136
1374
1262
1257
1184
1111
1204
1150
1225
1177
1191
1199
1173
1223
1115
1199
1280
1243
1184
1122
1165
1231
1152
1133
1213
1154
1148
1241
1122
1185
1154
1188
1171
1166
1203
1216
1246
1198
1172
1150
1216
1162
1140
1165
1093
1089
1232
1227
1209
1247
1185
1231
1160
1191
1130
1309
1220
1175
1160
1157
1167
1260
1120
1234
1179
1224
1101
1197
1180
1283
1128
1125
1138
1282
1168
1162
1165
1232
1196
1173
1095
1198
1203
1163
1245
1205
1122
1171
1241
1274
1198
1203
1198
1207
1187
1254
1152
1151
1154
1171
1168
1205
1214
1264
1246
1255
1224
1304
1230
1247
1151
1278
1241
1131
1242
1109
1075
1104
1225
1198
1166
1101
1168
1165
1329
1213
1274
1164
1219
1278
1135
1212
1219
1214
1138
1213
1137
1234
1213
1176
1172
1171
1302
1219
1118
1121
1253
1234
1320
1216
1184
1330
1168
1222
1184
1224
1254
1209
1245
1240
1242
1220
1304
1194
1096
1157
1187
1174
1059
1124
1243
1150
1172
1171
1304
1160
1161
1221
1125
1298
1146
1204
1291
1157
1073
1094
1119
1205
1128
1215
1157
1178
1124
1206
1149
1306
1212
1236
1167
1174
1197
1139
1222
1182
1228
1212
1092
1196
1174
1148
1186
1206
1136
1242
1267
1218
1274
1193
1251
1284
1247
1088
1241
1154
1212
1286
1221
1204
1204
1156
1185
1309
1286
1189
1180
1159
1223
1200
1209
1186
1170
1214
1181
1106
1220
1087
1166
1144
1248
1140
1281
1212
1121
1091
1240
1170
1293
1142
1224
1216
1147
1246
1196
1126
1315
1120
1166
1166
1111
1250
1234
1196
1176
1169
1170
1086
1073
1120
1159
1158
1164
1199
1202
1284
1188
1253
1161
1122
1224
1136
1170
1147
1124
1194
1139
1158
1188
1188
1153
1124
1126
1136
1207
1181
1135
1227
1250
1268
1286
1264
1152
1202
1221
1127
1137
1215
1138
1278
1218
1159
1129
1181
1189
1105
1151
1150
1221
1100
1177
1169
1160
1161
1187
1149
1138
1176
1130
1129
1177
1255
1268
1170
1250
1206
1203
1124
1185
1195
1130
1186
1107
1192
1174
1112
1106
1209
1201
1216
1234
1220
1202
1120
1220
1162
1233
1289
1259
1227
1187
1203
1213
1152
1243
1184
1192
1181
1191
1258
1131
1177
1181
1084
1106
1239
1178
1262
1194
1214
1255
1183
1196
1290
1231
1238
1183
1174
1362
1205
1241
1100
1182
1244
1189
1211
1132
1247
1081
1262
1214
1118
1138
1211
1254
1303
1162
1163
1196
1228
1114
1126
1154
1162
1188
1148
1090
1152
1125
1201
1166
1257
1208
1164
1132
1219
1219
1095
1201
1105
1185
1231
1063
1178
1113
1202
1133
1153
1188
1222
1173
1193
1164
1139
1296
1183
1194
1277
1182
1222
1175
1192
1278
1278
1180
1143
1203
1184
1108
1089
1132
1178
1095
1178
1212
1113
1044
1125
1236
1171
1180
1134
1259
1205
1099
1175
1192
1176
1157
1066
1158
1217
1179
1112
1264
1175
1184
1152
1137
1218
1167
1227
1094
1117
1164
1174
1226
1176
1155
1207
1199
1299
1142
1210
1114
1132
1148
1226
1175
1232
1145
1105
1258
1183
1138
1124
1286
1222
1233
1247
1155
1182
1276
1104
1188
1098
1139
1137
1166
1039
1185
1038
1163
1170
1172
1214
1227
1170
1191
1188
1103
1231
1146
1161
1199
1180
1135
1154
1123
1014
1267
1237
1210
1134
1184
1138
1141
1199
1237
1085
1135
1279
1124
1158
1060
1140
1276
1265
1145
1166
1177
1230
1154
1130
1175
1137
1303
1210
1285
1119
1225
1169
1253
1136
1202
1153
1126
1203
1162
1214
1238
1144
1257
1192
1179
1181
1214
1055
1247
1081
1209
1142
1181
1157
1095
1137
1192
1206
1091
1227
1239
1193
1168
1304
1238
1153
1134
1220
1250
1209
1209
1210
1220
1190
1223
1159
1145
1289
1143
1229
1225
1129
1154
1175
1188
1191
1220
1107
1184
1195
1088
1230
1153
1220
1204
1154
1216
1175
1148
1169
1165
1186
1160
1181
1263
1222
1224
1142
1185
1262
1103
1142
1154
1246
1188
1239
1285
1203
1229
1154
1212
1182
1323
1191
1131
1247
1109
1102
1084
1165
1145
1263
1174
1125
1133
1133
1280
1157
1262
1264
1230
1261
1248
1159
1285
1182
1167
1147
1131
1179
1200
1125
1177
1111
1129
1248
1205
1145
1231
1169
1162
1185
1194
1125
1177
1130
1201
1219
1173
1110
1112
1167
1172
1152
1203
1244
1160
1189
1173
1247
1235
1056
1298
1232
1272
1242
1167
1199
1091
1169
1135
1111
1149
1230
1189
1193
1190
1185
1232
1253
1121
1170
1248
1196
1089
1142
1154
1168
1150
1198
1109
1200
1327
1168
1153
1172
1107
1216
1105
1092
1237
1212
1216
1229
1301
1221
1137
1120
1171
1140
1158
1121
1177
1207
1154
1142
1170
1128
1128
1123
1181
1192
1226
1172
1193
1271
1236
1247
1191
1309
1185
1142
1145
1179
1081
1169
1280
1198
1179
1136
1174
1234
1165
1092
1135
1246
1113
1255
1199
1273
1198
1197
1195
1209
1151
1200
1106
1157
1313
1218
1230
1258
1261
1298
1203
1218
1258
1159
1209
1284
1250
1301
1280
1269
1217
1108
1190
1127
1137
1209
1061
1300
1208
1147
1113
1265
1202
1163
1260
1119
1194
1265
1176
1194
1094
1212
1155
1148
1157
1136
1156
1310
1173
1204
1175
1154
1221
1107
1211
1246
1125
1180
1187
1286
1122
1287
1169
1166
1178
1173
1153
1120
1174
1088
1126
1153
1120
1201
1226
1095
1111
1084
1237
1115
1100
1116
1207
1079
1181
1154
1182
1146
1031
1260
1199
1252
1136
1238
1263
1186
1351
1170
1226
1175
1197
1161
1124
1153
1254
1109
1110
1172
1163
1108
1172
1107
1111
1199
1181
1269
1171
1244
1187
1205
1249
1200
1240
1210
1148
1165
1104
1205
1160
1182
1198
1185
1161
1198
1143
1100
1267
1126
1111
1226
1203
1145
1199
1173
1184
1247
1078
1113
1204
1158
1130
1211
1140
1143
1175
1176
1158
1131
1150
1253
1147
1216
1177
1168
1106
1178
1252
1242
1118
1039
1178
1157
1148
1143
1259
1207
1286
1091
1099
1212
1147
1124
1226
1241
1092
1332
1207
1182
1163
1160
1178
1136
1101
1174
1290
1101
1201
1189
1158
1236
1233
1140
1154
1180
1079
1186
1168
1197
1206
1310
1174
1364
1142
1183
1072
1206
1214
1177
1163
1139
1193
1145
1263
1192
1071
1111
1063
1105
1129
1284
1193
1195
1087
1235
1134
1271
1256
1267
1266
1247
1221
1117
1178
1246
1174
1129
1139
1109
1067
1184
1187
1197
1237
1246
1215
1274
1233
1312
1309
1243
1200
1210
1215
1081
1140
1197
1180
1147
1225
1160
1109
1172
1186
1238
1208
1207
1181
1113
1138
1085
1148
1111
1191
1116
1142
1109
1194
1321
1166
1166
1197
1159
1224
1188
1239
1132
1150
1229
1104
1152
1165
1094
1221
1108
1167
1133
1120
1078
1265
1182
1219
1249
1220
1243
1166
1260
1202
1252
1147
1211
1161
1083
1238
1226
1134
1217
1267
1141
1047
1122
1255
1169
1202
1145
1145
1219
1094
1179
1121
1273
1204
1148
1229
1186
1055
1105
1137
1192
1132
1183
1141
1224
1191
1229
1253
1169
1229
1216
1319
1253
1076
1235
1246
1231
1121
1133
1240
1262
1329
1191
1155
1165
1075
1264
1169
1121
1240
1093
1248
1089
1090
1232
1074
1139
1154
1180
1135
1118
1265
1171
1098
1173
1209
1179
1188
1189
1152
1176
1173
1176
1142
1236
1300
1211
1192
1215
1145
1202
1135
1273
1154
1066
1138
1162
1235
1172
1267
1101
1280
1180
1209
1199
1149
1220
1238
1213
1215
1225
1104
1066
1175
1112
1228
1193
1197
1061
1150
1257
1172
1163
1139
1128
1250
1223
1126
1205
1201
1195
1101
1249
1094
1218
1211
1180
1140
1190
1211
1216
1195
1153
1194
1180
1235
1163
1202
1166
1209
1236
1096
1164
1067
1181
1185
1216
1191
1046
1055
1126
1185
1233
1192
1178
1165
1174
1113
1157
1179
1143
1141
1166
1143
1117
1273
1212
1274
1179
1232
1192
1189
1167
1118
1162
1190
1149
1225
1214
1228
1186
1164
1094
1177
1129
1196
1143
1121
1159
1153
1137
1075
1181
1107
1189
1160
1183
1178
1124
1253
1187
1180
1152
1133
1118
1176
1190
1111
1209
1160
1087
1204
1179
1253
1138
1150
1120
1252
1223
1173
1226
1166
1236
1160
1188
1111
1118
1258
1119
1165
1159
1153
1255
1226
1239
1214
1209
1142
1270
1156
1159
1208
1131
1210
1148
1148
1199
1152
1143
1118
1193
1273
1109
1234
1189
1169
1173
1251
1220
1167
1144
1164
1135
1193
1120
1070
1112
1188
1190
1205
1185
1139
1202
1201
1164
1275
1312
1134
1139
1158
1142
1178
1140
1067
1127
1163
1116
1128
1039
1194
1162
1174
1170
1065
1188
1216
1302
1225
1169
1243
1133
1202
1005
1042
1119
1080
1134
1032
1194
1150
1228
1185
1318
1237
1227
1137
1284
1171
1198
1103
1121
1139
1197
1075
1152
1107
1062
1127
1131
1238
1160
1172
1316
1196
1253
1240
1260
1228
1181
1160
1184
1202
1197
1158
1102
1089
1112
1139
1132
1234
1224
1245
1173
1183
1206
1196
1204
1172
1237
1095
1280
1149
1136
1175
1146
1153
1088
1260
1242
1179
1164
1156
1153
1125
1067
1129
1253
1148
1192
1137
1177
1134
1190
1117
1202
1232
1032
1170
1248
1200
1192
1196
1176
1184
1230
1176
1153
1140
1200
1043
1194
1220
1188
1091
1212
1195
1273
1158
1180
1188
1123
1172
1268
1214
1145
1162
1123
1092
1194
1109
1188
1129
1167
1236
1201
1158
1255
1122
1221
1175
1260
1218
1204
1183
1128
1235
1184
1190
1182
1188
1176
1221
1114
1178
1133
1172
1253
1225
1182
1187
1239
1155
1169
1138
1187
1232
1114
1218
1287
1211
1048
1165
1119
1068
1151
1132
1179
1265
1149
1206
1268
1162
1233
1197
1176
1173
1240
1206
1168
1171
1172
1112
1115
1183
1317
1116
1085
1151
1184
1286
1199
1248
1124
1167
1206
1173
1195
1146
1097
1093
1218
1149
1181
1099
1206
1176
1172
1178
1119
1241
1154
1248
1152
1157
1156
1197
1245
1171
1179
1235
1175
1244
1151
1079
1243
1121
1219
1133
1208
1167
1206
1149
1247
1232
1216
1171
1156
1254
1235
1263
1107
1187
1202
1160
1116
1243
1211
1161
1134
1071
1277
1088
1213
1162
1166
1195
1140
1259
1243
1209
1220
1189
1165
1188
1152
1226
1093
1086
1162
1161
1191
1151
1178
1165
1132
1286
1205
1159
1241
1373
1263
1248
1194
1186
1190
1215
1236
1210
1139
1169
1278
1127
1200
1230
1146
1193
1231
1182
1237
1260
1176
1141
1154
1152
1067
1148
1136
1246
1140
1131
1230
1139
1199
1222
1229
1171
1133
1132
1185
1225
1224
1204
1223
1176
1221
1115
1206
1197
1111
1179
1230
1108
1230
1162
1160
1165
1211
1045
1193
1114
1016
1170
1152
1188
1185
1237
1100
1215
1222
1221
1196
1152
1220
1163
1218
1194
1151
1210
1098
1203
1061
1196
1056
1203
1175
1129
1194
1197
1148
1169
1137
1171
1156
1026
1066
1210
1188
1173
1199
1152
1137
1279
1169
1297
1278
1172
1298
1172
1146
1206
1204
1183
1195
1060
1073
1105
1150
1135
1198
1199
1188
1221
1183
1138
1188
1189
1208
1175
1068
1132
1207
1222
1159
1223
1177
1142
1230
1131
1228
1327
1296
1125
1207
1173
1159
1158
1057
1188
1206
1111
1148
1087
1158
1189
1110
1140
1143
1169
1208
1176
1223
1250
1147
1204
1140
1267
1142
1154
1206
1162
1152
1105
1174
1234
1164
1128
1182
1189
1222
1177
1234
1234
1264
1229
1103
1229
1194
1104
1077
1184
1157
1135
1274
1219
1238
1252
1204
1284
1147
1061
1289
1189
1168
1195
1197
1239
1181
1203
1210
1147
1248
1215
1143
1201
1166
1122
1198
1258
1109
1195
1141
1127
1189
1210
1081
1172
1120
1166
1236
1270
1229
1165
1221
1139
1150
1196
1302
1207
1208
1142
1085
1147
1272
1215
1242
1222
1211
1231
1093
1199
1246
1184
1169
1175
1215
1131
1199
1220
1251
1182
1185
1169
1191
1261
1303
1255
1217
1302
1198
1271
1158
1167
1156
1092
1240
1096
1182
1236
1175
1186
1217
1171
1242
1096
1236
1098
1154
1146
1142
1189
1167
1154
1151
1177
1250
1120
1217
1228
1119
1165
1237
1198
1162
1154
1175
1280
1188
1230
1159
1179
1217
1229
1140
1249
1196
1155
1143
1245
1243
1153
1285
1171
1180
1227
1345
1145
1114
1191
1174
1172
1176
1187
1205
1228
1196
1211
1237
1183
1217
1041
1292
1163
1106
1145
1170
1131
1221
1238
1173
1218
1188
1197
1225
1300
1236
1267
1246
1216
1040
1138
1269
1133
1144
1084
1130
1135
1186
1086
1274
1222
1136
1227
1186
1171
1119
1185
1249
1137
1254
1196
1222
1061
1214
1154
1190
1183
1119
1053
1152
1189
1234
1280
1206
1216
1270
1294
1140
1220
1246
1204
1151
1222
1156
1187
1199
1120
1137
1153
1161
1178
1292
1127
1226
1177
1262
1193
1110
1152
1146
1277
1159
1151
1178
1243
1231
1221
1291
1081
1268
1283
1095
1097
1238
1200
1173
1179
1241
1262
1221
1339
1222
1272
1168
1214
1189
1169
1187
1148
1082
1090
1125
1061
1094
1212
1222
1187
1224
1291
1172
1190
1238
1149
1278
1164
1218
1157
1286
1186
1237
1234
1074
1223
1074
1189
1168
1267
1107
1199
1196
1131
1214
1110
1297
1295
1158
1260
1252
1154
1240
1154
1177
1260
1222
1161
1187
1173
1246
1130
1219
1350
1223
1163
1260
1207
1174
1295
1244
1165
1252
1168
1152
1208
1146
1141
1196
1175
1195
1195
1209
1143
1109
1218
1230
1225
1177
1135
1110
1112
1223
1225
1132
1191
1126
1221
1209
1158
1135
1251
1217
1218
1225
1215
1121
1158
1101
1206
1191
1166
1227
1198
1259
1196
1128
1253
1197
1215
1165
1192
1139
1196
1188
1138
1243
1152
1156
1099
1198
1153
1140
1175
1285
1196
1194
1329
1270
1256
1175
1159
1199
1211
1137
1199
1192
1163
1118
1214
1250
1134
1264
1172
1141
1231
1252
1201
1137
1136
1195
1136
1109
1191
1276
1140
1157
1164
1152
1180
1201
1160
1142
1288
1259
1129
1157
1079
1177
1225
1211
1275
1281
1192
1116
1132
1188
1218
1236
1157
1179
1144
1150
1146
1061
1201
1174
1136
1149
1255
1259
1220
1196
1225
1202
1156
1271
1196
1174
1165
1183
1142
1154
1206
1119
1091
1173
1209
1208
1168
1115
1205
1227
1198
1181
1236
1163
1033
1101
1028
1110
1153
1147
1164
1052
1259
1110
1292
1255
1175
1221
1180
1143
1268
1277
1084
1138
1211
1121
1064
1112
1234
1115
1178
1240
1086
1205
1283
1147
1203
1236
1239
1256
1193
1185
1176
1165
1142
1220
1109
1055
1192
1157
1160
1115
1146
1181
1133
1150
1190
1223
1199
1162
1204
1178
1240
1197
1126
1209
1074
1103
1242
1185
1105
1152
1208
1085
1174
1222
1132
1234
1189
1218
1200
1080
1236
1263
1166
1247
1205
1187
1282
1231
1149
1225
1227
1317
1219
1253
1158
1213
1146
1151
1208
1144
1221
1111
1178
1126
1295
1122
1176
1161
1250
1203
1192
1184
1209
1195
1168
1106
1195
1197
1179
1158
1195
1130
1231
1169
1222
1192
1192
1236
1135
1225
1200
1199
1237
1141
1097
1190
1098
1216
1058
1141
1188
1147
1094
1236
1191
1109
1113
1287
1239
1306
1192
1205
1166
1197
1294
1143
1225
1184
1171
1266
1120
1240
1263
1164
1149
1181
1225
1183
1242
1229
1185
1133
1191
1168
1154
1190
1281
1258
1279
1309
1191
1153
1126
1191
1306
1150
1186
1190
1181
1255
1090
1218
1226
1191
1218
1215
1202
1226
1162
1176
1086
1096
1160
1156
1198
1237
1139
1190
1230
1104
1179
1210
1168
1247
1194
1137
1187
1046
1291
1131
1041
1200
1255
1189
1143
1119
1189
1171
1186
1175
1256
1140
1100
1079
1322
1107
1180
1132
1122
1160
1131
1175
1231
1115
1023
1203
1166
1216
1122
1192
1093
1181
1282
1197
1159
1320
1327
1227
1153
1155
1222
1195
1173
1285
1184
1116
1085
1215
1261
1177
1224
1103
1236
1334
1234
1245
1181
1215
1237
1239
1191
1139
1173
1127
1110
1147
1202
1233
1212
1161
1196
1115
1220
1182
1200
1265
1193
1163
1159
1276
1119
1101
1180
1151
1180
1173
1253
1227
1143
1163
1077
1185
1304
1164
1214
1190
1139
1173
1227
1285
1254
1192
1341
1175
1119
1203
1166
1107
1216
1195
1100
1113
1105
1188
1203
1256
1199
1163
1183
1153
1217
1122
1164
1177
1243
1217
1210
1128
1198
1180
1246
1159
1205
1168
1187
1272
1264
1218
1151
1212
1135
1190
1205
1185
1102
1063
1238
1132
1239
1182
1180
1213
1176
1254
1112
1132
1191
1258
1149
1299
1169
1240
1138
1176
1152
1166
1106
1209
1198
1154
1106
1207
1171
1157
1205
1226
1172
1116
1059
1178
1179
1155
1162
1253
1198
1136
1188
1209
1267
1218
1087
1231
1202
1154
1229
1146
1154
1183
1173
1165
1187
1277
1228
1099
1133
1190
1263
1192
1191
1149
1237
1213
1245
1130
1177
1194
1177
1098
1249
1181
1255
1087
1176
1136
1249
1157
1128
1144
1141
1119
1178
1250
1182
1174
1250
1240
1178
1264
1153
1197
1097
1179
1118
1186
1196
1121
1175
1125
1222
1213
1054
1125
1243
1145
1165
1227
1182
1207
1252
1184
1221
1211
1222
1214
1162
1252
1257
1096
1054
1217
1131
1253
1197
1146
1169
1213
1158
1255
1112
1189
1151
1111
1123
1184
1128
1231
1143
1117
1106
1139
1158
1197
1166
1182
1133
1300
1184
1196
1199
1117
1129
1182
1152
1229
1155
1102
1199
1217
1135
1125
1202
1185
1129
1224
1176
1201
1185
1260
1183
1231
1194
1146
1146
1153
1150
1195
1167
1133
1257
1170
1119
1182
1191
1231
1133
1282
1131
1121
1197
1250
1165
1134
1159
1054
1091
1240
1086
1107
1092
1207
1092
1085
1115
1208
1167
1051
1166
1179
1098
1218
1180
1103
1234
1186
1243
1090
1273
1287
1232
1250
1207
1177
1093
1188
1286
1125
1104
1227
1236
1247
1193
1178
1154
1324
1286
1108
1212
1113
1239
1146
1167
1171
1146
1223
1288
1150
1191
1185
1197
1258
1179
1096
1213
1117
1167
1209
1138
1207
1168
1204
1193
1183
1232
1279
1180
1147
1217
1206
1138
1091
1107
1147
1065
1180
1201
1214
1197
1155
1198
1200
1265
1266
1220
1236
1152
1247
1204
1197
1206
1289
1178
1202
1171
1195
1137
1133
1190
1132
1161
1063
1223
1195
1279
1161
1101
1308
1258
1156
1188
1321
1208
1269
1179
1122
1076
1150
1179
1202
1171
1199
1112
1193
1163
1221
1227
1170
1186
1173
1272
1213
1192
1212
1190
1198
1152
1308
1211
1221
1115
1207
1143
1238
1190
1221
1219
1220
1183
1274
1087
1143
1203
1198
1019
1201
1151
1107
1154
1188
1114
1204
1149
1187
1213
1189
1275
1265
1140
1196
1195
1254
1185
1188
1156
1261
1131
1112
1200
1229
1117
1242
1131
1311
1170
1213
1303
1177
1154
1056
1214
1292
1188
1181
1266
1268
1182
1152
1259
1156
1125
1268
1277
1227
1183
1247
1158
1105
1143
1158
1154
1156
1129
1218
1124
1213
1204
1187
1174
1210
1209
1298
1274
1156
1113
1167
1147
1121
1149
1180
1113
1174
1270
1196
1132
1207
1188
1282
1199
1207
1322
1198
1270
1302
1189
1237
1224
1203
1192
1271
1174
1204
1209
1236
1211
1248
1173
1205
1297
1264
1403
1183
1243
1236
1243
1168
1211
1171
1181
1207
1157
1110
1149
1180
1201
1174
1130
1316
1273
1247
1219
1249
1165
1170
1159
1180
1189
1132
1138
1153
1149
1147
1097
1187
1204
1091
1196
1176
1218
1185
1189
1117
1219
1248
1174
1239
1259
1192
1219
1170
1174
1219
1205
1216
1128
1239
1261
1200
1178
1334
1232
1205
1225
1240
1128
1232
1160
1262
1110
1227
1154
1136
1112
1102
1211
1148
1159
1205
1269
1185
1207
1140
1151
1244
1152
1193
1275
1262
1105
1153
1237
1259
1098
1265
1169
1229
1174
1157
1167
1199
1121
1269
1217
1095
1179
1196
1178
1143
1214
1189
1261
1147
1184
1215
1246
1119
1247
1216
1087
1181
1164
1179
1169
1183
1218
1171
1150
1176
1087
1103
1191
1270
1175
1143
1160
1167
1186
1140
1176
1196
1253
1132
1263
1158
1075
1244
1168
1110
1290
1145
1217
1200
1026
1188
1095
1177
1078
1166
1233
1167
1247
1192
1218
1246
1189
1142
1190
1176
1173
1126
1190
1234
1110
1146
1160
1249
1272
1271
1070
1212
1241
1203
1274
1181
1232
1226
1095
1194
1293
1184
1266
1169
1135
1207
1173
1214
1063
1143
1184
1243
1168
1205
1100
1183
1111
1188
1188
