1340
1361
1364
1329
1470
1435
1397
1454
1377
1391
1404
1309
1321
1377
1370
1343
1487
1370
1459
1342
1378
1307
1360
1347
1409
1432
1414
1408
1439
1414
1397
1412
1392
1348
1381
1326
1348
1383
1316
1387
1340
1243
1358
1293
1295
1413
1395
1347
1470
1358
1403
1484
1424
1460
1323
1284
1494
1313
1460
1397
1298
1338
1329
1379
1340
1405
1482
1449
1367
1462
1381
1456
1332
1398
1486
1470
1423
1483
1406
1484
1359
1299
1452
1281
1332
1334
1466
1364
1311
1371
1475
1363
1479
1336
1439
1389
1385
1333
1426
1428
1363
1339
1392
1458
1386
1366
1481
1369
1399
1491
1490
1457
1359
1304
1462
1415
1346
1392
1423
1379
1465
1370
1379
1440
1296
1439
1304
1453
1323
1329
1440
1384
1461
1349
1330
1438
1312
1293
1319
1305
1378
1385
1393
1338
1330
1388
1414
1365
1373
1353
1417
1344
1436
1332
1396
1429
1296
1211
1385
1256
1348
1400
1421
1330
1419
1472
1321
1490
1408
1428
1380
1399
1261
1329
1510
1386
1327
1389
1453
1379
1405
1334
1365
1285
1343
1345
1452
1345
1431
1413
1432
1450
1476
1299
1309
1434
1316
1391
1402
1386
1488
1380
1409
1450
1431
1464
1366
1344
1403
1381
1437
1373
1379
1353
1319
1319
1479
1349
1346
1375
1428
1366
1415
1294
1365
1389
1347
1485
1403
1371
1336
1368
1330
1322
1333
1374
1408
1462
1318
1330
1431
1252
1476
1427
1318
1395
1415
1473
1451
1416
1386
1335
1459
1384
1272
1292
1535
1350
1334
1324
1367
1361
1426
1388
1479
1463
1481
1372
1370
1435
1357
1405
1341
1384
1363
1455
1272
1472
1306
1361
1372
1353
1312
1315
1360
1442
1331
1444
1422
1291
1431
1367
1466
1336
1391
1380
1464
1341
1279
1320
1387
1359
1367
1451
1506
1441
1422
1462
1322
1466
1469
1414
1419
1305
1367
1422
1356
1413
1329
1390
1419
1409
1395
1438
1343
1410
1491
1371
1458
1373
1333
1441
1453
1480
1392
1348
1389
1392
1389
1438
1407
1365
1378
1477
1368
1431
1366
1364
1365
1396
1382
1410
1479
1323
1454
1368
1379
1432
1358
1385
1352
1245
1357
1432
1414
1468
1458
1514
1463
1322
1359
1410
1406
1407
1441
1314
1362
1391
1371
1443
1419
1413
1417
1378
1481
1488
1389
1432
1389
1418
1436
1381
1426
1412
1426
1419
1392
1317
1428
1403
1383
1366
1447
1458
1380
1305
1372
1316
1377
1297
1475
1433
1332
1268
1328
1366
1454
1335
1385
1310
1420
1365
1345
1402
1392
1435
1365
1331
1507
1415
1485
1458
1444
1342
1270
1365
1319
1418
1431
1391
1312
1337
1364
1324
1368
1433
1419
1394
1378
1396
1498
1330
1374
1373
1382
1393
1363
1437
1382
1315
1381
1357
1338
1435
1430
1341
1442
1346
1412
1439
1400
1358
1401
1532
1213
1318
1379
1296
1377
1336
1362
1364
1359
1440
1461
1356
1405
1424
1341
1466
1525
1327
1320
1455
1389
1395
1328
1396
1363
1384
1324
1388
1389
1364
1404
1481
1508
1375
1324
1390
1416
1342
1404
1335
1327
1358
1334
1345
1479
1319
1384
1344
1491
1446
1419
1295
1444
1359
1400
1301
1361
1391
1368
1361
1332
1374
1335
1462
1441
1351
1485
1424
1461
1304
1435
1411
1392
1297
1332
1416
1339
1402
1346
1276
1417
1345
1339
1300
1431
1369
1334
1513
1346
1389
1393
1493
1405
1392
1462
1383
1324
1359
1364
1346
1439
1483
1448
1471
1396
1383
1494
1415
1453
1468
1439
1454
1461
1430
1362
1430
1440
1384
1381
1380
1348
1273
1345
1316
1408
1447
1367
1335
1480
1345
1385
1409
1447
1432
1418
1421
1345
1372
1436
1433
1390
1397
1371
1395
1377
1344
1405
1333
1331
1426
1361
1342
1415
1386
1433
1380
1395
1396
1325
1403
1321
1458
1341
1345
1447
1365
1416
1330
1439
1470
1477
1412
1399
1382
1399
1323
1424
1316
1459
1431
1415
1392
1368
1422
1437
1355
1440
1355
1455
1431
1402
1424
1404
1389
1449
1343
1370
1330
1333
1411
1324
1369
1408
1428
1325
1365
1390
1465
1336
1408
1432
1414
1458
1459
1471
1465
1348
1559
1367
1469
1350
1316
1187
1309
1343
1384
1506
1280
1371
1553
1513
1371
1408
1470
1443
1330
1415
1367
1427
1368
1347
1345
1274
1401
1401
1364
1285
1477
1361
1358
1408
1311
1308
1398
1516
1430
1426
1508
1428
1322
1412
1303
1368
1420
1315
1451
1343
1445
1359
1465
1410
1439
1388
1406
1383
1444
1437
1493
1391
1354
1426
1356
1354
1246
1335
1467
1380
1526
1388
1480
1375
1463
1592
1362
1409
1400
1297
1383
1428
1392
1435
1460
1315
1376
1429
1362
1444
1343
1306
1333
1438
1372
1409
1370
1294
1362
1332
1417
1408
1329
1397
1325
1361
1504
1361
1362
1368
1513
1385
1390
1350
1487
1418
1443
1371
1428
1406
1438
1488
1393
1428
1413
1461
1352
1357
1424
1363
1450
1340
1414
1371
1370
1407
1396
1447
1379
1450
1395
1324
1337
1268
1326
1449
1404
1494
1390
1282
1440
1353
1375
1381
1367
1424
1359
1422
1418
1447
1381
1438
1455
1388
1348
1324
1385
1492
1384
1502
1386
1413
1404
1423
1330
1405
1332
1399
1345
1406
1279
1371
1345
1308
1491
1325
1305
1412
1376
1304
1454
1402
1367
1367
1375
1396
1248
1369
1360
1468
1510
1406
1439
1446
1446
1344
1404
1321
1401
1278
1359
1441
1400
1371
1356
1402
1383
1366
1332
1417
1393
1456
1446
1399
1417
1378
1343
1324
1352
1373
1403
1338
1465
1408
1382
1544
1397
1391
1371
1349
1337
1353
1365
1345
1364
1411
1331
1387
1405
1402
1346
1374
1469
1380
1387
1364
1440
1319
1420
1327
1475
1493
1336
1403
1423
1405
1429
1345
1334
1366
1344
1355
1285
1390
1327
1417
1448
1419
1368
1394
1336
1401
1380
1295
1466
1360
1371
1355
1377
1482
1363
1334
1295
1476
1378
1422
1489
1349
1353
1378
1411
1402
1468
1372
1276
1302
1428
1450
1362
1398
1409
1366
1259
1345
1469
1432
1406
1457
1430
1415
1406
1380
1424
1247
1403
1392
1516
1387
1446
1324
1309
1399
1315
1369
1470
1346
1380
1316
1328
1322
1354
1294
1423
1353
1504
1328
1506
1473
1365
1412
1368
1459
1354
1473
1388
1374
1352
1404
1431
1347
1344
1387
1382
1430
1277
1373
1386
1453
1346
1373
1419
1463
1398
1450
1374
1306
1449
1377
1341
1497
1468
1380
1378
1285
1381
1292
1386
1448
1400
1286
1475
1314
1334
1362
1380
1433
1528
1442
1399
1366
1393
1465
1425
1391
1409
1280
1392
1311
1402
1342
1343
1428
1453
1553
1348
1354
1400
1356
1423
1344
1402
1443
1380
1350
1342
1344
1338
1321
1329
1385
1374
1310
1372
1434
1391
1431
1461
1345
1424
1292
1337
1424
1375
1328
1357
1401
1351
1428
1318
1429
1387
1380
1258
1345
1475
1474
1389
1359
1504
1327
1407
1423
1415
1400
1389
1391
1400
1365
1325
1313
1408
1316
1331
1369
1448
1539
1393
1411
1508
1335
1480
1379
1402
1316
1287
1359
1438
1329
1387
1289
1386
1420
1442
1423
1380
1422
1447
1405
1422
1398
1300
1450
1358
1366
1491
1352
1425
1386
1487
1443
1356
1389
1296
1379
1383
1401
1423
1423
1346
1469
1373
1367
1438
1393
1304
1377
1384
1346
1354
1435
1420
1418
1353
1285
1341
1427
1400
1287
1438
1439
1437
1368
1334
1329
1358
1388
1389
1399
1394
1341
1405
1397
1475
1409
1380
1330
1492
1375
1370
1371
1406
1365
1413
1293
1328
1373
1479
1396
1381
1330
1348
1408
1392
1451
1458
1390
1475
1471
1385
1337
1417
1314
1381
1385
1400
1449
1397
1307
1322
1405
1420
1403
1488
1424
1400
1400
1313
1421
1475
1280
1317
1387
1377
1338
1416
1409
1428
1437
1362
1358
1446
1360
1411
1366
1358
1434
1364
1359
1363
1408
1464
1482
1408
1455
1396
1425
1366
1376
1467
1321
1545
1364
1479
1439
1478
1505
1421
1417
1376
1379
1394
1416
1477
1425
1442
1446
1391
1381
1374
1307
1393
1384
1438
1403
1304
1286
1427
1407
1446
1408
1414
1439
1474
1429
1401
1450
1448
1401
1370
1469
1390
1386
1374
1408
1430
1330
1348
1307
1419
1357
1455
1353
1383
1438
1423
1261
1381
1414
1382
1369
1429
1395
1422
1388
1405
1352
1388
1396
1360
1388
1409
1433
1410
1359
1443
1313
1375
1332
1302
1366
1393
1360
1350
1374
1412
1400
1434
1397
1345
1388
1575
1391
1470
1345
1303
1386
1425
1368
1457
1336
1441
1368
1366
1316
1455
1350
1306
1332
1475
1374
1423
1392
1377
1374
1476
1416
1358
1327
1332
1332
1348
1362
1412
1412
1386
1347
1418
1394
1407
1424
1403
1375
1376
1419
1490
1375
1333
1419
1539
1461
1397
1355
1330
1385
1457
1470
1435
1393
1287
1369
1284
1262
1428
1439
1416
1496
1406
1390
1401
1414
1404
1440
1310
1364
1473
1386
1365
1353
1344
1388
1308
1460
1376
1337
1411
1486
1365
1408
1425
1366
1417
1452
1418
1315
1392
1435
1409
1401
1449
1403
1271
1386
1382
1392
1436
1508
1319
1348
1318
1460
1366
1432
1378
1457
1267
1270
1326
1400
1377
1333
1408
1330
1458
1400
1346
1376
1398
1452
1436
1384
1390
1455
1411
1421
1395
1344
1350
1283
1344
1420
1357
1458
1403
1431
1393
1478
1347
1351
1400
1435
1377
1401
1385
1369
1422
1439
1431
1495
1432
1387
1412
1438
1431
1371
1370
1386
1369
1351
1363
1392
1371
1354
1384
1448
1349
1408
1472
1393
1416
1352
1362
1444
1381
1378
1441
1419
1375
1479
1400
1400
1345
1468
1373
1334
1384
1420
1338
1388
1431
1338
1417
1434
1457
1539
1391
1421
1380
1336
1366
1442
1456
1427
1457
1395
1418
1465
1254
1434
1340
1339
1437
1420
1507
1429
1494
1396
1414
1418
1387
1392
1396
1368
1363
1395
1405
1339
1377
1363
1418
1403
1430
1458
1464
1453
1437
1418
1435
1471
1375
1268
1354
1386
1359
1367
1304
1379
1302
1336
1405
1390
1467
1385
1372
1385
1427
1360
1376
1460
1368
1405
1490
1442
1296
1277
1464
1280
1402
1441
1391
1407
1464
1464
1378
1459
1390
1437
1323
1384
1384
1410
1248
1365
1422
1344
1500
1445
1485
1397
1412
1447
1484
1385
1418
1364
1335
1442
1414
1385
1324
1387
1307
1349
1400
1444
1374
1344
1415
1438
1412
1410
1408
1419
1405
1358
1373
1299
1353
1316
1419
1398
1409
1359
1265
1416
1385
1405
1286
1396
1354
1367
1336
1430
1328
1429
1528
1388
1482
1442
1370
1367
1407
1417
1466
1433
1318
1342
1288
1407
1268
1242
1350
1410
1349
1415
1373
1530
1401
1359
1499
1450
1428
1388
1357
1456
1362
1366
1401
1390
1479
1365
1461
1433
1448
1518
1448
1479
1476
1403
1428
1358
1453
1370
1492
1433
1330
1405
1429
1372
1405
1340
1421
1509
1378
1487
1429
1450
1459
1522
1357
1403
1349
1392
1459
1386
1307
1343
1396
1330
1383
1341
1411
1407
1459
1471
1361
1391
1410
1381
1433
1444
1412
1370
1348
1401
1402
1364
1346
1364
1379
1408
1418
1439
1453
1363
1446
1440
1451
1376
1431
1438
1398
1325
1411
1344
1431
1377
1400
1427
1423
1348
1323
1343
1362
1398
1292
1499
1462
1429
1326
1289
1329
1384
1408
1393
1383
1374
1438
1453
1357
1358
1441
1313
1423
1404
1303
1411
1383
1354
1428
1394
1421
1445
1471
1377
1417
1420
1446
1419
1481
1433
1441
1447
1364
1392
1357
1368
1354
1439
1415
1524
1485
1390
1415
1337
1436
1433
1501
1424
1430
1415
1403
1390
1272
1441
1430
1438
1351
1356
1309
1424
1446
1412
1394
1338
1464
1415
1328
1388
1458
1311
1396
1426
1417
1401
1466
1392
1418
1370
1356
1424
1436
1377
1447
1442
1345
1438
1396
1401
1448
1397
1368
1415
1372
1423
1349
1422
1429
1336
1420
1325
1364
1298
1406
1354
1373
1411
1387
1328
1380
1395
1409
1483
1358
1376
1450
1420
1419
1413
1448
1370
1311
1424
1329
1276
1369
1303
1247
1434
1352
1339
1414
1488
1396
1480
1465
1498
1384
1577
1350
1394
1404
1457
1389
1371
1327
1444
1450
1481
1448
1368
1480
1312
1423
1352
1512
1363
1368
1482
1393
1451
1426
1433
1413
1449
1414
1364
1347
1377
1459
1337
1411
1402
1314
1364
1418
1486
1499
1367
1450
1448
1468
1256
1351
1371
1319
1320
1430
1336
1324
1393
1410
1415
1378
1414
1351
1419
1446
1489
1277
1438
1323
1371
1309
1320
1424
1280
1313
1399
1565
1377
1408
1475
1456
1463
1462
1396
1370
1467
1438
1421
1469
1396
1370
1360
1412
1422
1489
1296
1464
1462
1428
1350
1431
1421
1349
1492
1479
1347
1353
1360
1381
1327
1374
1341
1462
1351
1423
1343
1329
1403
1272
1331
1430
1433
1352
1449
1380
1460
1368
1405
1354
1342
1447
1461
1451
1324
1391
1381
1341
1410
1321
1401
1304
1439
1474
1291
1448
1394
1409
1406
1370
1389
1348
1485
1334
1415
1445
1455
1339
1376
1429
1408
1388
1373
1313
1309
1420
1355
1391
1381
1393
1376
1329
1413
1407
1369
1405
1464
1385
1446
1365
1379
1347
1393
1346
1367
1361
1409
1389
1442
1486
1372
1265
1475
1376
1411
1391
1362
1361
1357
1424
1345
1424
1355
1423
1382
1321
1389
1387
1461
1514
1448
1434
1410
1431
1456
1371
1352
1462
1423
1284
1317
1418
1453
1446
1421
1365
1473
1435
1380
1511
1388
1527
1450
1347
1418
1385
1406
1368
1350
1397
1442
1357
1368
1402
1402
1462
1343
1435
1362
1400
1332
1447
1395
1379
1419
1420
1454
1457
1435
1416
1362
1520
1356
1360
1464
1436
1482
1378
1366
1403
1417
1353
1460
1432
1508
1369
1440
1359
1440
1438
1417
1397
1380
1346
1365
1309
1257
1400
1306
1367
1409
1386
1351
1436
1409
1411
1447
1478
1377
1399
1439
1335
1399
1371
1418
1379
1281
1367
1461
1370
1363
1381
1437
1364
1413
1473
1408
1384
1493
1379
1388
1423
1409
1411
1414
1423
1418
1458
1422
1445
1360
1349
1448
1377
1427
1446
1392
1396
1416
1374
1396
1387
1409
1387
1405
1345
1439
1415
1389
1303
1324
1282
1450
1418
1451
1441
1367
1355
1430
1390
1474
1410
1434
1380
1461
1484
1397
1412
1495
1367
1472
1319
1424
1486
1332
1395
1422
1357
1338
1326
1426
1367
1417
1467
1475
1542
1450
1321
1467
1329
1397
1404
1361
1446
1365
1393
1379
1390
1369
1453
1382
1449
1455
1369
1424
1385
1415
1421
1392
1451
1375
1390
1412
1452
1375
1330
1433
1386
1375
1449
1306
1245
1326
1389
1402
1422
1370
1360
1409
1422
1388
1503
1359
1370
1421
1400
1329
1455
1351
1455
1483
1349
1485
1391
1346
1446
1428
1352
1373
1395
1338
1390
1372
1361
1477
1431
1401
1363
1423
1381
1397
1390
1362
1334
1454
1432
1404
1448
1422
1368
1334
1350
1457
1489
1376
1407
1399
1468
1392
1421
1346
1299
1372
1439
1430
1410
1308
1459
1435
1393
1481
1386
1397
1521
1403
1373
1459
1391
1252
1312
1387
1342
1396
1430
1405
1471
1422
1296
1384
1461
1421
1418
1378
1547
1492
1390
1419
1395
1377
1403
1282
1385
1336
1422
1442
1458
1476
1348
1436
1381
1485
1476
1288
1379
1470
1447
1347
1403
1339
1357
1385
1437
1545
1414
1548
1404
1455
1439
1369
1528
1521
1339
1423
1353
1409
1481
1405
1447
1356
1358
1341
1443
1431
1395
1524
1462
1453
1392
1364
1470
1412
1384
1413
1380
1431
1457
1447
1322
1329
1390
1392
1353
1442
1362
1426
1356
1307
1381
1284
1403
1525
1341
1373
1355
1322
1446
1452
1441
1386
1408
1412
1377
1380
1409
1339
1383
1371
1460
1396
1366
1430
1419
1404
1502
1398
1425
1422
1321
1376
1348
1343
1382
1357
1376
1483
1345
1334
1433
1421
1424
1377
1417
1432
1358
1393
1321
1478
1420
1405
1450
1415
1482
1516
1420
1476
1416
1324
1488
1418
1376
1418
1419
1373
1392
1348
1496
1433
1390
1367
1445
1372
1435
1460
1434
1390
1331
1360
1330
1475
1473
1421
1417
1350
1451
1376
1464
1443
1423
1390
1490
1419
1455
1508
1330
1402
1329
1356
1341
1343
1406
1422
1404
1327
1318
1412
1355
1431
1480
1472
1543
1363
1314
1488
1359
1483
1385
1342
1442
1500
1351
1397
1377
1461
1356
1457
1459
1540
1369
1407
1454
1450
1376
1451
1384
1429
1395
1345
1343
1402
1439
1337
1423
1423
1366
1331
1387
1465
1545
1343
1346
1426
1362
1458
1474
1326
1402
1472
1258
1254
1430
1469
1397
1313
1418
1425
1377
1401
1471
1396
1358
1543
1376
1362
1364
1417
1342
1353
1453
1365
1395
1249
1294
1378
1317
1365
1478
1458
1496
1432
1455
1343
1424
1493
1375
1371
1332
1373
1388
1391
1404
1347
1402
1449
1452
1429
1494
1451
1448
1295
1450
1384
1418
1442
1429
1353
1339
1380
1316
1309
1393
1470
1343
1405
1369
1381
1349
1442
1432
1439
1290
1339
1427
1391
1378
1469
1376
1503
1351
1387
1395
1347
1428
1497
1536
1407
1458
1548
1450
1370
1483
1367
1417
1436
1359
1421
1358
1368
1459
1376
1426
1331
1426
1349
1405
1345
1317
1406
1409
1459
1405
1481
1421
1403
1371
1496
1364
1454
1341
1397
1338
1382
1373
1465
1407
1411
1411
1414
1462
1379
1409
1417
1463
1317
1422
1393
1395
1375
1430
1430
1417
1421
1322
1414
1354
1536
1536
1420
1384
1501
1359
1386
1445
1366
1356
1429
1301
1336
1413
1476
1386
1382
1331
1401
1424
1277
1353
1388
1353
1464
1468
1383
1482
1502
1307
1518
1302
1378
1417
1418
1374
1410
1471
1384
1360
1432
1379
1440
1375
1504
1469
1458
1440
1401
1519
1442
1415
1425
1493
1518
1340
1413
1433
1423
1357
1342
1384
1381
1365
1460
1322
1439
1398
1365
1397
1403
1384
1380
1415
1318
1366
1393
1380
1345
1415
1419
1441
1446
1322
1355
1403
1323
1352
1389
1417
1335
1319
1423
1418
1345
1433
1480
1453
1393
1340
1426
1491
1378
1376
1431
1393
1417
1345
1393
1383
1434
1454
1409
1360
1405
1408
1468
1445
1368
1424
1493
1591
1396
1412
1512
1389
1352
1427
1457
1458
1506
1447
1508
1405
1395
1463
1356
1344
1267
1355
1379
1357
1458
1404
1485
1422
1436
1459
1449
1439
1398
1369
1377
1426
1484
1327
1301
1339
1362
1390
1403
1475
1414
1451
1421
1512
1465
1382
1434
1373
1395
1407
1367
1396
1408
1274
1392
1411
1360
1416
1429
1391
1415
1472
1466
1351
1486
1435
1390
1448
1390
1403
1474
1466
1441
1465
1360
1396
1336
1450
1309
1424
1440
1452
1527
1524
1486
1404
1469
1373
1450
1424
1373
1364
1378
1390
1366
1371
1347
1357
1368
1326
1453
1394
1502
1315
1385
1442
1493
1467
1407
1508
1452
1405
1364
1423
1368
1313
1332
1354
1379
1498
1259
1404
1423
1355
1385
1403
1350
1410
1418
1392
1391
1357
1358
1413
1422
1477
1445
1581
1429
1343
1484
1382
1388
1423
1415
1392
1329
1381
1387
1485
1433
1359
1499
1418
1504
1389
1405
1290
1423
1439
1430
1435
1338
1416
1418
1307
1424
1342
1337
1454
1428
1415
1452
1498
1397
1512
1408
1440
1323
1474
1388
1386
1404
1267
1310
1390
1355
1425
1513
1472
1439
1382
1390
1416
1423
1433
1436
1409
1416
1475
1419
1398
1307
1366
1454
1412
1390
1407
1415
1372
1359
1360
1315
1499
1488
1416
1448
1440
1408
1475
1380
1366
1370
1371
1381
1404
1442
1413
1491
1434
1416
1335
1346
1412
1347
1368
1441
1478
1371
1353
1392
1403
1371
1459
1492
1441
1419
1285
1470
1311
1448
1283
1412
1420
1341
1430
1342
1397
1420
1380
1452
1429
1317
1464
1419
1405
1458
1330
1314
1406
1469
1502
1396
1443
1439
1319
1492
1482
1363
1342
1400
1349
1373
1444
1349
1403
1472
1411
1418
1386
1364
1496
1378
1431
1516
1441
1404
1466
1387
1381
1382
1413
1449
1444
1449
1395
1410
1333
1454
1319
1376
1486
1428
1443
1364
1392
1389
1381
1434
1423
1359
1480
1351
1432
1410
1459
1332
1412
1470
1423
1401
1330
1427
1402
1432
1491
1396
1436
1437
1418
1399
1381
1541
1477
1472
1352
1435
1368
1412
1374
1391
1312
1356
1418
1460
1394
1469
1418
1360
1371
1471
1357
1340
1403
1286
1476
1428
1294
1402
1506
1450
1365
1401
1347
1427
1319
1399
1397
1450
1432
1425
1432
1424
1339
1498
1417
1422
1464
1342
1453
1476
1488
1363
1342
1465
1499
1357
1473
1380
1390
1384
1376
1262
1381
1465
1461
1414
1413
1344
1424
1288
1385
1362
1420
1439
1416
1530
1394
1282
1487
1420
1394
1459
1427
1301
1385
1506
1450
1452
1303
1370
1306
1392
1412
1373
1357
1441
1441
1449
1520
1484
1404
1471
1374
1389
1387
1507
1332
1373
1416
1382
1343
1432
1438
1277
1377
1413
1462
1364
1327
1395
1415
1429
1381
1372
1392
1365
1394
1399
1376
1427
1432
1413
1461
1467
1393
1275
1421
1315
1363
1479
1398
1436
1362
1442
1383
1415
1402
1445
1396
1389
1369
1365
1373
1314
1402
1445
1418
1463
1381
1339
1388
1414
1426
1352
1511
1326
1404
1466
1334
1356
1411
1423
1371
1313
1393
1445
1355
1408
1383
1390
1394
1365
1356
1452
1318
1352
1365
1461
1376
1518
1421
1397
1362
1346
1363
1390
1342
1420
1444
1442
1255
1375
1515
1343
1458
1339
1451
1503
1413
1337
1463
1390
1388
1404
1429
1331
1344
1443
1448
1491
1445
1371
1476
1510
1470
1448
1450
1357
1393
1379
1367
1366
1339
1428
1448
1387
1402
1425
1321
1415
1497
1442
1394
1409
1457
1421
1449
1336
1391
1401
1328
1355
1323
1381
1403
1378
1292
1331
1395
1433
1293
1401
1354
1455
1391
1374
1345
1330
1291
1480
1452
1434
1370
1316
1444
1341
1373
1467
1389
