1362
1415
1400
1358
1416
1392
1403
1416
1426
1468
1384
1400
1417
1407
1464
1382
1348
1365
1472
1318
1450
1297
1325
1341
1379
1383
1423
1427
1443
1500
1423
1383
1417
1428
1390
1374
1344
1336
1409
1428
1380
1435
1317
1410
1439
1320
1388
1430
1424
1374
1389
1411
1405
1366
1377
1421
1355
1307
1391
1396
1409
1301
1326
1347
1363
1333
1327
1374
1373
1379
1331
1453
1458
1353
1312
1383
1404
1369
1338
1367
1434
1485
1379
1316
1402
1251
1238
1328
1360
1357
1485
1401
1301
1347
1317
1451
1374
1377
1332
1327
1482
1505
1342
1407
1395
1351
1369
1471
1543
1364
1363
1366
1509
1370
1341
1465
1320
1298
1370
1481
1369
1428
1356
1371
1317
1421
1421
1419
1421
1463
1413
1429
1385
1335
1248
1347
1419
1423
1374
1328
1386
1360
1367
1437
1411
1422
1384
1310
1372
1306
1404
1415
1407
1396
1396
1381
1404
1350
1421
1365
1374
1466
1461
1425
1484
1399
1427
1414
1397
1491
1404
1403
1361
1340
1394
1426
1361
1348
1314
1377
1421
1342
1322
1399
1343
1351
1369
1458
1316
1420
1418
1317
1369
1495
1441
1363
1391
1347
1327
1254
1478
1450
1280
1436
1470
1386
1330
1392
1341
1340
1368
1417
1369
1335
1411
1382
1322
1460
1429
1323
1401
1374
1387
1359
1364
1399
1388
1408
1305
1376
1409
1363
1374
1371
1298
1350
1431
1340
1428
1330
1436
1384
1495
1444
1378
1458
1390
1455
1518
1277
1443
1342
1364
1342
1465
1296
1450
1464
1402
1401
1403
1444
1301
1354
1349
1427
1457
1330
1368
1298
1340
1478
1387
1430
1414
1446
1448
1321
1472
1409
1316
1443
1421
1368
1426
1372
1335
1420
1368
1338
1436
1434
1486
1346
1404
1367
1406
1389
1330
1402
1485
1351
1420
1396
1273
1422
1435
1455
1406
1349
1425
1439
1464
1463
1457
1320
1453
1295
1351
1366
1318
1402
1379
1334
1408
1410
1403
1380
1424
1487
1361
1380
1368
1381
1445
1362
1318
1429
1361
1330
1359
1412
1371
1377
1348
1347
1413
1442
1478
1323
1326
1337
1375
1329
1367
1390
1292
1412
1370
1363
1382
1402
1381
1361
1444
1367
1328
1336
1393
1460
1323
1390
1370
1383
1439
1388
1420
1353
1377
1242
1485
1484
1366
1338
1406
1346
1299
1404
1332
1400
1400
1394
1423
1364
1506
1417
1406
1495
1472
1408
1337
1407
1357
1364
1349
1361
1408
1284
1400
1343
1475
1422
1460
1336
1408
1443
1484
1451
1459
1411
1310
1340
1426
1548
1367
1389
1338
1393
1324
1364
1358
1399
1411
1433
1463
1380
1365
1373
1357
1344
1350
1329
1409
1295
1382
1419
1382
1214
1400
1471
1384
1389
1410
1309
1400
1322
1406
1396
1460
1455
1441
1322
1248
1241
1384
1393
1288
1335
1408
1388
1348
1368
1423
1601
1369
1468
1499
1351
1404
1340
1401
1452
1382
1404
1310
1339
1214
1442
1419
1320
1288
1390
1424
1340
1428
1437
1403
1334
1358
1389
1357
1404
1376
1320
1430
1253
1397
1379
1341
1364
1399
1459
1480
1329
1353
1374
1367
1380
1265
1437
1400
1447
1392
1385
1389
1407
1236
1319
1378
1347
1366
1330
1428
1385
1428
1373
1336
1457
1461
1363
1425
1383
1468
1369
1518
1351
1309
1269
1354
1395
1388
1380
1522
1495
1428
1439
1399
1393
1378
1457
1348
1318
1366
1315
1357
1377
1378
1321
1415
1272
1379
1466
1442
1259
1429
1417
1418
1370
1399
1378
1289
1418
1381
1358
1323
1424
1383
1431
1374
1452
1423
1385
1366
1344
1501
1335
1356
1305
1529
1408
1481
1273
1323
1381
1379
1321
1378
1395
1373
1367
1327
1442
1323
1393
1322
1449
1398
1286
1350
1392
1413
1602
1346
1503
1496
1401
1304
1341
1414
1356
1385
1249
1382
1324
1373
1416
1361
1364
1381
1370
1342
1437
1369
1435
1482
1332
1316
1463
1367
1419
1296
1378
1391
1345
1335
1387
1390
1331
1353
1374
1458
1340
1332
1339
1476
1278
1461
1431
1367
1428
1362
1412
1357
1327
1399
1356
1369
1423
1360
1349
1409
1330
1439
1527
1312
1386
1460
1309
1412
1348
1376
1401
1296
1326
1424
1322
1319
1356
1474
1430
1364
1419
1371
1470
1352
1418
1334
1410
1345
1363
1389
1420
1319
1357
1295
1479
1263
1305
1345
1338
1438
1475
1354
1400
1309
1418
1439
1352
1380
1336
1508
1451
1510
1322
1299
1414
1423
1381
1381
1340
1535
1445
1387
1344
1346
1375
1459
1305
1462
1363
1314
1430
1381
1400
1425
1384
1432
1405
1332
1380
1430
1428
1380
1353
1362
1341
1421
1428
1400
1359
1412
1409
1344
1348
1339
1460
1324
1391
1400
1326
1423
1466
1355
1286
1554
1473
1379
1452
1382
1405
1322
1419
1384
1502
1319
1417
1370
1344
1312
1473
1380
1352
1285
1347
1401
1485
1523
1343
1387
1481
1474
1382
1436
1399
1391
1369
1356
1361
1355
1405
1314
1302
1338
1365
1397
1394
1343
1443
1474
1383
1462
1279
1414
1263
1284
1436
1401
1368
1348
1462
1401
1425
1438
1503
1386
1439
1386
1364
1361
1395
1267
1412
1409
1391
1298
1324
1392
1399
1385
1474
1366
1411
1326
1465
1388
1382
1364
1417
1386
1372
1355
1347
1395
1359
1323
1315
1398
1341
1399
1326
1410
1399
1485
1371
1338
1503
1326
1291
1412
1326
1365
1394
1369
1239
1474
1364
1468
1409
1328
1295
1348
1352
1364
1448
1392
1376
1370
1341
1365
1506
1435
1303
1335
1396
1366
1347
1465
1378
1291
1362
1382
1384
1426
1469
1401
1458
1355
1443
1430
1375
1394
1404
1389
1344
1445
1326
1421
1439
1362
1432
1336
1390
1432
1501
1322
1436
1349
1406
1426
1359
1368
1419
1379
1473
1426
1414
1358
1364
1385
1349
1532
1364
1426
1378
1367
1493
1383
1352
1331
1403
1421
1417
1296
1427
1444
1372
1357
1476
1387
1358
1305
1462
1531
1347
1330
1329
1357
1481
1382
1368
1295
1426
1396
1307
1434
1470
1328
1567
1349
1447
1460
1382
1427
1363
1391
1343
1387
1364
1437
1396
1433
1349
1447
1444
1427
1373
1438
1445
1386
1391
1397
1355
1312
1421
1411
1431
1449
1368
1358
1367
1409
1343
1374
1439
1380
1466
1346
1275
1436
1415
1376
1415
1323
1392
1311
1344
1338
1388
1518
1359
1445
1436
1494
1396
1451
1324
1369
1399
1456
1303
1321
1360
1297
1432
1467
1353
1372
1368
1416
1394
1401
1498
1320
1409
1330
1402
1487
1384
1328
1396
1402
1401
1312
1322
1394
1317
1452
1319
1346
1376
1348
1512
1429
1366
1354
1386
1454
1329
1382
1340
1364
1412
1382
1333
1413
1379
1334
1395
1433
1381
1391
1488
1425
1431
1338
1432
1402
1354
1379
1441
1423
1400
1394
1370
1381
1407
1424
1430
1388
1418
1399
1466
1434
1426
1378
1437
1374
1437
1434
1373
1402
1346
1366
1401
1452
1384
1408
1396
1457
1496
1373
1455
1369
1420
1380
1426
1400
1476
1373
1359
1428
1384
1406
1355
1375
1418
1543
1405
1395
1343
1450
1496
1345
1338
1361
1337
1358
1416
1445
1407
1393
1446
1329
1385
1333
1344
1347
1351
1359
1434
1379
1413
1344
1392
1364
1379
1402
1344
1439
1324
1371
1387
1338
1366
1379
1427
1315
1355
1475
1437
1344
1417
1360
1396
1358
1414
1388
1349
1311
1370
1343
1409
1349
1341
1302
1411
1446
1448
1364
1274
1375
1392
1446
1464
1371
1450
1357
1397
1395
1267
1322
1295
1416
1408
1430
1369
1399
1442
1377
1409
1398
1324
1462
1375
1424
1420
1326
1364
1455
1342
1390
1281
1416
1339
1395
1336
1400
1418
1433
1399
1388
1422
1451
1370
1469
1454
1384
1401
1393
1371
1369
1406
1301
1372
1451
1344
1488
1405
1413
1370
1365
1384
1438
1360
1384
1411
1292
1438
1325
1320
1297
1312
1385
1380
1373
1316
1407
1308
1411
1372
1341
1392
1413
1399
1325
1376
1388
1452
1390
1317
1339
1400
1479
1378
1395
1424
1433
1401
1318
1330
1422
1392
1389
1547
1395
1391
1456
1347
1378
1421
1357
1405
1386
1313
1361
1350
1465
1349
1393
1333
1354
1437
1400
1440
1487
1419
1390
1247
1383
1440
1301
1347
1370
1313
1416
1383
1348
1402
1420
1432
1396
1410
1370
1413
1315
1373
1517
1358
1346
1384
1342
1343
1429
1430
1442
1438
1429
1386
1374
1446
1387
1390
1432
1352
1423
1413
1552
1408
1542
1388
1446
1472
1325
1398
1391
1399
1420
1407
1407
1415
1376
1396
1526
1431
1281
1454
1338
1393
1449
1383
1415
1426
1382
1425
1492
1484
1416
1416
1402
1370
1286
1374
1220
1313
1382
1436
1465
1416
1356
1387
1409
1351
1459
1452
1461
1453
1357
1430
1405
1490
1377
1455
1443
1384
1298
1372
1310
1360
1363
1368
1374
1410
1456
1395
1451
1410
1423
1354
1410
1378
1325
1382
1335
1390
1424
1393
1351
1423
1404
1417
1429
1539
1416
1429
1484
1393
1450
1429
1464
1467
1393
1479
1313
1463
1371
1430
1471
1390
1357
1400
1432
1419
1379
1412
1392
1351
1358
1351
1419
1465
1465
1349
1419
1402
1423
1332
1435
1348
1383
1405
1512
1301
1428
1378
1297
1404
1378
1391
1418
1369
1354
1406
1338
1360
1351
1406
1353
1439
1442
1396
1381
1528
1266
1406
1456
1460
1432
1347
1348
1495
1355
1416
1401
1463
1329
1361
1438
1540
1455
1534
1407
1432
1427
1487
1444
1362
1431
1413
1473
1391
1425
1297
1315
1406
1370
1396
1452
1475
1440
1303
1423
1498
1360
1474
1363
1394
1384
1340
1374
1332
1383
1358
1333
1420
1411
1403
1426
1419
1431
1379
1355
1472
1464
1483
1418
1437
1387
1409
1330
1354
1434
1362
1360
1413
1382
1369
1405
1365
1392
1391
1497
1433
1433
1485
1443
1382
1447
1382
1423
1396
1337
1375
1519
1418
1486
1313
1339
1384
1401
1455
1355
1367
1387
1321
1419
1362
1399
1439
1372
1448
1391
1339
1452
1440
1510
1429
1408
1310
1468
1409
1450
1352
1417
1455
1451
1412
1460
1435
1405
1361
1422
1413
1408
1503
1389
1481
1477
1430
1371
1499
1404
1320
1366
1315
1304
1393
1441
1421
1368
1369
1337
1334
1387
1445
1456
1410
1541
1408
1459
1359
1428
1426
1367
1403
1480
1413
1440
1395
1428
1365
1378
1312
1393
1446
1420
1416
1359
1442
1354
1401
1330
1386
1469
1405
1395
1311
1390
1476
1349
1373
1300
1548
1542
1418
1506
1286
1338
1432
1367
1365
1333
1356
1451
1323
1362
1483
1443
1405
1382
1511
1479
1380
1427
1317
1496
1403
1325
1429
1498
1418
1336
1320
1398
1432
1351
1343
1369
1490
1448
1357
1300
1445
1368
1478
1343
1346
1343
1349
1469
1426
1343
1342
1394
1310
1403
1266
1363
1416
1429
1405
1431
1291
1487
1385
1472
1498
1352
1350
1445
1365
1368
1387
1361
1430
1534
1421
1414
1485
1422
1415
1430
1399
1393
1382
1386
1473
1340
1477
1344
1407
1434
1449
1337
1349
1415
1386
1330
1399
1335
1365
1427
1375
1418
1405
1408
1263
1397
1398
1383
1337
1393
1462
1362
1384
1463
1369
1470
1386
1374
1357
1386
1390
1425
1388
1460
1450
1355
1421
1363
1383
1576
1377
1365
1514
1425
1444
1368
1399
1382
1360
1296
1337
1412
1353
1324
1408
1422
1547
1416
1467
1418
1450
1453
1353
1379
1391
1337
1344
1379
1406
1305
1420
1377
1394
1354
1399
1381
1458
1552
1460
1342
1396
1336
1465
1320
1284
1357
1387
1421
1517
1382
1407
1320
1380
1399
1500
1343
1325
1394
1386
1341
1454
1459
1311
1345
1408
1307
1462
1373
1443
1361
1348
1502
1414
1407
1346
1393
1335
1341
1336
1375
1403
1486
1372
1411
1355
1312
1423
1439
1363
1416
1420
1347
1359
1397
1368
1383
1408
1327
1332
1392
1386
1389
1399
1402
1317
1499
1449
1398
1308
1510
1298
1437
1387
1366
1385
1313
1326
1457
1419
1403
1530
1471
1417
1467
1361
1362
1367
1466
1377
1335
1338
1408
1416
1497
1431
1359
1441
1551
1404
1331
1341
1578
1426
1352
1450
1491
1356
1335
1441
1346
1378
1366
1391
1388
1389
1422
1405
1325
1332
1407
1564
1432
1423
1408
1349
1437
1455
1320
1468
1409
1364
1392
1366
1452
1393
1289
1345
1416
1419
1458
1303
1362
1323
1365
1396
1401
1417
1324
1360
1541
1374
1449
1393
1324
1427
1388
1397
1408
1391
1411
1443
1523
1352
1414
1413
1284
1513
1391
1467
1421
1432
1507
1460
1486
1333
1318
1330
1387
1285
1481
1477
1391
1513
1503
1510
1403
1409
1422
1272
1406
1371
1522
1398
1365
1397
1401
1377
1344
1418
1431
1449
1463
1465
1406
1348
1467
1355
1436
1382
1484
1410
1434
1398
1335
1331
1478
1307
1477
1484
1387
1442
1413
1364
1414
1387
1307
1366
1351
1421
1340
1392
1354
1369
1365
1397
1402
1467
1448
1279
1397
1400
1334
1454
1290
1407
1464
1399
1367
1387
1419
1376
1412
1412
1341
1471
1504
1363
1387
1393
1417
1482
1373
1391
1412
1348
1332
1364
1358
1366
1332
1435
1379
1400
1399
1416
1305
1448
1422
1457
1320
1341
1350
1330
1342
1437
1421
1437
1335
1292
1431
1436
1322
1441
1369
1444
1383
1394
1421
1490
1466
1431
1419
1417
1349
1393
1342
1388
1382
1373
1363
1436
1360
1364
1359
1401
1430
1325
1346
1324
1306
1334
1320
1429
1413
1321
1360
1305
1438
1494
1330
1400
1364
1467
1397
1351
1395
1497
1418
1288
1264
1384
1346
1315
1370
1380
1357
1345
1331
1441
1404
1425
1459
1371
1448
1404
1405
1480
1440
1401
1517
1433
1394
1419
1344
1339
1376
1331
1317
1321
1412
1398
1434
1364
1442
1399
1477
1387
1364
1374
1428
1364
1352
1281
1386
1341
1353
1302
1392
1374
1397
1297
1382
1346
1362
1458
1327
1360
1359
1361
1485
1387
1377
1371
1460
1356
1449
1371
1447
1463
1493
1347
1354
1424
1476
1323
1412
1389
1390
1372
1333
1306
1369
1442
1431
1445
1342
1391
1422
1481
1504
1413
1406
1359
1293
1403
1308
1394
1352
1375
1396
1315
1425
1375
1417
1412
1448
1403
1464
1420
1369
1365
1321
1478
1391
1386
1407
1394
1360
1404
1413
1340
1415
1372
1369
1410
1490
1453
1426
1320
1329
1453
1399
1330
1417
1366
1448
1353
1368
1390
1385
1403
1364
1463
1408
1465
1413
1436
1506
1417
1441
1458
1370
1391
1453
1400
1440
1421
1464
1370
1375
1473
1390
1375
1354
1401
1391
1366
1348
1421
1426
1399
1414
1471
1502
1308
1522
1364
1459
1360
1419
1382
1405
1378
1339
1371
1406
1422
1372
1419
1426
1556
1415
1387
1364
1369
1444
1466
1439
1464
1403
1446
1473
1349
1319
1409
1471
1431
1330
1414
1490
1335
1388
1444
1413
1356
1446
1483
1437
1377
1489
1445
1398
1341
1366
1354
1258
1393
1319
1381
1328
1439
1427
1440
1473
1290
1503
1479
1379
1372
1410
1322
1473
1377
1285
1315
1272
1350
1439
1411
1391
1448
1471
1443
1404
1405
1498
1435
1429
1295
1367
1406
1458
1359
1411
1468
1406
1477
1369
1402
1389
1391
1475
1421
1298
1360
1473
1330
1354
1458
1364
1351
1500
1367
1478
1380
1355
1463
1317
1354
1331
1450
1536
1396
1326
1456
1365
1374
1360
1438
1336
1343
1438
1476
1325
1370
1382
1387
1330
1370
1477
1417
1354
1318
1410
1457
1437
1405
1325
1400
1521
1360
1453
1290
1276
1399
1467
1336
1352
1356
1402
1381
1399
1329
1444
1413
1423
1403
1430
1412
1518
1490
1342
1492
1409
1363
1458
1489
1424
1388
1390
1341
1320
1336
1416
1364
1398
1408
1529
1327
1415
1342
1364
1457
1388
1459
1479
1389
1453
1376
1369
1448
1369
1429
1367
1467
1446
1436
1429
1330
1375
1413
1450
1362
1428
1359
1386
1398
1444
1369
1333
1432
1390
1408
1385
1312
1417
1395
1465
1384
1394
1359
1363
1498
1324
1402
1398
1478
1448
1460
1386
1500
1396
1400
1476
1455
1345
1417
1319
1301
1386
1448
1462
1393
1435
1334
1369
1389
1417
1326
1402
1515
1362
1464
1445
1385
1350
1363
1413
1445
1332
1477
1377
1349
1363
1419
1385
1486
1340
1477
1440
1434
1487
1403
1399
1405
1374
1399
1390
1409
1356
1388
1282
1340
1289
1352
1313
1458
1411
1377
1402
1419
1482
1402
1381
1405
1410
1372
1280
1365
1354
1332
1285
1329
1363
1437
1353
1413
1361
1342
1473
1437
1525
1507
1411
1336
1468
1469
1338
1392
1473
1398
1471
1323
1402
1507
1510
1325
1462
1502
1382
1420
1388
1480
1450
1455
1356
1405
1356
1366
1431
1344
1405
1448
1364
1401
1367
1454
1423
1386
1304
1344
1340
1486
1440
1539
1493
1421
1408
1347
1427
1426
1483
1351
1274
1382
1397
1321
1395
1359
1414
1338
1435
1433
1345
1431
1471
1426
1295
1552
1460
1331
1441
1428
1461
1395
1488
1324
1498
1396
1427
1488
1339
1432
1411
1451
1451
1343
1520
1476
1448
1381
1466
1352
1370
1341
1387
1391
1433
1429
1370
1366
1312
1534
1430
1437
1351
1357
1456
1370
1379
1452
1346
1424
1419
1413
1435
1401
1405
1380
1316
1467
1375
1374
1322
1421
1412
1276
1466
1525
1363
1452
1406
1466
1402
1435
1476
1408
1585
1434
1357
1351
1377
1337
1366
1428
1439
1313
1443
1385
1500
1499
1480
1353
1375
1386
1369
1364
1391
1442
1420
1329
1396
1352
1345
1439
1366
1313
1450
1382
1460
1427
1422
1374
1474
1406
1414
1351
1346
1475
1300
1396
1377
1464
1422
1368
1437
1429
1433
1423
1420
1448
1317
1430
1354
1334
1432
1393
1331
1397
1327
1312
1438
1445
1404
1470
1365
1405
1358
1367
1405
1388
1320
1443
1418
1436
1331
1333
1317
1375
1411
1437
1379
1411
1391
1492
1369
1389
1421
1387
1430
1420
1306
1428
1400
1450
1377
1438
1398
1403
1300
1409
1411
1345
1338
1354
1440
1481
1369
1514
1410
1401
1435
1373
1412
1330
1457
1342
1424
1405
1354
1365
1375
1445
1338
1399
1311
1398
1455
1359
1357
1370
1334
1364
1475
1415
1439
1384
1419
1400
1360
1463
1361
1340
1315
1398
1332
1486
1349
1363
1431
1387
1360
1466
1387
1364
1333
1414
1452
1370
1347
1345
1335
1387
1263
1438
1305
1420
1324
1341
1345
1313
1442
1288
1380
1447
1411
1405
1479
1459
1316
1416
1348
1371
1389
1400
1360
1282
1377
1311
1460
1359
1518
1386
1358
1412
1341
1354
1388
1269
1476
1407
1380
1363
1276
1357
1391
1461
1373
1425
1490
1436
1389
1320
1482
1330
1476
1447
1433
1385
1409
1292
1361
1412
1426
1309
1328
1380
1407
1358
1428
1344
1399
1468
1403
1393
1420
1382
1342
1405
1392
1353
1429
1455
1326
1413
1407
1370
1404
1421
1495
1416
1501
1382
1372
1418
1420
1389
1487
1435
1401
1443
1354
1450
1476
1359
1441
1454
1322
1413
1422
1424
1388
1345
1419
1492
1359
1327
1296
1310
1349
1367
1418
1360
1412
1414
1405
1441
1340
1300
1313
1408
1487
1305
1479
1403
1401
1389
1405
1418
1379
1355
1398
1449
1493
1362
1421
1359
1340
1371
1478
1353
1428
1386
1367
1385
1377
1375
1356
1379
1396
1347
1453
1478
1356
1383
1390
1421
1483
1397
1471
1437
1338
1329
1386
1352
1343
1341
1326
1354
1377
1359
1319
1363
1388
1369
1324
1402
1448
1392
1405
1452
1509
1393
1336
1374
1320
1367
1395
1362
1311
1296
1378
1300
1398
1427
1455
1392
1462
1476
1452
1422
1416
1308
1283
1449
1418
1351
1424
1370
1436
1378
1232
1416
1391
1487
1486
1387
1340
1384
1445
1380
1454
1297
1407
1394
1306
1364
1439
1441
1429
1409
1452
1423
1407
1393
1386
1351
1359
1427
1395
1371
1387
1519
1404
1389
1454
1392
1459
1343
1444
1406
1365
1505
1346
1442
1339
1376
1425
1325
1319
1425
1365
1477
1423
1453
1399
1448
1483
1399
1473
1402
1338
1421
1373
1273
1375
1376
1446
1367
1446
1336
1474
1326
1426
1439
1501
1438
1486
1493
1467
1487
1416
1377
1433
1401
1291
1399
1405
1415
1385
1404
1541
1405
1330
1402
1388
1463
1442
1422
1325
1450
1376
1474
1281
1425
1415
1345
1447
1367
1382
1367
1429
1431
1338
1397
1358
1372
1356
1475
1427
1399
1442
1400
1436
1396
1315
1412
1389
1499
1427
1375
1375
1310
1394
1345
1378
1385
1371
1307
1416
1433
1465
1393
1452
1428
1365
1369
1401
1311
1481
1336
1291
1324
1398
1345
1391
1301
1364
1475
1420
1305
1384
1384
1336
1450
1383
1426
1359
1335
1472
1338
1429
1519
1370
1412
1425
1412
1455
1388
1436
1376
1379
1393
1387
1322
1393
1403
1436
1461
1441
1447
1529
1263
1419
1402
1444
1273
1406
1412
1366
1459
1358
1435
1330
1446
1431
1441
1383
1408
1434
1478
1478
1423
1327
1430
1422
1428
1320
1399
1426
1433
1374
1370
1403
1390
1458
1446
1337
1450
1455
1326
1391
1445
1347
1390
1367
1413
1475
1473
1351
1365
1429
1372
1408
1497
1404
1308
1451
1383
1370
1325
1382
1393
1403
1409
1437
1484
1476
1417
1372
1447
1385
1460
1398
1343
1380
1303
1285
1454
1338
1342
1410
1400
1408
1371
1382
1426
1394
1411
1407
1447
1580
1421
1392
1334
1405
1321
1421
1475
1312
1330
1414
1523
1385
1420
1402
1422
1484
1337
1492
1373
1364
1471
1378
1417
1417
1470
1413
1368
1428
1429
1389
1445
1407
1403
1502
1442
1417
1331
1374
1336
1414
1326
1306
1392
1352
1391
1389
1335
1413
1431
1414
1393
1347
1355
1375
1334
1403
1339
1417
1426
1370
1390
1421
1440
1435
1417
1383
1391
1288
1406
1429
1416
1414
1427
1311
1325
1420
1323
1342
1410
1364
1389
1435
1449
1402
1482
1400
1410
1463
1419
1474
1427
1409
1425
1429
1469
1405
1400
1402
1378
1412
1349
1328
1370
1318
1329
1333
1396
1401
1405
1474
1375
1459
1321
1404
1391
