1424
1419
1370
1352
1400
1463
1387
1402
1375
1291
1451
1377
1450
1378
1508
1386
1295
1360
1498
1457
1308
1390
1298
1399
1378
1350
1358
1508
1443
1330
1429
1428
1324
1441
1370
1302
1391
1432
1314
1415
1347
1274
1420
1390
1328
1447
1329
1463
1329
1441
1408
1380
1472
1419
1511
1401
1464
1350
1371
1445
1412
1367
1357
1355
1339
1413
1371
1406
1325
1324
1362
1307
1376
1458
1389
1378
1457
1408
1322
1425
1390
1438
1475
1434
1295
1408
1446
1409
1278
1305
1474
1369
1374
1375
1444
1408
1282
1324
1423
1397
1410
1394
1395
1362
1378
1364
1393
1465
1336
1452
1422
1498
1387
1394
1340
1316
1383
1461
1488
1457
1361
1391
1380
1363
1445
1322
1452
1408
1411
1431
1263
1374
1380
1367
1454
1385
1434
1390
1405
1439
1410
1450
1335
1305
1318
1368
1415
1296
1457
1398
1346
1318
1313
1436
1362
1384
1464
1503
1517
1407
1441
1475
1411
1423
1434
1311
1322
1364
1444
1359
1284
1422
1340
1369
1449
1385
1364
1500
1384
1421
1497
1510
1442
1329
1403
1373
1510
1335
1385
1400
1357
1408
1284
1404
1319
1394
1452
1439
1425
1484
1549
1364
1427
1470
1471
1417
1437
1394
1357
1309
1385
1452
1400
1359
1440
1331
1386
1361
1442
1422
1380
1379
1396
1344
1336
1359
1414
1351
1427
1379
1365
1433
1381
1352
1331
1382
1317
1380
1471
1353
1347
1370
1450
1368
1379
1310
1270
1315
1336
1354
1351
1388
1356
1376
1348
1427
1421
1355
1418
1476
1418
1357
1387
1354
1358
1397
1314
1317
1381
1402
1340
1380
1410
1431
1407
1376
1382
1403
1316
1403
1366
1354
1376
1509
1469
1505
1434
1362
1381
1508
1459
1300
1447
1442
1386
1451
1405
1397
1472
1400
1393
1429
1428
1445
1501
1409
1350
1366
1416
1306
1371
1351
1430
1385
1399
1454
1444
1443
1341
1352
1465
1446
1455
1329
1377
1381
1424
1452
1394
1380
1361
1407
1325
1376
1366
1323
1435
1506
1456
1386
1349
1395
1485
1363
1428
1367
1389
1345
1522
1367
1404
1428
1451
1350
1452
1385
1438
1404
1400
1344
1328
1388
1432
1373
1319
1417
1369
1376
1460
1406
1392
1385
1466
1468
1422
1402
1467
1371
1493
1361
1436
1433
1401
1378
1483
1380
1374
1445
1464
1537
1436
1403
1450
1398
1443
1438
1417
1476
1461
1417
1392
1421
1305
1418
1418
1378
1333
1422
1356
1428
1417
1420
1398
1425
1416
1380
1415
1405
1358
1409
1386
1418
1313
1355
1512
1365
1498
1408
1398
1387
1396
1292
1384
1347
1441
1325
1549
1409
1465
1394
1407
1307
1421
1387
1324
1391
1337
1443
1415
1307
1348
1428
1403
1314
1330
1468
1403
1509
1370
1373
1395
1439
1451
1439
1372
1482
1374
1386
1480
1398
1336
1425
1442
1352
1243
1434
1408
1450
1425
1338
1508
1403
1396
1503
1354
1354
1386
1499
1361
1378
1403
1372
1432
1435
1362
1390
1371
1350
1440
1433
1474
1448
1375
1464
1505
1403
1320
1428
1507
1313
1441
1408
1346
1405
1401
1342
1368
1375
1498
1377
1377
1433
1458
1428
1359
1345
1410
1321
1400
1363
1456
1261
1421
1337
1389
1388
1356
1379
1471
1351
1395
1450
1314
1379
1396
1416
1451
1321
1351
1370
1323
1347
1442
1467
1450
1434
1375
1386
1381
1513
1404
1352
1462
1417
1343
1443
1423
1450
1401
1401
1318
1519
1508
1285
1397
1383
1358
1378
1370
1507
1401
1415
1335
1431
1393
1427
1410
1434
1381
1447
1448
1369
1375
1394
1401
1366
1314
1298
1344
1330
1284
1376
1331
1357
1353
1491
1474
1435
1451
1461
1480
1438
1394
1417
1456
1334
1356
1314
1361
1377
1429
1317
1372
1438
1492
1455
1412
1422
1473
1470
1491
1453
1451
1317
1392
1405
1356
1267
1407
1303
1364
1421
1358
1432
1431
1316
1501
1361
1434
1369
1360
1386
1368
1414
1456
1378
1314
1437
1372
1388
1348
1313
1363
1358
1467
1366
1346
1409
1272
1303
1379
1395
1463
1263
1536
1385
1407
1394
1383
1339
1334
1333
1375
1463
1350
1427
1388
1426
1448
1439
1282
1342
1331
1439
1326
1277
1316
1331
1351
1318
1458
1389
1361
1506
1445
1420
1309
1404
1395
1367
1340
1389
1347
1313
1428
1404
1421
1302
1367
1410
1326
1273
1450
1378
1464
1472
1453
1452
1409
1405
1370
1460
1343
1270
1356
1313
1398
1503
1412
1387
1409
1446
1386
1445
1481
1373
1474
1455
1396
1448
1350
1422
1297
1347
1409
1355
1346
1352
1428
1402
1366
1301
1437
1384
1402
1401
1329
1430
1398
1364
1393
1349
1323
1298
1416
1271
1361
1363
1387
1375
1463
1429
1361
1397
1308
1335
1426
1419
1351
1400
1431
1294
1322
1399
1311
1390
1287
1370
1378
1412
1397
1387
1420
1321
1516
1424
1482
1402
1511
1315
1404
1449
1362
1301
1297
1421
1374
1297
1398
1393
1503
1398
1502
1506
1368
1481
1439
1371
1316
1510
1363
1337
1404
1374
1418
1397
1450
1418
1324
1402
1358
1507
1517
1510
1482
1373
1389
1401
1435
1288
1369
1378
1391
1399
1286
1364
1464
1333
1382
1335
1499
1404
1374
1399
1418
1425
1496
1380
1472
1472
1388
1263
1414
1477
1348
1397
1370
1432
1412
1376
1325
1372
1370
1430
1332
1432
1395
1436
1367
1416
1369
1352
1484
1427
1359
1364
1336
1310
1369
1371
1395
1369
1413
1464
1565
1383
1406
1394
1402
1459
1354
1427
1430
1389
1365
1426
1366
1456
1319
1476
1434
1380
1354
1417
1258
1378
1358
1394
1402
1304
1384
1300
1324
1407
1367
1490
1391
1428
1339
1405
1468
1324
1454
1366
1470
1474
1503
1438
1262
1406
1360
1269
1416
1423
1375
1339
1317
1407
1420
1355
1400
1515
1432
1276
1438
1291
1443
1365
1345
1403
1364
1398
1413
1403
1467
1450
1442
1382
1375
1385
1301
1362
1427
1394
1413
1368
1289
1417
1451
1404
1403
1458
1349
1396
1441
1305
1372
1397
1426
1485
1453
1351
1447
1401
1436
1386
1336
1387
1333
1555
1408
1432
1276
1467
1379
1448
1352
1376
1383
1495
1357
1364
1437
1425
1457
1292
1462
1390
1343
1435
1346
1442
1372
1336
1376
1402
1467
1355
1494
1369
1305
1372
1339
1413
1442
1375
1295
1398
1379
1404
1420
1354
1381
1397
1395
1397
1376
1455
1435
1472
1398
1408
1375
1355
1354
1296
1388
1451
1417
1477
1433
1367
1417
1273
1405
1409
1436
1441
1382
1404
1366
1347
1493
1367
1414
1365
1399
1315
1347
1420
1381
1411
1384
1432
1315
1463
1354
1478
1476
1413
1447
1379
1449
1406
1426
1364
1426
1363
1421
1391
1430
1355
1429
1268
1421
1455
1390
1448
1332
1394
1406
1333
1401
1389
1325
1397
1454
1446
1366
1396
1404
1487
1381
1441
1361
1393
1396
1408
1402
1433
1314
1513
1414
1296
1321
1524
1392
1374
1367
1436
1440
1425
1366
1394
1408
1346
1351
1228
1341
1409
1358
1488
1416
1430
1438
1422
1353
1475
1480
1416
1432
1391
1408
1329
1361
1352
1372
1402
1342
1391
1386
1474
1362
1467
1351
1343
1386
1380
1434
1354
1332
1369
1415
1395
1367
1406
1370
1444
1328
1323
1401
1415
1449
1460
1406
1385
1384
1390
1359
1433
1352
1535
1453
1375
1441
1351
1364
1351
1383
1396
1361
1353
1387
1399
1341
1403
1470
1464
1431
1414
1495
1336
1421
1463
1374
1395
1365
1375
1417
1453
1395
1282
1481
1298
1401
1373
1336
1403
1337
1358
1434
1342
1435
1393
1412
1481
1444
1378
1403
1309
1376
1356
1433
1320
1335
1339
1302
1393
1332
1424
1449
1498
1427
1365
1467
1427
1418
1339
1354
1500
1358
1407
1443
1410
1443
1327
1387
1448
1430
1432
1437
1465
1387
1358
1306
1346
1367
1538
1316
1442
1446
1410
1394
1433
1410
1383
1412
1406
1471
1286
1396
1453
1381
1439
1432
1457
1414
1415
1373
1352
1355
1378
1357
1337
1414
1342
1397
1381
1385
1406
1425
1348
1436
1344
1458
1335
1402
1439
1357
1403
1455
1376
1347
1365
1442
1411
1344
1371
1449
1449
1381
1404
1357
1401
1371
1438
1377
1361
1437
1381
1335
1342
1502
1354
1393
1388
1379
1420
1398
1379
1375
1383
1346
1387
1382
1416
1377
1460
1354
1371
1396
1449
1439
1398
1342
1335
1423
1396
1399
1452
1402
1415
1359
1332
1382
1450
1308
1469
1470
1400
1447
1388
1326
1470
1425
1380
1356
1390
1434
1425
1390
1410
1453
1492
1415
1399
1424
1352
1304
1290
1382
1464
1387
1404
1430
1359
1334
1465
1434
1399
1364
1376
1458
1378
1418
1382
1314
1468
1423
1361
1372
1359
1382
1454
1391
1333
1386
1438
1469
1375
1457
1326
1397
1503
1402
1380
1384
1421
1344
1441
1414
1396
1343
1403
1423
1278
1335
1339
1414
1453
1340
1390
1379
1332
1455
1356
1326
1479
1288
1362
1430
1452
1384
1414
1432
1475
1356
1314
1424
1370
1366
1418
1441
1382
1428
1291
1335
1380
1491
1369
1418
1457
1343
1502
1311
1376
1347
1259
1408
1332
1382
1405
1432
1507
1428
1458
1481
1357
1451
1235
1431
1409
1423
1359
1388
1417
1364
1403
1434
1310
1416
1447
1399
1380
1450
1419
1341
1409
1362
1322
1421
1389
1367
1382
1403
1410
1441
1426
1320
1427
1317
1402
1467
1451
1421
1375
1401
1285
1411
1331
1354
1405
1502
1415
1355
1368
1412
1332
1387
1455
1465
1373
1393
1391
1453
1320
1448
1408
1379
1349
1327
1417
1441
1429
1440
1438
1434
1326
1287
1393
1395
1360
1385
1395
1329
1386
1452
1372
1466
1315
1373
1454
1354
1400
1330
1395
1407
1320
1362
1446
1390
1560
1410
1516
1479
1335
1342
1342
1444
1345
1402
1374
1281
1381
1402
1367
1451
1260
1621
1457
1381
1426
1356
1324
1365
1350
1329
1357
1416
1421
1350
1422
1404
1446
1480
1476
1420
1366
1359
1340
1387
1349
1345
1271
1443
1447
1453
1378
1538
1410
1447
1376
1431
1410
1371
1433
1370
1349
1340
1365
1401
1385
1356
1419
1343
1422
1385
1403
1428
1424
1510
1394
1436
1372
1408
1364
1351
1457
1426
1460
1320
1396
1444
1430
1415
1464
1441
1405
1430
1310
1368
1488
1437
1351
1480
1369
1439
1375
1273
1262
1417
1466
1329
1380
1446
1362
1415
1503
1439
1325
1400
1481
1379
1476
1347
1414
1378
1349
1367
1365
1420
1499
1387
1434
1432
1320
1439
1403
1354
1474
1419
1373
1432
1345
1399
1291
1490
1438
1443
1397
1440
1499
1486
1310
1424
1404
1354
1306
1279
1419
1444
1527
1356
1339
1314
1406
1378
1332
1363
1389
1366
1500
1316
1411
1379
1414
1345
1371
1369
1415
1412
1268
1389
1336
1323
1463
1415
1369
1461
1447
1433
1484
1465
1401
1401
1498
1277
1422
1367
1437
1375
1308
1295
1406
1387
1455
1351
1434
1393
1366
1492
1317
1402
1366
1419
1474
1417
1442
1375
1406
1439
1401
1304
1398
1338
1338
1331
1397
1434
1488
1396
1484
1359
1386
1407
1424
1372
1465
1366
1419
1369
1423
1359
1318
1427
1360
1413
1424
1453
1470
1532
1427
1430
1423
1466
1352
1329
1285
1416
1515
1374
1401
1386
1416
1459
1379
1436
1440
1374
1468
1436
1438
1361
1486
1365
1446
1390
1397
1392
1343
1383
1318
1462
1418
1450
1458
1470
1415
1452
1459
1517
1260
1436
1390
1430
1269
1430
1380
1375
1391
1359
1391
1375
1466
1510
1459
1407
1396
1390
1371
1532
1465
1416
1315
1406
1362
1417
1378
1463
1416
1439
1325
1460
1430
1402
1424
1492
1465
1485
1423
1473
1467
1516
1351
1377
1369
1338
1302
1390
1397
1467
1432
1403
1381
1300
1423
1419
1408
1413
1483
1482
1438
1279
1466
1483
1372
1350
1457
1398
1424
1348
1422
1417
1442
1369
1390
1312
1429
1455
1386
1393
1476
1469
1433
1333
1411
1409
1368
1420
1457
1399
1390
1502
1361
1431
1355
1382
1409
1433
1448
1493
1392
1404
1337
1458
1394
1420
1407
1408
1354
1401
1438
1406
1392
1226
1372
1445
1361
1369
1350
1478
1397
1387
1383
1434
1449
1423
1442
1438
1333
1381
1395
1348
1359
1309
1440
1388
1393
1331
1422
1437
1413
1469
1421
1407
1391
1418
1481
1336
1459
1365
1441
1416
1415
1369
1348
1365
1359
1409
1358
1413
1486
1344
1430
1503
1467
1495
1358
1343
1321
1426
1416
1385
1378
1407
1316
1350
1330
1414
1455
1508
1439
1386
1404
1449
1403
1415
1284
1352
1360
1383
1383
1412
1466
1338
1331
1431
1307
1352
1476
1558
1487
1449
1423
1291
1399
1438
1374
1402
1391
1365
1390
1440
1377
1504
1414
1328
1428
1283
1461
1380
1385
1388
1309
1324
1511
1380
1370
1417
1435
1419
1433
1359
1330
1331
1449
1415
1394
1414
1451
1424
1293
1415
1430
1268
1323
1357
1390
1372
1417
1414
1420
1431
1379
1459
1454
1351
1399
1420
1402
1347
1432
1414
1365
1507
1395
1317
1412
1355
1407
1453
1473
1376
1441
1420
1426
1403
1382
1410
1452
1376
1349
1350
1272
1366
1328
1441
1342
1450
1322
1296
1354
1373
1439
1384
1390
1498
1346
1312
1412
1415
1316
1337
1423
1261
1377
1349
1362
1466
1476
1455
1454
1445
1486
1341
1524
1404
1463
1453
1499
1387
1401
1372
1389
1318
1367
1443
1331
1436
1443
1409
1397
1465
1469
1393
1366
1492
1349
1450
1359
1453
1393
1397
1444
1387
1411
1431
1357
1396
1416
1371
1409
1381
1456
1407
1431
1435
1453
1358
1466
1412
1406
1338
1453
1417
1407
1444
1341
1409
1510
1416
1375
1355
1436
1479
1372
1288
1405
1454
1396
1434
1376
1401
1278
1365
1287
1485
1474
1416
1389
1389
1408
1411
1426
1359
1351
1425
1452
1374
1266
1242
1418
1390
1309
1367
1420
1385
1379
1390
1375
1379
1437
1405
1341
1487
1441
1456
1358
1350
1403
1287
1399
1366
1272
1467
1234
1355
1362
1342
1382
1430
1483
1492
1413
1427
1405
1401
1385
1420
1431
1451
1314
1437
1375
1284
1413
1405
1417
1336
1385
1348
1261
1457
1455
1365
1343
1443
1407
1440
1257
1357
1380
1381
1324
1413
1381
1341
1307
1303
1393
1497
1460
1367
1375
1450
1401
1322
1363
1392
1360
1368
1439
1348
1398
1400
1418
1423
1386
1412
1420
1424
1441
1399
1293
1415
1451
1297
1420
1425
1337
1350
1355
1426
1405
1364
1334
1343
1357
1391
1328
1376
1382
1302
1471
1428
1378
1396
1357
1425
1347
1467
1385
1352
1363
1453
1430
1311
1373
1308
1311
1386
1401
1458
1324
1519
1274
1337
1362
1439
1352
1439
1418
1494
1484
1429
1477
1422
1431
1317
1435
1340
1332
1369
1331
1385
1331
1377
1457
1392
1455
1434
1431
1337
1556
1494
1483
1423
1396
1445
1414
1385
1380
1488
1422
1308
1304
1404
1313
1410
1327
1423
1350
1368
1481
1406
1341
1366
1295
1430
1446
1322
1425
1394
1456
1384
1411
1466
1494
1317
1421
1391
1422
1332
1349
1407
1341
1288
1249
1346
1271
1369
1287
1445
1273
1275
1400
1463
1363
1432
1541
1465
1391
1396
1294
1459
1357
1342
1356
1367
1307
1324
1275
1444
1401
1474
1299
1419
1474
1421
1370
1365
1373
1405
1423
1350
1295
1280
1257
1345
1371
1343
1413
1400
1445
1375
1496
1566
1360
1419
1337
1368
1399
1398
1346
1321
1366
1385
1431
1389
1290
1366
1394
1430
1329
1463
1412
1452
1392
1444
1372
1480
1373
1408
1401
1493
1369
1448
1388
1444
1439
1326
1413
1400
1431
1402
1332
1394
1424
1341
1360
1455
1366
1360
1311
1422
1329
1336
1392
1431
1433
1372
1383
1397
1361
1375
1460
1360
1431
1285
1491
1356
1335
1382
1337
1330
1442
1397
1372
1449
1365
1426
1469
1382
1350
1473
1441
1495
1546
1369
1354
1440
1354
1431
1390
1436
1437
1321
1444
1428
1367
1398
1399
1398
1311
1558
1366
1415
1407
1417
1450
1366
1365
1376
1424
1318
1455
1349
1392
1318
1482
1420
1291
1321
1361
1447
1413
1409
1482
1462
1453
1340
1426
1347
1399
1420
1460
1335
1357
1518
1413
1495
1367
1398
1415
1429
1482
1338
1426
1407
1437
1497
1369
1424
1396
1416
1316
1431
1321
1407
1395
1441
1394
1402
1402
1431
1481
1393
1488
1410
1477
1380
1390
1385
1461
1405
1429
1401
1328
1441
1427
1417
1416
1477
1439
1502
1496
1415
1409
1407
1469
1406
1387
1389
1405
1369
1345
1374
1446
1379
1378
1427
1292
1432
1461
1397
1373
1367
1403
1398
1329
1390
1371
1388
1345
1370
1359
1431
1491
1270
1270
1407
1421
1442
1420
1466
1487
1382
1444
1390
1370
1413
1317
1402
1315
1367
1426
1338
1435
1317
1454
1399
1296
1381
1362
1423
1365
1495
1430
1415
1375
1420
1450
1414
1374
1357
1379
1400
1293
1366
1348
1410
1379
1375
1457
1364
1372
1454
1391
1390
1385
1436
1332
1349
1387
1376
1393
1377
1413
1385
1348
1532
1521
1415
1309
1357
1526
1377
1478
1393
1529
1298
1279
1424
1357
1345
1509
1444
1443
1361
1397
1432
1441
1387
1484
1434
1338
1343
1391
1373
1411
1415
1378
1437
1412
1411
1437
1424
1445
1427
1388
1470
1314
1494
1440
1394
1367
1337
1388
1421
1341
1369
1311
1420
1425
1375
1409
1475
1517
1372
1468
1461
1347
1451
1391
1358
1495
1296
1397
1404
1431
1407
1419
1416
1433
1315
1337
1408
1418
1319
1377
1508
1405
1406
1400
1370
1386
1421
1452
1426
1316
1311
1300
1467
1323
1400
1406
1445
1413
1424
1380
1412
1429
1391
1361
1405
1371
1350
1341
1469
1421
1416
1433
1324
1418
1470
1405
1288
1370
1451
1501
1349
1493
1465
1402
1318
1307
1379
1343
1461
1309
1304
1418
1423
1401
1343
1398
1353
1414
1444
1425
1460
1418
1469
1468
1504
1423
1487
1392
1416
1314
1296
1360
1292
1435
1444
1471
1313
1409
1413
1377
1305
1510
1404
1357
1382
1383
1313
1410
1470
1451
1406
1392
1402
1414
1287
1430
1267
1349
1416
1431
1439
1429
1366
1451
1405
1458
1342
1475
1341
1377
1439
1407
1344
1480
1361
1336
1348
1307
1356
1468
1393
1381
1380
1439
1405
1441
1386
1360
1445
1414
1370
1403
1318
1443
1337
1449
1471
1366
1391
1365
1472
1445
1412
1386
1469
1461
1407
1296
1375
1359
1397
1414
1429
1326
1410
1399
1297
1458
1380
1359
1398
1447
1400
1536
1393
1508
1409
1524
1433
1427
1358
1397
1384
1390
1376
1385
1370
1468
1417
1471
1352
1329
1325
1444
1300
1367
1246
1337
1423
1475
1391
1393
1407
1448
1444
1315
1417
1344
1360
1422
1428
1421
1431
1414
1324
1257
1424
1434
1441
1255
1355
1366
1353
1407
1363
1419
1384
1307
1424
1325
1409
1490
1425
1437
1394
1381
1398
1352
1288
1359
1386
1366
1429
1309
1311
1364
1422
1327
1382
1357
1309
1441
1365
1346
1370
1397
1498
1370
1390
1321
1316
1352
1424
1383
1432
1444
1424
1349
1341
1303
1404
1340
1501
1472
1443
1477
1287
1459
1410
1435
1409
1402
1504
1415
1418
1371
1299
1321
1378
1451
1294
1390
1516
1421
1377
1376
1347
1564
1455
1410
1384
1494
1355
1369
1472
1369
1334
1395
1345
1444
1447
1360
1389
1351
1340
1409
1427
1404
1339
1352
1384
1466
1374
1488
1428
1342
1397
1493
1460
1398
1423
1360
1462
1501
1333
1369
1436
1432
1380
1424
1404
1320
1408
1318
1423
1394
1387
1421
1399
1414
1348
1414
1481
1416
1407
1541
1384
1324
1338
1509
1369
1459
1373
1251
1389
1514
1406
1416
1334
1377
1303
1311
1400
1473
1381
1385
1421
1358
1352
1320
1307
1351
1358
1404
1349
1493
1373
1374
1479
1392
1389
1459
1367
1395
1424
1378
1367
1512
1344
1451
1292
1405
1398
1408
1380
1501
1359
1484
1389
1489
1423
1356
1485
1401
1417
1331
1342
1360
1489
1319
1441
1329
1418
1321
1448
1333
1397
1401
1464
1301
1442
1370
1437
1344
1446
1307
1416
1443
1412
1428
1485
1453
1349
1444
1346
1303
1370
1414
1377
1356
1337
1441
1378
1401
1420
1510
1489
1411
1346
1502
1353
1311
1359
1412
1382
1400
1378
1302
1297
1395
1322
1473
1447
1432
1349
1313
1392
1490
1304
1407
1493
1248
1452
1393
1400
1485
1351
1433
1358
1463
1447
1385
1474
1506
1408
1365
1388
1400
1379
1378
1432
1483
1359
1348
1427
1442
1390
1433
1379
1408
1527
1430
1406
1432
1431
1414
1424
1314
1370
1358
1378
1446
1381
1371
1374
1367
1342
1392
1350
1381
1368
1495
1370
1414
1392
1522
1386
1463
1371
1426
1434
1338
1334
1358
1450
1419
1418
1523
1401
1404
1319
1341
1465
1448
1390
1386
1348
1474
1302
1397
1409
1377
1413
1476
1407
1501
1447
1421
1399
1469
1386
1484
1359
1427
1304
1314
1427
1366
1435
1349
1462
1434
1307
1501
1415
1451
1429
1381
1455
1350
1457
1383
1314
1391
1351
1353
1388
1309
1432
1297
1307
1347
1409
1425
1533
1361
1451
1394
1374
1485
1459
1432
1446
1385
1332
1393
1319
1359
1486
1377
1355
1338
1393
1311
1420
1321
1417
1553
1484
1374
1546
1477
1414
1307
1475
1406
1543
1443
1406
1383
1323
1354
1361
1304
1452
1443
1382
1471
1348
1412
1480
1498
1376
1435
1397
1391
1366
1452
1417
1288
1409
1283
1373
1356
1366
1409
1472
1373
1445
1466
1433
1364
1494
1433
1348
1338
1351
1371
1272
1359
1491
1333
1523
1436
1408
1442
1419
1448
1348
1493
1465
1422
1420
1316
1401
1354
1457
1365
1398
1370
1372
1349
1459
1512
1437
1475
1370
1428
1285
1450
1393
1407
1429
1455
1408
1466
1425
1375
1418
1388
1374
1404
1395
1469
1383
1416
1260
1383
1434
1383
1341
1381
1509
1546
1409
1348
1393
1349
1386
1355
1461
1274
1350
1305
1347
1349
1365
1340
1370
1412
1299
1361
1467
1383
1405
1515
1478
1323
