1412
1328
1409
1460
1340
1372
1362
1333
1401
1340
1349
1398
1449
1483
1480
1459
1393
1358
1383
1431
1435
1385
1426
1350
1452
1370
1371
1337
1302
1299
1402
1348
1378
1382
1429
1393
1298
1476
1367
1357
1429
1379
1430
1509
1373
1444
1332
1465
1439
1320
1346
1445
1448
1342
1305
1338
1368
1452
1330
1398
1370
1401
1421
1379
1404
1379
1401
1408
1427
1423
1426
1377
1361
1362
1367
1468
1348
1446
1421
1406
1432
1399
1385
1376
1284
1290
1353
1363
1423
1414
1409
1385
1429
1385
1401
1422
1279
1307
1434
1308
1438
1341
1298
1423
1377
1407
1364
1316
1403
1522
1354
1425
1454
1358
1364
1397
1357
1368
1294
1354
1385
1403
1460
1445
1400
1393
1411
1421
1416
1361
1459
1373
1394
1336
1351
1342
1480
1405
1380
1342
1402
1328
1387
1273
1295
1371
1384
1407
1309
1340
1371
1488
1371
1406
1397
1413
1375
1409
1344
1384
1421
1244
1375
1384
1411
1410
1345
1409
1324
1413
1432
1458
1374
1470
1355
1352
1453
1402
1421
1392
1463
1381
1428
1298
1463
1294
1435
1426
1318
1309
1352
1316
1448
1325
1450
1413
1355
1422
1414
1432
1421
1370
1398
1298
1349
1321
1455
1359
1417
1402
1494
1452
1502
1444
1444
1364
1446
1307
1389
1376
1412
1316
1350
1328
1375
1260
1436
1423
1335
1494
1340
1378
1467
1434
1349
1357
1316
1372
1390
1373
1483
1368
1463
1465
1385
1369
1376
1412
1385
1399
1387
1380
1440
1403
1192
1418
1395
1391
1331
1355
1405
1377
1386
1324
1383
1324
1504
1285
1341
1328
1407
1383
1407
1405
1428
1491
1378
1405
1437
1500
1387
1324
1376
1463
1369
1360
1478
1385
1408
1327
1243
1353
1286
1344
1438
1315
1388
1389
1410
1378
1369
1415
1419
1429
1407
1459
1389
1354
1449
1479
1313
1396
1412
1418
1290
1337
1321
1396
1409
1371
1436
1388
1385
1405
1406
1418
1347
1465
1440
1295
1404
1369
1361
1438
1411
1322
1329
1445
1416
1421
1426
1478
1468
1383
1473
1389
1371
1340
1338
1320
1423
1382
1439
1349
1223
1372
1392
1399
1353
1396
1418
1375
1357
1376
1391
1381
1354
1400
1426
1375
1348
1494
1366
1228
1361
1358
1415
1429
1401
1372
1396
1356
1378
1370
1370
1414
1292
1387
1394
1290
1421
1357
1455
1416
1345
1328
1453
1429
1360
1362
1446
1442
1479
1474
1396
1421
1369
1468
1376
1450
1533
1399
1374
1474
1404
1288
1356
1450
1357
1404
1323
1393
1398
1363
1383
1386
1451
1427
1370
1328
1356
1376
1432
1305
1338
1308
1399
1399
1259
1380
1397
1440
1337
1343
1500
1316
1437
1293
1378
1287
1348
1400
1476
1342
1407
1440
1386
1375
1323
1328
1350
1464
1411
1422
1391
1223
1337
1411
1380
1402
1384
1290
1367
1308
1323
1328
1438
1328
1430
1398
1416
1272
1467
1478
1339
1358
1478
1329
1277
1298
1371
1321
1344
1349
1292
1356
1408
1345
1484
1308
1433
1375
1444
1424
1437
1407
1291
1321
1329
1394
1279
1399
1329
1428
1281
1406
1284
1465
1377
1421
1406
1383
1429
1363
1418
1381
1410
1439
1283
1397
1394
1381
1416
1343
1286
1472
1496
1342
1293
1310
1380
1454
1334
1465
1375
1416
1395
1541
1448
1367
1348
1306
1274
1292
1361
1265
1357
1377
1455
1439
1452
1351
1438
1387
1426
1493
1381
1414
1340
1458
1431
1390
1421
1429
1351
1278
1434
1438
1368
1407
1431
1402
1349
1406
1361
1459
1417
1448
1405
1444
1321
1424
1433
1333
1305
1332
1344
1379
1478
1471
1411
1419
1324
1407
1351
1341
1462
1354
1380
1364
1291
1432
1482
1393
1464
1436
1343
1478
1378
1406
1458
1419
1455
1383
1434
1369
1394
1432
1437
1352
1290
1361
1460
1433
1259
1408
1387
1461
1297
1411
1452
1338
1313
1533
1322
1420
1374
1449
1402
1467
1391
1378
1428
1423
1309
1474
1515
1378
1447
1335
1414
1391
1411
1367
1443
1399
1426
1424
1319
1405
1325
1301
1391
1407
1321
1295
1322
1330
1443
1273
1370
1362
1423
1357
1296
1323
1341
1468
1418
1335
1389
1373
1404
1340
1393
1424
1394
1405
1420
1461
1409
1377
1351
1438
1386
1414
1374
1349
1295
1370
1487
1289
1399
1329
1427
1412
1488
1378
1407
1432
1508
1524
1386
1408
1419
1378
1391
1306
1438
1312
1384
1322
1417
1407
1363
1292
1366
1339
1379
1478
1408
1394
1448
1450
1516
1345
1456
1295
1436
1427
1368
1406
1436
1409
1432
1447
1404
1425
1384
1312
1418
1406
1434
1411
1437
1450
1392
1392
1322
1407
1431
1349
1360
1367
1434
1378
1493
1494
1396
1350
1417
1431
1425
1226
1298
1385
1335
1374
1542
1380
1364
1472
1371
1425
1439
1400
1385
1432
1354
1338
1291
1316
1346
1484
1275
1395
1393
1353
1326
1384
1320
1336
1384
1479
1383
1284
1423
1310
1299
1251
1432
1396
1398
1381
1405
1466
1390
1401
1400
1366
1371
1431
1353
1371
1382
1353
1313
1338
1399
1393
1323
1363
1471
1349
1366
1346
1388
1421
1453
1439
1389
1442
1398
1406
1348
1421
1471
1442
1331
1300
1385
1414
1339
1444
1417
1351
1478
1396
1402
1422
1426
1447
1379
1358
1447
1358
1418
1364
1317
1330
1356
1409
1410
1354
1372
1439
1430
1343
1296
1419
1352
1369
1357
1494
1360
1464
1411
1442
1315
1382
1422
1411
1340
1451
1443
1432
1378
1447
1395
1419
1334
1471
1468
1450
1513
1394
1386
1461
1417
1370
1274
1374
1404
1303
1389
1382
1310
1275
1413
1508
1401
1400
1376
1365
1317
1458
1426
1423
1386
1386
1326
1284
1391
1344
1280
1435
1408
1343
1381
1343
1454
1505
1471
1373
1434
1354
1319
1354
1408
1434
1462
1349
1322
1384
1350
1378
1437
1320
1325
1438
1465
1436
1384
1442
1496
1429
1458
1398
1477
1393
1458
1439
1368
1286
1410
1266
1404
1449
1410
1285
1384
1342
1309
1452
1467
1513
1407
1358
1362
1362
1389
1295
1391
1467
1351
1394
1354
1322
1306
1352
1434
1384
1340
1322
1364
1375
1334
1338
1425
1422
1291
1472
1406
1448
1415
1348
1451
1501
1335
1415
1426
1356
1398
1409
1403
1334
1446
1427
1385
1442
1282
1386
1409
1443
1477
1399
1407
1377
1392
1382
1344
1348
1384
1366
1319
1410
1299
1396
1355
1516
1317
1386
1388
1457
1309
1319
1493
1453
1294
1456
1446
1452
1399
1263
1562
1346
1453
1386
1394
1533
1443
1389
1381
1393
1486
1335
1278
1438
1336
1418
1386
1414
1351
1388
1312
1403
1354
1368
1434
1373
1369
1381
1284
1352
1363
1455
1336
1425
1450
1401
1432
1377
1388
1393
1419
1353
1404
1346
1367
1415
1325
1422
1319
1414
1367
1401
1422
1424
1309
1448
1375
1403
1378
1382
1428
1440
1324
1229
1389
1367
1375
1375
1375
1434
1441
1426
1449
1342
1381
1430
1416
1477
1464
1393
1403
1392
1354
1388
1401
1333
1417
1338
1333
1413
1390
1437
1462
1439
1403
1484
1372
1317
1401
1370
1514
1420
1417
1418
1437
1437
1424
1416
1327
1397
1379
1390
1371
1352
1436
1354
1347
1270
1367
1467
1381
1421
1332
1393
1424
1344
1365
1426
1365
1463
1430
1409
1390
1431
1448
1389
1359
1395
1428
1384
1340
1363
1458
1367
1460
1271
1356
1350
1422
1357
1397
1354
1367
1387
1374
1451
1358
1473
1438
1357
1346
1406
1374
1395
1337
1353
1417
1291
1392
1377
1321
1531
1322
1453
1338
1362
1338
1378
1416
1376
1364
1391
1400
1392
1394
1441
1409
1341
1365
1440
1352
1383
1386
1438
1454
1366
1369
1389
1406
1281
1452
1392
1463
1400
1529
1434
1468
1429
1409
1307
1340
1371
1466
1444
1350
1380
1272
1364
1477
1376
1382
1365
1409
1369
1376
1374
1423
1285
1352
1296
1322
1375
1400
1383
1346
1309
1388
1349
1419
1420
1434
1342
1348
1386
1370
1452
1347
1389
1420
1297
1344
1327
1379
1340
1326
1364
1251
1347
1388
1329
1316
1410
1412
1365
1428
1366
1419
1346
1403
1348
1389
1398
1414
1432
1396
1315
1392
1393
1261
1370
1361
1418
1390
1305
1462
1359
1321
1451
1321
1462
1441
1399
1412
1453
1365
1325
1416
1357
1336
1392
1455
1448
1438
1400
1391
1412
1315
1356
1386
1429
1468
1387
1360
1511
1444
1488
1368
1391
1514
1316
1394
1317
1423
1427
1450
1423
1310
1418
1468
1393
1332
1389
1318
1441
1433
1516
1402
1450
1470
1443
1441
1355
1415
1353
1411
1367
1387
1340
1357
1318
1371
1335
1326
1337
1528
1421
1410
1497
1387
1357
1412
1487
1327
1412
1387
1373
1413
1369
1444
1356
1408
1315
1292
1405
1423
1397
1451
1434
1464
1287
1383
1432
1415
1448
1492
1367
1422
1336
1418
1308
1394
1402
1297
1431
1395
1351
1415
1464
1433
1425
1381
1417
1424
1434
1374
1414
1496
1488
1381
1383
1318
1367
1392
1364
1440
1415
1385
1399
1457
1351
1413
1477
1321
1386
1378
1285
1446
1279
1406
1418
1410
1458
1429
1447
1461
1429
1490
1437
1363
1432
1417
1463
1379
1306
1324
1386
1355
1466
1295
1378
1358
1366
1373
1508
1375
1401
1406
1368
1451
1411
1411
1346
1416
1312
1423
1293
1365
1335
1324
1408
1436
1422
1479
1367
1332
1503
1382
1468
1268
1278
1395
1488
1363
1345
1390
1372
1427
1374
1375
1353
1348
1402
1324
1277
1405
1462
1412
1389
1372
1308
1396
1421
1369
1323
1355
1406
1293
1383
1445
1428
1463
1360
1283
1371
1504
1374
1438
1323
1446
1280
1398
1305
1373
1386
1348
1312
1427
1394
1304
1389
1424
1311
1449
1392
1334
1309
1204
1350
1358
1363
1356
1360
1419
1465
1382
1377
1412
1401
1303
1408
1421
1463
1387
1380
1446
1379
1450
1374
1407
1406
1412
1454
1357
1393
1386
1382
1413
1465
1406
1428
1349
1553
1390
1339
1309
1366
1389
1485
1352
1421
1392
1369
1382
1463
1327
1336
1410
1402
1503
1444
1450
1453
1422
1426
1411
1258
1344
1429
1339
1269
1355
1399
1258
1386
1337
1418
1418
1405
1434
1355
1356
1418
1469
1383
1317
1405
1461
1369
1331
1374
1446
1427
1402
1343
1426
1398
1308
1428
1356
1488
1448
1428
1365
1338
1263
1352
1389
1459
1350
1356
1441
1415
1415
1378
1431
1250
1407
1394
1354
1388
1409
1334
1332
1332
1307
1376
1263
1444
1318
1379
1347
1322
1378
1330
1372
1398
1378
1469
1428
1384
1419
1361
1296
1383
1359
1338
1335
1378
1389
1334
1448
1467
1381
1438
1363
1384
1428
1477
1533
1434
1435
1400
1427
1315
1376
1349
1273
1471
1365
1337
1386
1397
1455
1429
1389
1309
1480
1449
1428
1425
1328
1423
1404
1483
1372
1286
1365
1428
1425
1457
1355
1433
1481
1371
1451
1439
1375
1461
1393
1357
1390
1351
1450
1376
1351
1470
1346
1463
1430
1447
1354
1327
1337
1401
1377
1401
1455
1335
1334
1368
1376
1403
1405
1397
1523
1487
1465
1363
1355
1413
1358
1315
1384
1313
1359
1403
1333
1344
1384
1421
1442
1350
1386
1330
1427
1304
1436
1254
1323
1314
1355
1444
1426
1326
1448
1299
1362
1439
1402
1460
1350
1386
1435
1427
1404
1386
1412
1490
1398
1514
1448
1455
1472
1521
1489
1341
1354
1427
1307
1335
1350
1557
1332
1311
1377
1377
1430
1396
1320
1387
1356
1367
1403
1432
1378
1364
1489
1449
1446
1423
1374
1446
1352
1367
1403
1406
1341
1375
1376
1454
1403
1378
1342
1345
1391
1462
1350
1525
1390
1426
1360
1366
1366
1365
1315
1406
1400
1493
1397
1414
1429
1236
1431
1384
1419
1444
1454
1412
1378
1434
1389
1403
1332
1346
1508
1455
1344
1442
1401
1373
1436
1396
1358
1288
1436
1309
1429
1484
1336
1415
1400
1461
1361
1442
1432
1379
1408
1316
1299
1418
1450
1303
1306
1480
1323
1428
1353
1444
1398
1403
1368
1385
1332
1479
1343
1327
1348
1443
1482
1427
1382
1403
1393
1462
1429
1385
1409
1502
1420
1383
1564
1387
1424
1421
1341
1324
1477
1389
1380
1489
1447
1401
1476
1428
1436
1369
1390
1373
1368
1462
1332
1382
1425
1443
1452
1401
1363
1432
1361
1379
1421
1403
1380
1370
1361
1348
1457
1460
1365
1368
1432
1332
1438
1366
1339
1415
1379
1388
1341
1311
1285
1308
1364
1401
1402
1334
1482
1389
1368
1411
1462
1477
1392
1424
1386
1418
1355
1365
1339
1296
1325
1329
1355
1390
1332
1426
1459
1412
1488
1399
1472
1464
1474
1438
1380
1388
1409
1437
1351
1414
1378
1375
1314
1430
1357
1329
1424
1353
1424
1460
1427
1322
1280
1294
1441
1343
1460
1375
1284
1370
1464
1377
1399
1398
1416
1408
1377
1427
1256
1419
1493
1354
1415
1361
1301
1390
1342
1327
1286
1383
1313
1490
1356
1453
1398
1382
1443
1365
1524
1330
1400
1422
1492
1447
1348
1451
1351
1374
1430
1382
1349
1368
1461
1336
1356
1320
1415
1408
1327
1505
1309
1392
1373
1318
1358
1304
1372
1382
1469
1389
1311
1327
1455
1452
1466
1397
1370
1394
1371
1501
1367
1396
1190
1380
1418
1387
1381
1411
1488
1370
1459
1378
1436
1491
1409
1506
1392
1367
1342
1410
1400
1322
1357
1473
1348
1330
1527
1364
1418
1484
1460
1421
1420
1450
1410
1394
1392
1400
1476
1377
1397
1296
1336
1419
1415
1447
1426
1415
1422
1422
1415
1383
1482
1390
1292
1405
1423
1356
1321
1419
1387
1320
1388
1335
1394
1357
1328
1485
1396
1290
1376
1337
1428
1389
1387
1443
1486
1373
1431
1436
1414
1298
1346
1362
1361
1402
1367
1427
1368
1411
1499
1355
1471
1472
1413
1346
1278
1422
1405
1355
1415
1257
1375
1353
1371
1365
1357
1354
1391
1369
1413
1400
1419
1409
1321
1323
1419
1464
1349
1407
1440
1317
1389
1419
1466
1435
1308
1400
1369
1348
1291
1402
1493
1381
1416
1449
1450
1462
1462
1307
1457
1370
1385
1404
1287
1378
1412
1334
1346
1437
1460
1359
1395
1349
1409
1404
1434
1434
1366
1461
1463
1320
1367
1350
1359
1452
1378
1404
1420
1431
1426
1387
1355
1414
1410
1381
1337
1389
1441
1505
1396
1336
1501
1456
1442
1447
1394
1426
1442
1393
1471
1418
1416
1362
1441
1395
1449
1354
1502
1446
1398
1367
1351
1376
1458
1428
1363
1368
1333
1346
1350
1403
1408
1442
1397
1460
1456
1450
1424
1457
1346
1435
1505
1348
1443
1431
1451
1422
1486
1423
1379
1348
1434
1499
1419
1429
1294
1403
1398
1483
1359
1348
1431
1434
1398
1457
1389
1489
1448
1463
1338
1338
1422
1333
1366
1320
1430
1454
1397
1425
1315
1358
1394
1362
1476
1430
1532
1410
1323
1456
1392
1427
1489
1350
1428
1361
1393
1375
1337
1399
1489
1456
1405
1438
1411
1285
1386
1319
1380
1465
1377
1427
1395
1409
1434
1300
1367
1361
1425
1351
1409
1440
1370
1462
1457
1462
1376
1445
1367
1466
1463
1436
1415
1425
1366
1426
1457
1398
1338
1331
1359
1427
1368
1388
1483
1360
1361
1365
1366
1452
1441
1365
1386
1353
1390
1425
1304
1413
1309
1405
1411
1383
1439
1441
1433
1366
1504
1396
1368
1412
1455
1379
1368
1408
1461
1409
1375
1419
1360
1537
1387
1403
1390
1389
1378
1398
1387
1505
1473
1341
1335
1363
1346
1347
1320
1444
1338
1358
1374
1398
1494
1399
1355
1408
1378
1435
1375
1348
1394
1374
1352
1342
1409
1394
1278
1460
1381
1374
1397
1382
1484
1383
1343
1375
1464
1375
1381
1409
1414
1304
1356
1437
1315
1300
1493
1303
1261
1406
1424
1359
1378
1404
1313
1422
1393
1254
1455
1362
1405
1353
1498
1375
1381
1315
1381
1435
1500
1275
1293
1422
1376
1427
1357
1486
1411
1520
1353
1420
1417
1492
1443
1280
1445
1327
1438
1419
1481
1346
1320
1441
1396
1349
1336
1380
1347
1434
1355
1352
1410
1490
1417
1463
1409
1285
1328
1371
1343
1445
1463
1427
1408
1450
1383
1491
1350
1363
1391
1396
1418
1381
1429
1338
1370
1406
1389
1422
1249
1411
1316
1355
1433
1418
1437
1427
1361
1400
1459
1448
1368
1436
1437
1430
1367
1301
1369
1373
1397
1416
1418
1380
1408
1492
1414
1437
1405
1433
1397
1426
1357
1385
1453
1340
1411
1310
1395
1324
1375
1337
1420
1425
1434
1404
1405
1304
1447
1460
1431
1436
1508
1439
1430
1359
1338
1398
1320
1354
1380
1312
1416
1343
1378
1497
1379
1443
1370
1399
1378
1494
1382
1399
1463
1403
1394
1358
1353
1449
1443
1395
1352
1415
1352
1351
1372
1260
1411
1480
1384
1446
1370
1426
1411
1397
1408
1353
1391
1406
1373
1394
1415
1404
1488
1418
1406
1464
1488
1396
1377
1414
1381
1443
1459
1407
1478
1418
1408
1456
1363
1403
1455
1448
1285
1456
1413
1441
1355
1461
1398
1394
1303
1363
1433
1449
1431
1379
1417
1469
1395
1407
1410
1464
1352
1328
1400
1329
1374
1368
1363
1423
1313
1369
1434
1416
1401
1392
1363
1484
1337
1312
1354
1480
1299
1355
1443
1381
1431
1431
1308
1263
1376
1472
1312
1342
1424
1406
1364
1330
1388
1323
1421
1363
1506
1355
1405
1416
1365
1382
1339
1463
1451
1387
1330
1394
1347
1506
1419
1374
1398
1373
1429
1435
1364
1412
1469
1394
1439
1346
1462
1474
1434
1381
1397
1383
1359
1318
1432
1329
1436
1427
1360
1354
1309
1368
1424
1458
1412
1388
1378
1379
1470
1447
1295
1408
1402
1335
1310
1374
1333
1387
1338
1409
1357
1461
1445
1375
1476
1426
1295
1512
1357
1386
1374
1411
1338
1464
1424
1385
1408
1352
1425
1423
1413
1441
1353
1352
1433
1379
1414
1452
1405
1338
1350
1413
1409
1391
1304
1488
1389
1414
1435
1454
1515
1318
1451
1392
1390
1438
1346
1345
1414
1315
1373
1301
1346
1464
1399
1446
1423
1349
1409
1397
1376
1422
1385
1435
1366
1469
1380
1444
1520
1362
1394
1375
1357
1455
1400
1432
1400
1416
1456
1395
1422
1405
1398
1426
1493
1350
1393
1391
1440
1390
1376
1412
1491
1380
1434
1337
1359
1431
1419
1440
1427
1334
1409
1375
1416
1407
1407
1254
1336
1349
1405
1420
1378
1342
1504
1399
1478
1385
1411
1445
1448
1413
1391
1467
1418
1394
1350
1485
1441
1507
1400
1462
1340
1367
1413
1411
1414
1322
1373
1351
1383
1451
1375
1411
1351
1283
1355
1440
1431
1350
1386
1366
1511
1384
1337
1311
1417
1451
1411
1378
1348
1381
1336
1495
1373
1401
1446
1391
1306
1414
1422
1416
1397
1409
1289
1328
1392
1340
1303
1397
1406
1450
1478
1370
1455
1497
1421
1397
1452
1449
1431
1462
1514
1439
1443
1405
1416
1389
1412
1462
1402
1472
1393
1462
1527
1367
1433
1436
1509
1414
1400
1444
1394
1363
1443
1401
1372
1429
1457
1386
1477
1248
1506
1470
1361
1493
1467
1406
1402
1367
1339
1415
1376
1326
1348
1351
1399
1388
1396
1511
1376
1381
1452
1409
1447
1435
1445
1320
1391
1425
1525
1347
1372
1391
1474
1336
1396
1390
1471
1434
1463
1373
1379
1363
1449
1407
1252
1459
1312
1332
1177
1387
1506
1323
1407
1315
1469
1399
1483
1401
1389
1394
1280
1343
1446
1468
1348
1381
1415
1340
1380
1438
1450
1324
1371
1420
1399
1445
1407
1315
1402
1315
1355
1366
1355
1421
1446
1369
1347
1323
1457
1386
1420
1483
1398
1502
1393
1476
1419
1434
1399
1407
1290
1308
1371
1409
1312
1359
1388
1326
1387
1372
1391
1290
1400
1390
1389
1454
1398
1327
1323
1410
1498
1307
1360
1354
1407
1378
1341
1407
1334
1333
1466
1416
1470
1418
1391
1410
1378
1345
1269
1400
1386
1345
1442
1439
1474
1316
1306
1340
1388
1365
1353
1422
1360
1422
1396
1334
1505
1391
1379
1434
1447
1305
1416
1408
1346
1306
1352
1379
1372
1422
1342
1395
1471
1315
1353
1435
1459
1391
1423
1469
1398
1402
1449
1324
1326
1360
1335
1420
1359
1328
1386
1359
1332
1384
1357
1379
1390
1413
1362
1362
1437
1324
1437
1341
1379
1412
1437
1413
1419
1448
1416
1472
1386
1416
1373
1434
1361
1358
1451
1452
1397
1359
1407
1375
1419
1364
1431
1391
1407
1368
1431
1367
1526
1299
1367
1399
1414
1400
1409
1402
1366
1409
1332
1390
1397
1364
1367
1395
1414
1330
1258
1426
1450
1374
1363
1388
1358
1291
1391
1413
1477
1475
1423
1401
1494
1527
1367
1476
1405
1429
1353
1482
1420
1375
1434
1474
1274
1354
1342
1315
1347
1447
1358
1389
1437
1454
1467
1374
1429
1364
1366
1442
1399
1294
1436
1389
1405
1377
1381
1469
1314
1420
1438
1412
1480
1316
1385
1354
1405
1468
1416
1449
1350
1427
1380
1335
1447
1363
1354
1350
1353
1368
1450
1347
1357
1433
1381
1336
1446
1488
1420
1391
1393
1481
1433
1480
1449
1431
1372
1425
1417
1427
1401
1337
1402
1455
1304
1442
1438
1355
1444
1416
1318
1393
1409
1337
1397
1358
1352
1480
1395
1429
1371
1505
1351
1330
1379
1372
1415
1381
1411
1396
1355
1399
1485
1350
1446
1415
1362
1401
1449
1411
1376
1402
1502
1422
1349
1459
1439
1363
1399
1382
1277
1427
1408
1371
1381
1328
1338
1400
1404
1420
1417
1457
1383
1374
1388
1450
1336
1341
1493
1343
1417
1375
1350
1300
1408
1315
1436
1398
1486
1420
1344
1448
1422
1372
1322
1479
1507
1407
1409
1396
1456
1451
1440
1461
1437
1437
1289
1466
1403
1374
1459
1354
1411
1457
1354
1426
1485
1496
1440
1471
1350
1337
1330
1375
1428
1306
1395
1387
1429
1365
1272
1294
1354
1373
1481
1527
1357
1498
1434
1405
1393
1479
1461
1304
1427
1386
1408
1325
1420
1307
1387
1421
1412
1397
1391
1306
1391
1374
1481
1507
1448
1429
1389
1424
1317
1398
1399
1484
1393
1374
