1358
1375
1365
1423
1409
1423
1355
1490
1396
1470
1438
1476
1397
1425
1382
1358
1430
1453
1246
1268
1375
1435
1284
1339
1344
1337
1317
1459
1360
1376
1398
1384
1393
1491
1468
1413
1312
1339
1480
1217
1239
1375
1350
1313
1399
1456
1453
1423
1432
1339
1473
1423
1418
1374
1394
1387
1389
1438
1463
1378
1318
1434
1370
1363
1416
1262
1378
1406
1402
1414
1396
1451
1390
1399
1433
1438
1301
1444
1455
1340
1438
1423
1375
1429
1390
1386
1350
1443
1362
1396
1424
1403
1474
1438
1414
1450
1431
1446
1323
1399
1424
1428
1299
1416
1508
1332
1377
1401
1471
1381
1414
1387
1470
1476
1398
1307
1431
1466
1424
1367
1283
1287
1417
1495
1366
1409
1373
1402
1380
1401
1378
1436
1527
1437
1485
1373
1370
1406
1454
1353
1469
1405
1272
1404
1383
1363
1439
1432
1523
1464
1382
1447
1442
1375
1390
1330
1499
1417
1387
1486
1449
1230
1286
1390
1385
1403
1398
1474
1398
1421
1424
1413
1444
1438
1410
1435
1523
1474
1362
1357
1322
1403
1376
1423
1358
1430
1393
1441
1391
1337
1474
1336
1271
1405
1450
1314
1383
1437
1343
1374
1338
1407
1378
1340
1282
1360
1462
1345
1381
1392
1323
1346
1417
1416
1427
1414
1353
1405
1415
1402
1338
1380
1354
1446
1350
1476
1353
1361
1514
1319
1451
1521
1421
1465
1441
1325
1371
1376
1379
1391
1342
1305
1440
1348
1504
1301
1295
1376
1441
1412
1419
1516
1409
1356
1477
1385
1307
1477
1405
1417
1392
1412
1427
1379
1369
1350
1398
1327
1448
1344
1459
1477
1320
1397
1545
1397
1318
1386
1407
1373
1375
1361
1271
1325
1370
1378
1304
1438
1428
1269
1371
1465
1372
1321
1428
1416
1388
1377
1352
1364
1425
1364
1374
1414
1439
1421
1425
1323
1332
1392
1461
1372
1320
1370
1384
1460
1444
1325
1384
1355
1424
1350
1278
1465
1364
1414
1381
1385
1388
1485
1440
1357
1359
1292
1420
1439
1401
1385
1528
1428
1468
1329
1241
1383
1318
1350
1356
1319
1413
1414
1335
1409
1406
1418
1449
1350
1386
1420
1405
1475
1395
1363
1357
1473
1430
1304
1469
1353
1481
1510
1414
1439
1379
1398
1458
1469
1385
1410
1332
1349
1267
1391
1293
1400
1328
1303
1343
1449
1283
1446
1464
1491
1412
1436
1441
1383
1517
1396
1384
1343
1362
1314
1325
1314
1409
1400
1454
1412
1391
1452
1379
1340
1470
1349
1461
1421
1459
1426
1454
1368
1368
1277
1338
1422
1337
1334
1470
1243
1364
1492
1327
1332
1460
1439
1388
1402
1539
1417
1335
1430
1412
1408
1407
1347
1350
1374
1323
1354
1427
1313
1455
1366
1414
1461
1363
1323
1403
1369
1388
1368
1374
1397
1409
1363
1414
1328
1417
1353
1432
1465
1407
1456
1599
1383
1422
1416
1360
1335
1357
1322
1391
1344
1403
1408
1389
1471
1538
1318
1417
1373
1378
1337
1296
1350
1375
1341
1381
1341
1360
1419
1331
1440
1367
1333
1388
1459
1337
1394
1402
1457
1338
1505
1336
1425
1481
1405
1397
1434
1404
1466
1443
1431
1379
1273
1394
1334
1385
1419
1343
1432
1422
1347
1422
1446
1346
1331
1455
1473
1367
1394
1411
1434
1402
1355
1363
1395
1335
1386
1416
1417
1448
1434
1431
1341
1385
1428
1405
1391
1445
1316
1410
1399
1366
1373
1373
1425
1406
1268
1222
1330
1500
1375
1420
1266
1361
1446
1414
1391
1411
1314
1397
1471
1471
1455
1381
1414
1411
1429
1423
1358
1339
1337
1385
1381
1432
1373
1354
1404
1316
1451
1447
1409
1505
1460
1377
1450
1432
1383
1388
1419
1413
1382
1419
1409
1531
1362
1522
1387
1219
1422
1421
1298
1370
1355
1388
1494
1447
1418
1418
1349
1327
1271
1430
1394
1423
1424
1322
1418
1397
1352
1385
1320
1372
1338
1379
1455
1400
1407
1338
1375
1387
1406
1454
1481
1402
1371
1369
1260
1313
1374
1278
1263
1347
1375
1422
1487
1407
1475
1474
1466
1453
1357
1325
1434
1367
1354
1346
1334
1322
1313
1378
1408
1315
1464
1428
1522
1287
1442
1431
1477
1461
1355
1400
1340
1320
1342
1373
1306
1239
1377
1453
1419
1322
1375
1495
1410
1456
1448
1374
1391
1533
1403
1387
1457
1324
1411
1479
1348
1417
1369
1383
1432
1424
1386
1403
1452
1385
1416
1339
1416
1428
1382
1358
1417
1350
1332
1255
1424
1319
1488
1394
1387
1432
1467
1409
1240
1284
1369
1348
1365
1367
1357
1438
1398
1418
1371
1439
1399
1402
1409
1426
1351
1462
1530
1368
1410
1413
1353
1350
1357
1317
1438
1380
1460
1426
1423
1414
1346
1356
1294
1483
1364
1438
1334
1458
1440
1381
1312
1448
1423
1281
1443
1344
1474
1337
1400
1345
1293
1408
1378
1408
1462
1480
1442
1419
1368
1385
1397
1404
1375
1402
1434
1392
1394
1431
1428
1431
1291
1359
1420
1346
1479
1408
1394
1410
1434
1415
1511
1361
1434
1385
1357
1464
1333
1362
1379
1459
1313
1431
1355
1405
1282
1458
1400
1417
1384
1391
1365
1315
1405
1281
1458
1381
1434
1507
1404
1401
1414
1420
1533
1394
1365
1291
1408
1356
1429
1375
1388
1407
1420
1409
1278
1501
1380
1405
1404
1443
1490
1357
1384
1427
1439
1347
1465
1375
1379
1383
1263
1403
1363
1464
1345
1410
1446
1384
1361
1352
1465
1399
1470
1391
1378
1388
1373
1288
1427
1420
1410
1444
1387
1462
1395
1498
1363
1421
1486
1437
1473
1332
1251
1322
1304
1408
1363
1341
1405
1281
1467
1382
1338
1450
1412
1484
1456
1337
1432
1475
1403
1446
1481
1334
1370
1338
1423
1497
1343
1364
1374
1401
1453
1370
1277
1414
1391
1403
1431
1366
1388
1513
1403
1408
1373
1391
1342
1355
1335
1398
1438
1397
1449
1405
1415
1433
1406
1343
1336
1343
1472
1503
1394
1393
1314
1388
1392
1294
1385
1382
1407
1432
1492
1507
1387
1452
1420
1393
1385
1408
1474
1417
1404
1401
1336
1424
1445
1346
1375
1518
1447
1397
1337
1391
1431
1446
1437
1424
1347
1470
1348
1418
1367
1391
1376
1332
1311
1297
1363
1330
1378
1355
1296
1490
1334
1389
1419
1482
1331
1435
1327
1559
1403
1372
1360
1436
1388
1404
1321
1299
1366
1557
1403
1431
1410
1498
1289
1439
1429
1442
1387
1355
1340
1323
1456
1428
1324
1400
1343
1368
1330
1395
1387
1371
1386
1386
1369
1360
1368
1411
1417
1392
1376
1418
1366
1356
1431
1399
1348
1397
1369
1368
1345
1304
1459
1427
1324
1338
1443
1341
1321
1417
1272
1411
1382
1441
1437
1366
1382
1375
1371
1445
1447
1405
1330
1417
1386
1479
1343
1526
1489
1297
1347
1384
1365
1291
1261
1434
1335
1439
1385
1423
1288
1367
1330
1396
1419
1526
1449
1372
1380
1329
1311
1342
1343
1315
1396
1363
1362
1365
1391
1334
1507
1517
1419
1543
1488
1357
1365
1365
1399
1481
1332
1387
1354
1302
1359
1449
1449
1411
1393
1409
1384
1377
1451
1365
1526
1324
1418
1377
1337
1385
1406
1322
1335
1399
1419
1331
1459
1375
1422
1432
1380
1380
1429
1302
1415
1251
1375
1431
1351
1405
1328
1326
1486
1446
1443
1378
1514
1420
1451
1342
1421
1335
1422
1343
1359
1398
1395
1446
1357
1407
1353
1432
1364
1379
1429
1336
1456
1397
1320
1297
1376
1350
1413
1464
1389
1414
1410
1296
1302
1479
1385
1371
1367
1284
1360
1390
1275
1419
1421
1477
1387
1355
1420
1433
1446
1541
1450
1430
1322
1414
1362
1269
1396
1365
1403
1427
1317
1339
1303
1442
1502
1402
1401
1496
1399
1425
1494
1338
1386
1382
1353
1386
1258
1375
1414
1429
1302
1447
1439
1396
1395
1375
1396
1417
1343
1545
1370
1470
1451
1346
1286
1343
1370
1334
1365
1490
1380
1385
1434
1384
1357
1441
1355
1364
1378
1390
1435
1337
1367
1315
1365
1306
1391
1349
1400
1421
1422
1413
1358
1348
1411
1389
1376
1281
1296
1388
1483
1327
1369
1357
1368
1390
1381
1382
1425
1449
1422
1494
1364
1354
1331
1370
1342
1407
1320
1370
1319
1337
1453
1305
1442
1392
1422
1412
1314
1425
1410
1502
1403
1420
1378
1456
1445
1302
1452
1357
1366
1489
1399
1393
1439
1375
1468
1516
1394
1342
1411
1354
1368
1452
1353
1306
1375
1359
1346
1343
1386
1307
1351
1360
1473
1321
1360
1423
1380
1383
1343
1326
1246
1363
1432
1459
1398
1416
1372
1444
1336
1370
1470
1479
1400
1419
1427
1423
1403
1347
1377
1393
1441
1429
1367
1346
1422
1368
1437
1507
1338
1434
1368
1459
1537
1428
1374
1383
1391
1455
1342
1420
1416
1357
1393
1496
1308
1341
1337
1341
1426
1338
1419
1334
1486
1433
1275
1416
1327
1351
1341
1467
1320
1365
1451
1456
1419
1310
1371
1428
1429
1486
1410
1453
1459
1385
1460
1481
1357
1380
1496
1291
1343
1505
1488
1411
1429
1181
1426
1402
1327
1371
1363
1382
1398
1282
1510
1406
1412
1355
1439
1445
1388
1437
1374
1327
1442
1380
1387
1382
1349
1396
1406
1339
1449
1342
1437
1357
1486
1434
1383
1333
1345
1286
1422
1383
1371
1453
1421
1340
1334
1445
1435
1424
1387
1373
1468
1443
1367
1339
1383
1388
1446
1378
1447
1332
1365
1440
1463
1363
1466
1413
1425
1445
1413
1363
1531
1397
1392
1394
1414
1363
1296
1429
1374
1497
1416
1414
1328
1361
1412
1442
1455
1442
1383
1460
1390
1410
1475
1422
1460
1348
1413
1297
1476
1455
1432
1338
1409
1349
1391
1436
1309
1301
1368
1428
1433
1326
1369
1395
1423
1398
1467
1277
1363
1429
1390
1428
1355
1355
1331
1419
1380
1474
1402
1391
1406
1413
1422
1355
1488
1346
1459
1447
1433
1371
1375
1420
1459
1321
1423
1342
1289
1405
1373
1380
1383
1445
1490
1368
1486
1336
1418
1337
1409
1440
1283
1305
1345
1383
1331
1303
1332
1418
1389
1345
1509
1356
1377
1421
1433
1479
1375
1413
1423
1364
1365
1364
1367
1316
1408
1238
1409
1500
1380
1371
1396
1462
1348
1355
1360
1439
1471
1404
1343
1342
1426
1329
1375
1376
1415
1462
1320
1398
1409
1354
1356
1412
1412
1316
1479
1455
1367
1390
1467
1419
1435
1451
1449
1373
1350
1365
1447
1459
1500
1361
1416
1487
1456
1389
1478
1418
1413
1327
1385
1379
1418
1410
1335
1422
1343
1377
1415
1446
1483
1392
1411
1367
1407
1428
1420
1485
1385
1319
1360
1362
1391
1410
1430
1383
1427
1355
1409
1389
1351
1369
1408
1425
1460
1382
1356
1353
1393
1370
1311
1438
1358
1372
1336
1422
1359
1390
1396
1426
1399
1414
1387
1366
1410
1284
1351
1368
1386
1380
1386
1429
1331
1376
1383
1494
1370
1412
1385
1449
1382
1316
1386
1309
1487
1297
1380
1395
1447
1431
1346
1462
1495
1473
1439
1500
1421
1462
1316
1424
1377
1443
1391
1393
1322
1424
1350
1384
1328
1386
1438
1435
1432
1384
1411
1421
1422
1447
1403
1412
1393
1439
1340
1386
1326
1363
1475
1404
1259
1396
1332
1328
1443
1448
1417
1344
1472
1378
1391
1380
1414
1403
1363
1385
1418
1410
1386
1445
1484
1445
1342
1357
1341
1350
1357
1419
1451
1488
1430
1314
1459
1459
1397
1340
1471
1386
1367
1352
1432
1395
1499
1442
1368
1368
1361
1375
1391
1388
1322
1368
1337
1345
1489
1375
1448
1395
1398
1472
1369
1384
1407
1386
1361
1388
1376
1396
1390
1250
1351
1388
1320
1476
1321
1367
1414
1404
1395
1394
1467
1406
1446
1452
1293
1409
1382
1419
1463
1485
1207
1399
1453
1346
1364
1228
1371
1393
1488
1354
1339
1345
1427
1459
1376
1362
1445
1376
1442
1471
1420
1391
1339
1347
1454
1343
1401
1353
1381
1337
1289
1514
1451
1437
1359
1357
1421
1404
1379
1511
1383
1383
1313
1287
1401
1394
1415
1439
1426
1428
1343
1383
1418
1342
1357
1407
1326
1317
1318
1374
1328
1515
1435
1295
1432
1365
1535
1430
1399
1421
1429
1466
1326
1293
1407
1379
1358
1332
1443
1412
1396
1452
1413
1363
1517
1501
1388
1445
1294
1276
1343
1344
1331
1393
1313
1489
1441
1257
1409
1421
1480
1442
1500
1450
1475
1360
1417
1349
1317
1338
1311
1428
1321
1376
1302
1482
1278
1362
1389
1469
1442
1377
1397
1396
1422
1347
1413
1410
1343
1263
1323
1433
1323
1399
1465
1369
1427
1320
1428
1442
1444
1395
1469
1462
1431
1441
1451
1431
1396
1399
1391
1396
1508
1384
1404
1387
1402
1335
1401
1339
1397
1383
1431
1430
1377
1466
1338
1424
1448
1381
1357
1350
1314
1349
1291
1488
1428
1379
1345
1446
1413
1437
1341
1314
1392
1288
1349
1348
1380
1356
1412
1475
1252
1484
1400
1410
1324
1463
1399
1342
1387
1425
1390
1358
1387
1338
1410
1359
1337
1324
1329
1403
1333
1401
1333
1441
1369
1412
1376
1440
1408
1441
1404
1336
1474
1453
1360
1313
1419
1428
1384
1432
1353
1395
1297
1378
1279
1269
1498
1335
1408
1334
1329
1416
1380
1302
1307
1330
1448
1373
1314
1353
1393
1420
1463
1425
1332
1336
1331
1455
1491
1458
1445
1523
1376
1342
1373
1345
1396
1443
1365
1437
1426
1344
1358
1369
1397
1371
1473
1478
1439
1351
1369
1355
1476
1404
1359
1361
1324
1436
1316
1402
1269
1383
1372
1357
1368
1336
1393
1404
1372
1410
1442
1415
1360
1392
1497
1305
1409
1432
1474
1426
1457
1396
1356
1355
1395
1467
1401
1427
1461
1450
1511
1411
1285
1434
1416
1315
1485
1473
1372
1423
1398
1343
1464
1337
1373
1354
1325
1415
1501
1338
1397
1420
1439
1431
1446
1422
1368
1391
1387
1307
1328
1330
1427
1439
1419
1390
1444
1335
1468
1449
1441
1339
1533
1448
1438
1444
1468
1352
1469
1447
1386
1328
1393
1453
1495
1421
1417
1408
1438
1374
1439
1415
1436
1458
1354
1438
1371
1401
1400
1355
1416
1391
1371
1417
1366
1430
1561
1540
1436
1436
1348
1458
1452
1276
1409
1311
1526
1305
1388
1266
1416
1331
1317
1495
1538
1454
1476
1419
1421
1402
1503
1341
1397
1380
1389
1358
1489
1468
1430
1344
1338
1357
1459
1376
1380
1482
1374
1334
1391
1353
1322
1403
1454
1394
1335
1400
1426
1384
1466
1418
1403
1388
1448
1448
1360
1388
1297
1450
1354
1347
1475
1437
1383
1421
1438
1364
1365
1387
1501
1368
1378
1417
1375
1425
1424
1462
1396
1290
1392
1343
1387
1362
1401
1310
1477
1344
1329
1475
1441
1446
1414
1275
1405
1416
1421
1419
1338
1326
1471
1330
1325
1414
1281
1336
1348
1393
1417
1390
1407
1419
1402
1557
1348
1347
1392
1425
1381
1468
1379
1405
1443
1386
1314
1402
1326
1452
1363
1404
1350
1361
1378
1396
1416
1402
1415
1425
1447
1377
1289
1411
1464
1391
1362
1341
1448
1389
1359
1471
1381
1395
1408
1470
1394
1371
1391
1369
1378
1375
1397
1438
1404
1403
1441
1359
1323
1408
1438
1433
1433
1375
1400
1451
1424
1427
1304
1380
1460
1416
1443
1364
1410
1429
1387
1413
1324
1347
1310
1380
1370
1413
1357
1376
1451
1439
1402
1386
1412
1435
1461
1467
1424
1407
1488
1403
1365
1318
1389
1358
1368
1380
1374
1282
1370
1291
1355
1374
1346
1333
1477
1376
1450
1441
1392
1370
1444
1327
1199
1354
1393
1431
1355
1405
1366
1434
1447
1406
1403
1404
1332
1392
1433
1369
1389
1393
1357
1442
1335
1446
1463
1334
1375
1351
1455
1403
1392
1306
1336
1341
1343
1372
1465
1416
1473
1394
1319
1344
1460
1453
1430
1347
1441
1417
1312
1312
1414
1398
1325
1380
1411
1346
1381
1431
1486
1442
1353
1416
1403
1411
1400
1353
1444
1443
1419
1447
1333
1374
1397
1358
1462
1437
1436
1478
1321
1385
1307
1393
1319
1467
1412
1423
1351
1349
1399
1410
1377
1303
1403
1351
1395
1432
1402
1418
1388
1335
1376
1433
1391
1453
1396
1440
1350
1440
1368
1432
1458
1408
1397
1383
1374
1369
1408
1371
1402
1413
1277
1442
1451
1376
1389
1487
1406
1327
1374
1374
1265
1416
1370
1294
1398
1304
1366
1350
1450
1482
1496
1385
1469
1431
1451
1496
1438
1378
1545
1416
1336
1349
1403
1385
1250
1387
1342
1381
1379
1462
1431
1410
1360
1425
1466
1559
1411
1418
1451
1402
1421
1336
1415
1367
1383
1326
1301
1288
1367
1322
1377
1355
1498
1430
1492
1423
1506
1323
1354
1437
1337
1412
1407
1413
1387
1406
1344
1367
1427
1323
1513
1396
1470
1452
1397
1490
1495
1423
1421
1325
1368
1336
1439
1396
1370
1300
1359
1437
1416
1403
1398
1395
1412
1385
1278
1398
1423
1463
1366
1430
1373
1402
1438
1320
1417
1478
1386
1297
1464
1455
1434
1476
1321
1462
1498
1398
1374
1438
1356
1429
1389
1366
1272
1282
1361
1401
1369
1334
1436
1388
1303
1349
1373
1323
1395
1386
1307
1324
1359
1366
1364
1453
1460
1333
1497
1325
1406
1481
1443
1403
1420
1399
1403
1401
1365
1324
1429
1457
1367
1357
1316
1508
1470
1334
1377
1369
1360
1388
1425
1388
1431
1492
1292
1404
1468
1394
1406
1362
1345
1409
1358
1410
1364
1383
1502
1460
1418
1450
1366
1474
1349
1416
1347
1412
1450
1287
1277
1403
1391
1323
1483
1288
1436
1364
1406
1430
1404
1410
1482
1433
1370
1380
1404
1395
1316
1375
1337
1392
1407
1342
1483
1351
1473
1357
1439
1422
1392
1374
1421
1443
1373
1389
1356
1291
1387
1454
1373
1315
1399
1468
1378
1362
1442
1499
1341
1425
1386
1436
1376
1422
1403
1391
1466
1470
1464
1397
1398
1328
1464
1380
1394
1381
1316
1380
1329
1402
1399
1420
1512
1399
1416
1391
1324
1344
1461
1328
1358
1305
1371
1348
1373
1344
1389
1468
1377
1256
1312
1451
1416
1440
1428
1422
1323
1384
1485
1316
1348
1327
1411
1367
1384
1351
1381
1333
1414
1345
1450
1422
1454
1461
1361
1377
1431
1350
1327
1367
1336
1342
1357
1366
1380
1319
1380
1451
1405
1475
1358
1352
1468
1467
1506
1435
1474
1381
1352
1409
1367
1442
1334
1354
1341
1381
1331
1393
1386
1331
1391
1417
1385
1402
1406
1454
1314
1380
1409
1439
1367
1397
1379
1356
1429
1423
1415
1394
1408
1391
1446
1310
1337
1453
1384
1417
1418
1432
1408
1477
1460
1444
1491
1439
1428
1418
1425
1335
1368
1386
1349
1317
1305
1350
1453
1394
1442
1431
1449
1346
1391
1384
1333
1354
1351
1400
1289
1365
1325
1307
1402
1396
1375
1414
1425
1346
1534
1410
1406
1518
1433
1457
1366
1422
1357
1362
1306
1372
1314
1329
1348
1395
1335
1383
1358
1397
1441
1447
1338
1395
1463
1450
1323
1326
1527
1388
1373
1377
1418
1423
1417
1414
1270
1385
1437
1461
1463
1403
1386
1364
1528
1334
1463
1471
1388
1453
1347
1396
1228
1357
1315
1377
1357
1433
1411
1423
1437
1331
1309
1449
1336
1448
1357
1366
1376
1326
1326
1388
1414
1301
1330
1416
1402
1356
1424
1347
1369
1442
1432
1398
1423
1426
1349
1442
1405
1470
1414
1415
1337
1406
1467
1329
1363
1367
1374
1304
1299
1338
1327
1426
1429
1434
1406
1435
1465
1428
1523
1381
1437
1414
1388
1355
1344
1370
1354
1391
1392
1425
1327
1383
1457
1431
1395
1475
1451
1401
1425
1377
1456
1358
1315
1414
1342
1311
1418
1309
1331
1472
1504
1410
1372
1316
1389
1435
1372
1471
1338
1468
1343
1460
1355
1374
1489
1362
1439
1431
1408
1489
1366
1416
1367
1346
1399
1348
1372
1395
1400
1380
1404
1448
1346
1441
1398
1459
1422
1335
1379
1413
1422
1330
1383
1367
1332
1313
1381
1434
1484
1435
1370
1410
1476
1353
1403
1402
1351
1449
1440
1440
1339
1386
1456
1408
1396
1467
1348
1428
1356
1489
1402
1397
1560
1333
1317
1429
1485
1507
1314
1494
1393
1445
1379
1341
1383
1401
1483
1419
1483
1472
1460
1423
1393
1384
1402
1382
1412
1478
1358
1324
1338
1399
1368
1304
1428
1478
1433
1333
1344
1386
1430
1378
1370
1435
1369
1353
1479
1293
1413
1413
1428
1465
1388
1362
1459
1365
1415
1409
1327
1389
1302
1369
1411
1453
1373
1448
1394
1499
1428
1485
1371
1356
1501
1346
1436
1460
1437
1426
1376
1381
1337
1425
1269
1447
1413
1392
1356
1368
1421
1396
1430
1439
1434
1467
1300
1410
1410
1396
1338
1363
1367
1352
1380
1313
1481
1328
1378
1342
1392
1431
1461
1398
1411
1492
1485
1433
1478
1357
1433
1429
1355
1337
1396
1408
1371
1503
1344
1489
1377
1470
1430
1363
1455
1462
1229
1369
1384
1326
1317
1333
1416
1392
1403
1426
1313
1432
1386
1299
1347
1375
1374
1374
1403
1326
1441
1376
1338
1391
1416
1421
1325
1446
1400
1443
1415
1404
1380
1423
1403
1344
1447
1362
1391
1436
1440
1378
1445
1355
1402
1460
1362
1427
1425
1449
1351
1450
1321
1396
1405
1334
1322
1480
1336
1307
1316
1340
1355
1296
1335
1309
1454
1385
1322
1375
1451
1388
1365
1484
1396
1354
1472
1386
1400
1392
1453
1427
1490
1439
1375
1369
1300
1443
1441
1439
1370
1358
1341
1419
1399
1394
1455
1398
1316
1390
1375
1460
1408
1381
1445
1442
1374
1474
1410
1364
1376
1462
1468
1390
1499
1438
1338
1407
1431
1362
1408
1310
1373
1390
1361
1273
1320
1554
1463
1432
1368
1522
1340
1433
1229
1291
1339
1343
1364
1362
1416
1415
1435
1446
1454
1352
1378
1346
1426
1444
1409
1407
1391
1380
1313
1460
1379
1346
1358
1433
1453
1330
1329
1404
1378
1353
1319
1402
1405
1445
1381
1444
1468
1401
1433
1389
1388
1406
1320
1447
1378
1402
1318
1369
1356
1414
1335
1469
1337
1345
1347
1463
1486
1383
1447
1391
1370
