1454
1403
1336
1337
1442
1297
1389
1344
1378
1376
1377
1465
1433
1375
1375
1298
1419
1442
1409
1353
1449
1424
1402
1376
1331
1349
1248
1340
1408
1443
1318
1352
1420
1413
1386
1405
1432
1470
1357
1388
1445
1509
1350
1484
1396
1405
1396
1361
1382
1444
1463
1398
1403
1488
1339
1369
1420
1428
1283
1413
1441
1298
1365
1323
1296
1353
1357
1371
1457
1415
1379
1499
1436
1360
1439
1370
1432
1402
1422
1415
1468
1443
1311
1294
1332
1451
1364
1339
1426
1391
1323
1456
1391
1429
1477
1398
1425
1455
1332
1466
1374
1363
1422
1376
1374
1282
1367
1319
1350
1448
1303
1377
1412
1473
1383
1368
1358
1402
1301
1409
1475
1445
1296
1476
1314
1449
1384
1356
1381
1362
1359
1400
1477
1434
1313
1332
1376
1356
1427
1381
1447
1424
1391
1419
1375
1343
1463
1311
1405
1419
1430
1381
1450
1421
1420
1387
1383
1417
1402
1348
1408
1371
1394
1377
1393
1336
1472
1356
1426
1418
1351
1317
1484
1359
1451
1383
1436
1420
1408
1443
1382
1416
1425
1341
1412
1398
1347
1339
1341
1391
1348
1369
1325
1399
1424
1386
1317
1426
1377
1455
1375
1449
1259
1384
1442
1405
1451
1364
1397
1487
1414
1492
1503
1334
1422
1428
1411
1348
1440
1426
1382
1364
1459
1405
1432
1422
1368
1340
1401
1489
1410
1418
1448
1452
1410
1379
1382
1433
1498
1442
1446
1391
1479
1291
1354
1389
1412
1422
1360
1335
1399
1315
1485
1376
1425
1450
1437
1480
1320
1406
1344
1394
1350
1264
1348
1367
1359
1333
1439
1314
1474
1334
1478
1470
1411
1390
1420
1437
1461
1452
1455
1395
1404
1492
1355
1391
1381
1399
1460
1486
1433
1374
1360
1362
1491
1412
1363
1364
1360
1343
1326
1408
1380
1463
1454
1472
1431
1431
1473
1430
1421
1381
1455
1385
1355
1455
1495
1339
1472
1367
1269
1369
1336
1315
1462
1256
1415
1350
1449
1493
1355
1329
1403
1423
1364
1291
1426
1430
1492
1382
1421
1320
1465
1341
1438
1333
1461
1452
1392
1383
1389
1371
1413
1321
1363
1339
1301
1408
1395
1446
1401
1447
1393
1419
1403
1434
1452
1386
1489
1392
1344
1295
1352
1385
1464
1376
1381
1412
1389
1417
1440
1321
1380
1374
1488
1392
1391
1446
1335
1328
1428
1396
1307
1253
1332
1323
1354
1347
1417
1421
1417
1364
1368
1466
1408
1360
1404
1439
1487
1408
1436
1472
1375
1375
1303
1462
1315
1375
1439
1415
1346
1450
1374
1433
1349
1360
1403
1365
1403
1406
1310
1489
1340
1417
1429
1314
1428
1399
1376
1425
1360
1327
1356
1386
1357
1405
1387
1349
1374
1473
1412
1370
1467
1380
1348
1421
1367
1438
1346
1439
1458
1320
1352
1472
1323
1354
1361
1490
1450
1295
1330
1379
1421
1248
1396
1369
1283
1328
1466
1393
1412
1421
1399
1396
1404
1379
1438
1424
1314
1382
1432
1343
1396
1432
1463
1446
1362
1447
1455
1473
1488
1388
1448
1363
1353
1359
1434
1386
1377
1378
1448
1461
1485
1366
1412
1408
1292
1427
1350
1334
1483
1401
1342
1418
1384
1347
1401
1391
1397
1416
1430
1390
1405
1394
1368
1284
1337
1424
1478
1354
1392
1367
1467
1361
1457
1340
1488
1408
1449
1281
1311
1420
1373
1435
1369
1375
1416
1360
1404
1396
1367
1387
1439
1375
1387
1465
1476
1381
1475
1409
1421
1387
1361
1492
1366
1299
1374
1410
1330
1369
1431
1438
1470
1435
1304
1354
1427
1437
1436
1412
1424
1410
1383
1361
1379
1412
1316
1227
1329
1403
1436
1321
1392
1323
1434
1451
1368
1410
1361
1294
1303
1360
1356
1380
1247
1366
1298
1423
1411
1412
1371
1363
1496
1414
1380
1409
1473
1416
1409
1371
1402
1409
1380
1300
1479
1392
1476
1368
1406
1477
1404
1511
1327
1413
1367
1405
1332
1508
1299
1283
1343
1421
1387
1368
1369
1292
1445
1407
1435
1366
1277
1411
1476
1335
1433
1412
1384
1424
1443
1413
1347
1274
1423
1346
1260
1378
1288
1357
1373
1443
1423
1494
1454
1483
1421
1396
1465
1487
1376
1414
1364
1472
1305
1318
1350
1335
1509
1315
1458
1395
1402
1412
1436
1375
1405
1438
1388
1346
1464
1389
1377
1408
1324
1361
1388
1381
1403
1402
1356
1450
1409
1358
1463
1309
1380
1414
1296
1426
1437
1400
1388
1405
1455
1402
1397
1313
1356
1426
1483
1382
1312
1401
1402
1371
1367
1297
1357
1389
1361
1413
1366
1494
1431
1352
1396
1416
1287
1394
1358
1401
1463
1342
1409
1479
1370
1453
1483
1426
1466
1377
1441
1458
1429
1390
1424
1410
1366
1318
1417
1411
1447
1388
1353
1445
1427
1397
1374
1470
1535
1428
1430
1287
1391
1368
1395
1410
1420
1389
1346
1352
1350
1428
1411
1392
1443
1477
1425
1475
1442
1480
1397
1416
1409
1385
1337
1415
1328
1424
1368
1418
1352
1394
1382
1501
1500
1426
1478
1459
1410
1429
1422
1423
1411
1382
1368
1323
1289
1321
1367
1365
1414
1395
1367
1284
1444
1402
1363
1462
1402
1420
1362
1427
1389
1392
1372
1323
1398
1328
1471
1288
1344
1484
1502
1436
1424
1465
1434
1424
1340
1392
1403
1375
1354
1431
1357
1337
1236
1438
1363
1357
1429
1485
1333
1421
1512
1461
1392
1328
1390
1377
1465
1488
1336
1271
1311
1398
1398
1361
1328
1404
1345
1356
1428
1564
1429
1391
1454
1499
1491
1524
1403
1412
1381
1495
1367
1318
1397
1398
1306
1275
1266
1385
1402
1359
1369
1408
1522
1436
1374
1397
1386
1477
1333
1461
1354
1383
1476
1375
1423
1364
1379
1533
1402
1387
1400
1338
1379
1409
1380
1286
1414
1469
1415
1373
1354
1303
1374
1344
1401
1370
1427
1441
1347
1378
1422
1364
1384
1540
1373
1409
1459
1414
1467
1419
1400
1315
1471
1418
1324
1375
1426
1466
1369
1458
1371
1371
1376
1426
1438
1382
1368
1381
1478
1380
1347
1431
1321
1440
1326
1365
1338
1348
1487
1361
1333
1388
1373
1458
1400
1366
1407
1464
1335
1364
1389
1426
1418
1422
1368
1336
1304
1333
1455
1382
1410
1432
1352
1420
1385
1414
1461
1454
1486
1320
1347
1388
1454
1387
1363
1448
1420
1520
1405
1364
1437
1483
1460
1416
1497
1354
1435
1358
1489
1348
1452
1325
1433
1445
1351
1363
1416
1337
1442
1422
1435
1424
1538
1416
1451
1450
1414
1508
1414
1453
1469
1261
1369
1386
1453
1317
1338
1437
1362
1402
1504
1468
1324
1427
1468
1410
1489
1434
1515
1334
1344
1323
1400
1337
1330
1458
1308
1329
1370
1432
1461
1537
1468
1457
1335
1351
1447
1486
1448
1473
1390
1312
1339
1363
1427
1410
1415
1376
1426
1431
1421
1428
1395
1364
1495
1432
1328
1360
1466
1325
1412
1489
1378
1374
1418
1526
1493
1502
1473
1391
1325
1352
1451
1432
1420
1344
1431
1432
1490
1368
1440
1461
1405
1451
1518
1448
1403
1316
1409
1343
1457
1413
1462
1413
1367
1483
1371
1441
1395
1377
1361
1326
1297
1434
1408
1421
1330
1489
1320
1297
1451
1437
1408
1403
1442
1359
1549
1412
1464
1357
1353
1408
1339
1450
1503
1365
1362
1446
1395
1348
1355
1361
1385
1377
1419
1455
1370
1317
1347
1359
1453
1396
1425
1345
1346
1348
1488
1444
1428
1424
1448
1399
1375
1418
1388
1390
1461
1389
1346
1319
1393
1387
1456
1482
1371
1369
1325
1376
1374
1460
1306
1329
1373
1322
1355
1468
1527
1434
1426
1340
1494
1326
1350
1382
1475
1398
1452
1336
1323
1447
1397
1397
1342
1368
1434
1443
1517
1371
1373
1387
1381
1502
1382
1417
1400
1375
1384
1433
1415
1299
1418
1410
1305
1383
1402
1440
1378
1460
1435
1422
1425
1437
1279
1410
1376
1386
1484
1452
1387
1484
1414
1442
1480
1411
1444
1436
1274
1425
1400
1398
1350
1350
1439
1412
1318
1359
1391
1364
1417
1451
1373
1426
1400
1383
1405
1381
1473
1348
1460
1498
1469
1411
1285
1413
1392
1342
1409
1401
1341
1330
1350
1409
1415
1436
1417
1378
1476
1487
1421
1493
1341
1385
1397
1470
1351
1403
1388
1446
1415
1401
1412
1396
1455
1379
1331
1329
1495
1403
1365
1374
1352
1379
1370
1340
1410
1381
1374
1462
1384
1417
1380
1369
1393
1383
1428
1387
1468
1404
1401
1371
1438
1429
1347
1400
1423
1468
1467
1362
1472
1333
1465
1391
1406
1504
1475
1343
1472
1408
1428
1410
1376
1314
1480
1442
1324
1360
1426
1380
1347
1516
1419
1423
1353
1431
1405
1379
1389
1401
1410
1351
1305
1313
1382
1447
1493
1416
1304
1396
1459
1356
1339
1431
1358
1336
1338
1437
1330
1381
1413
1500
1362
1426
1462
1297
1477
1404
1394
1363
1376
1397
1434
1337
1403
1471
1391
1447
1392
1453
1412
1363
1368
1417
1436
1453
1372
1471
1423
1396
1318
1446
1373
1458
1372
1396
1457
1430
1344
1380
1472
1125
1415
1429
1343
1375
1428
1476
1332
1451
1441
1465
1424
1287
1434
1389
1385
1306
1345
1424
1345
1372
1358
1394
1377
1448
1347
1401
1357
1388
1387
1361
1442
1319
1508
1505
1361
1365
1373
1384
1363
1290
1477
1574
1381
1407
1524
1378
1381
1398
1463
1364
1482
1380
1405
1388
1439
1408
1330
1449
1448
1457
1397
1408
1394
1414
1326
1357
1402
1328
1385
1435
1528
1408
1392
1272
1391
1462
1433
1448
1363
1361
1410
1460
1461
1421
1438
1328
1374
1415
1385
1359
1351
1343
1406
1352
1283
1365
1405
1403
1348
1332
1409
1460
1412
1364
1388
1394
1426
1357
1526
1317
1389
1324
1347
1362
1400
1421
1487
1446
1457
1393
1392
1481
1448
1412
1380
1418
1354
1386
1476
1343
1298
1399
1468
1314
1349
1477
1380
1391
1443
1461
1411
1420
1445
1346
1412
1467
1337
1292
1456
1396
1487
1342
1362
1366
1362
1376
1387
1422
1379
1392
1478
1456
1411
1488
1457
1405
1394
1356
1399
1386
1364
1450
1379
1437
1339
1379
1439
1299
1323
1435
1333
1394
1406
1437
1481
1415
1424
1484
1304
1468
1331
1384
1401
1453
1290
1418
1414
1411
1395
1515
1528
1527
1374
1525
1516
1461
1358
1326
1446
1392
1298
1415
1374
1412
1399
1380
1355
1447
1457
1447
1369
1424
1453
1453
1355
1406
1374
1397
1431
1453
1399
1441
1406
1524
1379
1357
1445
1414
1399
1512
1441
1419
1354
1308
1419
1365
1389
1412
1296
1284
1402
1368
1322
1363
1422
1437
1359
1414
1458
1388
1382
1429
1334
1465
1376
1377
1382
1385
1392
1380
1374
1325
1405
1388
1440
1412
1319
1403
1499
1425
1377
1322
1304
1384
1347
1354
1476
1429
1312
1399
1420
1381
1387
1445
1397
1450
1384
1421
1385
1434
1466
1349
1484
1400
1449
1431
1374
1408
1343
1357
1432
1478
1406
1372
1460
1349
1378
1338
1417
1438
1412
1379
1497
1506
1536
1345
1410
1380
1495
1359
1364
1398
1458
1419
1416
1349
1426
1379
1372
1387
1301
1432
1410
1395
1420
1408
1410
1416
1321
1376
1400
1332
1404
1366
1483
1318
1355
1477
1446
1408
1407
1294
1439
1423
1467
1455
1480
1456
1371
1481
1459
1378
1471
1531
1383
1410
1514
1357
1384
1431
1480
1281
1362
1316
1399
1353
1311
1413
1402
1468
1380
1465
1438
1362
1482
1377
1401
1509
1339
1389
1420
1421
1300
1356
1428
1367
1308
1385
1265
1438
1395
1433
1317
1454
1353
1399
1297
1391
1405
1331
1450
1368
1485
1412
1442
1335
1348
1464
1462
1369
1355
1404
1382
1423
1345
1377
1339
1415
1403
1412
1371
1440
1361
1443
1375
1375
1314
1356
1409
1471
1404
1372
1349
1399
1471
1350
1453
1475
1465
1377
1368
1457
1372
1469
1423
1432
1281
1392
1460
1441
1382
1404
1506
1400
1414
1443
1346
1539
1425
1277
1426
1319
1361
1413
1390
1427
1415
1430
1372
1431
1346
1345
1496
1450
1406
1443
1400
1375
1410
1500
1433
1449
1424
1418
1454
1447
1371
1354
1570
1492
1363
1390
1415
1489
1303
1357
1424
1314
1351
1312
1509
1413
1350
1457
1519
1410
1428
1345
1533
1512
1420
1354
1440
1414
1395
1337
1392
1349
1458
1478
1371
1347
1400
1446
1360
1459
1373
1491
1449
1460
1348
1447
1438
1357
1299
1341
1439
1379
1432
1418
1425
1348
1357
1354
1395
1444
1414
1380
1478
1449
1332
1423
1398
1387
1296
1370
1427
1452
1313
1341
1453
1409
1299
1430
1493
1444
1447
1420
1462
1443
1359
1460
1344
1354
1403
1293
1424
1405
1474
1360
1464
1349
1447
1502
1452
1435
1484
1400
1484
1427
1464
1393
1370
1370
1396
1338
1300
1438
1468
1452
1380
1416
1447
1426
1392
1546
1374
1445
1542
1459
1415
1436
1353
1380
1351
1387
1284
1330
1337
1354
1312
1456
1401
1311
1429
1456
1494
1404
1448
1417
1432
1347
1415
1427
1387
1392
1329
1413
1442
1402
1386
1407
1399
1382
1457
1478
1394
1414
1386
1440
1365
1321
1357
1390
1441
1337
1331
1451
1336
1438
1463
1416
1468
1384
1450
1383
1435
1501
1496
1366
1391
1480
1426
1456
1383
1494
1321
1324
1437
1478
1449
1471
1374
1327
1358
1406
1348
1398
1421
1326
1347
1412
1282
1399
1363
1446
1398
1344
1461
1396
1349
1309
1290
1324
1428
1414
1421
1416
1505
1461
1330
1378
1382
1441
1478
1397
1305
1432
1312
1385
1428
1418
1402
1414
1385
1467
1418
1360
1495
1423
1409
1444
1441
1356
1401
1412
1356
1417
1395
1448
1355
1417
1273
1431
1376
1494
1445
1380
1365
1411
1325
1482
1356
1382
1352
1370
1389
1280
1397
1359
1350
1341
1356
1402
1362
1408
1380
1399
1378
1384
1427
1455
1425
1413
1335
1470
1452
1417
1332
1380
1388
1362
1361
1300
1353
1433
1395
1407
1496
1507
1509
1422
1349
1434
1483
1353
1375
1307
1303
1333
1297
1422
1336
1305
1420
1459
1405
1445
1408
1424
1342
1329
1370
1422
1373
1314
1479
1496
1263
1343
1416
1239
1428
1466
1394
1405
1456
1525
1431
1407
1346
1430
1429
1388
1338
1337
1368
1420
1463
1358
1409
1313
1400
1385
1334
1466
1431
1412
1389
1402
1449
1431
1357
1380
1362
1287
1320
1372
1426
1344
1466
1392
1474
1439
1413
1450
1448
1411
1363
1358
1396
1320
1357
1471
1368
1466
1463
1325
1423
1408
1428
1432
1484
1389
1433
1398
1450
1297
1390
1334
1361
1394
1379
1418
1377
1368
1452
1364
1435
1427
1427
1366
1389
1467
1459
1455
1449
1450
1417
1371
1467
1364
1411
1427
1385
1398
1294
1387
1495
1458
1355
1319
1304
1401
1468
1416
1418
1355
1511
1425
1354
1319
1386
1297
1424
1416
1451
1299
1423
1483
1453
1399
1394
1379
1478
1454
1377
1399
1361
1362
1293
1332
1406
1393
1384
1467
1346
1443
1432
1469
1479
1381
1408
1410
1441
1289
1422
1348
1323
1438
1313
1400
1407
1421
1291
1431
1450
1365
1443
1478
1459
1353
1327
1369
1412
1352
1393
1397
1342
1496
1424
1291
1412
1381
1394
1445
1340
1332
1612
1391
1408
1438
1441
1431
1425
1406
1319
1422
1317
1468
1461
1400
1379
1316
1325
1390
1389
1333
1331
1412
1361
1410
1425
1370
1480
1479
1405
1375
1389
1443
1331
1357
1401
1322
1355
1322
1402
1491
1322
1389
1425
1395
1392
1396
1380
1378
1418
1438
1288
1402
1359
1361
1386
1390
1421
1423
1347
1340
1500
1349
1309
1372
1366
1338
1457
1349
1379
1506
1364
1340
1402
1359
1406
1352
1501
1352
1444
1421
1409
1361
1403
1429
1299
1452
1272
1460
1419
1300
1413
1442
1463
1418
1416
1371
1454
1397
1375
1424
1433
1348
1389
1381
1303
1380
1412
1386
1418
1488
1355
1388
1416
1449
1400
1374
1355
1478
1332
1350
1497
1378
1465
1381
1417
1399
1365
1303
1433
1400
1434
1452
1411
1328
1343
1370
1335
1383
1422
1435
1396
1445
1428
1410
1385
1409
1342
1474
1373
1486
1327
1355
1405
1377
1500
1419
1470
1461
1427
1336
1459
1434
1450
1481
1324
1438
1396
1365
1392
1343
1363
1413
1400
1335
1328
1314
1365
1409
1380
1449
1427
1434
1356
1372
1381
1535
1418
1361
1436
1437
1387
1380
1352
1467
1353
1417
1305
1366
1449
1414
1452
1442
1401
1516
1337
1390
1412
1354
1509
1396
1435
1310
1360
1408
1430
1385
1390
1428
1419
1525
1444
1402
1519
1419
1425
1359
1369
1432
1405
1368
1412
1400
1322
1329
1434
1336
1391
1469
1448
1398
1362
1375
1364
1408
1477
1345
1331
1360
1405
1359
1457
1350
1361
1404
1386
1389
1454
1372
1345
1348
1333
1381
1341
1352
1459
1371
1432
1380
1333
1384
1482
1306
1448
1492
1320
1362
1401
1381
1425
1358
1377
1336
1514
1396
1480
1481
1343
1329
1401
1375
1385
1336
1383
1430
1393
1317
1381
1329
1337
1424
1445
1496
1385
1348
1354
1466
1372
1375
1325
1445
1337
1368
1437
1399
1394
1399
1291
1393
1307
1481
1420
1463
1366
1330
1378
1426
1335
1400
1471
1377
1379
1319
1373
1426
1351
1340
1327
1293
1321
1312
1301
1378
1407
1365
1436
1406
1401
1481
1428
1350
1343
1423
1373
1386
1422
1382
1421
1456
1319
1473
1431
1425
1415
1441
1472
1326
1364
1405
1409
1380
1434
1387
1341
1428
1366
1503
1372
1423
1471
1472
1427
1379
1460
1338
1428
1376
1412
1387
1442
1484
1420
1379
1411
1314
1408
1419
1469
1397
1371
1369
1493
1459
1449
1462
1454
1417
1403
1416
1327
1389
1427
1426
1462
1289
1444
1352
1367
1483
1345
1319
1420
1361
1386
1443
1552
1434
1451
1432
1402
1414
1386
1428
1421
1267
1399
1362
1367
1430
1392
1386
1423
1437
1518
1465
1284
1416
1385
1439
1447
1321
1397
1357
1430
1361
1385
1595
1478
1382
1422
1307
1402
1458
1485
1431
1314
1392
1344
1383
1417
1364
1385
1442
1419
1316
1275
1354
1437
1372
1438
1446
1330
1422
1302
1298
1380
1371
1371
1378
1407
1423
1529
1326
1434
1506
1436
1374
1376
1512
1411
1412
1419
1423
1370
1495
1461
1380
1418
1431
1380
1522
1303
1274
1279
1412
1362
1431
1419
1480
1414
1421
1416
1409
1363
1522
1380
1380
1388
1456
1365
1429
1332
1347
1418
1431
1412
1322
1450
1339
1439
1400
1456
1315
1408
1315
1435
1404
1399
1328
1363
1413
1387
1481
1405
1439
1436
1365
1384
1377
1387
1334
1239
1318
1457
1351
1361
1437
1377
1442
1395
1418
1400
1350
1448
1444
1332
1322
1466
1319
1444
1443
1368
1375
1398
1411
1432
1388
1416
1343
1330
1375
1406
1362
1399
1387
1444
1421
1390
1381
1411
1309
1412
1344
1441
1426
1434
1489
1395
1415
1454
1343
1315
1401
1440
1485
1398
1376
1394
1399
1353
1373
1356
1476
1369
1302
1402
1361
1442
1502
1435
1377
1359
1431
1436
1378
1406
1331
1328
1373
1372
1395
1377
1364
1318
1370
1378
1368
1422
1340
1480
1286
1429
1396
1447
1447
1388
1415
1337
1377
1327
1291
1433
1432
1362
1384
1436
1273
1323
1396
1364
1421
1422
1510
1378
1504
1517
1357
1499
1451
1374
1321
1361
1463
1348
1418
1339
1396
1431
1452
1406
1477
1507
1387
1465
1445
1364
1360
1396
1462
1398
1412
1353
1302
1431
1403
1373
1515
1416
1467
1452
1439
1486
1412
1439
1519
1387
1509
1397
1383
1418
1378
1461
1351
1452
1396
1391
1330
1405
1299
1463
1367
1400
1376
1335
1370
1353
1413
1381
1394
1346
1307
1332
1384
1417
1438
1464
1330
1466
1381
1397
1362
1398
1383
1347
1422
1400
1428
1390
1426
1425
1371
1386
1375
1374
1333
1437
1452
1460
1439
1396
1394
1373
1341
1314
1209
1382
1410
1339
1377
1357
1429
1478
1444
1381
1422
1370
1393
1472
1492
1465
1427
1477
1380
1397
1349
1335
1416
1411
1427
1448
1365
1479
1348
1454
1426
1419
1310
1308
1410
1462
1385
1297
1402
1374
1402
1354
1407
1405
1333
1455
1474
1493
1410
1445
1432
1342
1390
1341
1267
1454
1327
1462
1453
1428
1326
1353
1440
1411
1482
1380
1349
1421
1357
1391
1414
1322
1367
1357
1369
1388
1362
1439
1598
1542
1439
1408
1346
1513
1385
1299
1394
1355
1406
1388
1326
1337
1311
1358
1356
1391
1373
1373
1414
1356
1380
1388
1370
1478
1378
1391
1490
1349
1385
1456
1420
1435
1383
1398
1384
1456
1471
1398
1382
1421
1359
1470
1421
1436
1352
1394
1341
1362
1372
1321
1443
1459
1446
1462
1384
1424
1372
1419
1328
1447
1414
1371
1343
1415
1326
1366
1453
1388
1381
1489
1360
1466
1360
1397
1525
1404
1410
1381
1380
1301
1391
1478
1398
1453
1294
1416
1418
1346
1369
1423
1442
1452
1299
1420
1390
1420
1304
1416
1406
1364
1449
1378
1325
1419
1350
1431
1426
1398
1436
1381
1416
1426
1332
1394
1388
1374
1427
1428
1461
1468
1370
1377
1372
1413
1357
1368
1471
1421
1377
1409
1338
1526
1388
1410
1457
1386
1366
1359
1374
1317
1491
1365
1460
1421
1389
1453
1364
1338
1442
1530
1507
1403
1354
1476
1403
1328
1355
1414
1363
1454
1338
1368
1479
1403
1388
1405
1382
1351
1544
1351
1323
1463
1335
1419
1467
1405
1357
1424
1374
1424
1437
1447
1415
1433
1478
1405
1397
1389
1318
1440
1372
1497
1462
1405
1473
1409
1399
1473
1453
1414
1476
1520
1316
1412
1460
1378
1470
1394
1444
1395
1478
1332
1367
1475
1498
1425
1391
1502
1387
1422
1412
1358
1371
1374
1419
1380
1397
1365
1475
1339
1356
1378
1373
1458
1371
1502
1460
1464
1482
1445
1464
1450
1387
1379
1427
1304
1343
1397
1469
1454
1305
1420
1499
1365
1375
1402
1398
1443
1400
1459
1491
1422
1362
1376
1381
1344
1402
1350
1412
1398
1376
1412
1441
1459
1395
1395
1483
1350
1384
1347
1402
1389
1459
