1445
1436
1442
1398
1418
1449
1454
1408
1416
1380
1380
1411
1354
1382
1374
1349
1422
1525
1383
1324
1368
1497
1388
1473
1337
1329
1519
1419
1407
1418
1412
1257
1480
1397
1417
1376
1448
1433
1423
1421
1383
1442
1399
1378
1434
1348
1437
1344
1342
1326
1467
1352
1404
1393
1408
1366
1426
1486
1396
1404
1428
1415
1506
1486
1380
1358
1392
1400
1357
1427
1287
1355
1474
1355
1443
1433
1508
1316
1362
1458
1392
1476
1501
1389
1396
1383
1384
1367
1394
1316
1421
1440
1359
1490
1359
1495
1425
1394
1488
1375
1434
1405
1362
1446
1450
1406
1448
1395
1275
1356
1408
1502
1381
1384
1396
1396
1348
1479
1408
1400
1385
1363
1396
1462
1318
1405
1402
1375
1401
1366
1340
1320
1371
1444
1327
1358
1405
1412
1435
1484
1372
1502
1406
1399
1342
1619
1418
1424
1364
1485
1474
1368
1371
1370
1401
1426
1407
1345
1397
1359
1438
1404
1394
1435
1458
1422
1422
1385
1379
1447
1392
1497
1395
1404
1424
1358
1424
1233
1381
1365
1370
1428
1353
1375
1406
1418
1429
1282
1442
1443
1313
1376
1396
1347
1368
1444
1441
1431
1395
1383
1405
1392
1379
1425
1522
1403
1368
1336
1398
1278
1396
1461
1345
1439
1477
1421
1401
1333
1360
1397
1381
1335
1448
1419
1432
1357
1372
1491
1468
1344
1383
1297
1405
1344
1383
1405
1460
1414
1415
1411
1411
1456
1397
1408
1382
1386
1385
1399
1336
1287
1337
1382
1382
1394
1321
1387
1475
1389
1364
1337
1414
1382
1377
1358
1372
1384
1423
1344
1422
1406
1450
1352
1304
1291
1377
1428
1526
1329
1391
1383
1400
1417
1409
1273
1449
1434
1464
1465
1384
1373
1329
1292
1443
1377
1340
1375
1395
1460
1483
1472
1374
1398
1404
1400
1320
1385
1425
1353
1305
1449
1424
1466
1358
1332
1313
1359
1420
1337
1388
1484
1351
1358
1366
1438
1247
1331
1396
1415
1246
1447
1358
1332
1501
1385
1493
1397
1383
1428
1374
1397
1452
1366
1382
1425
1308
1374
1381
1382
1416
1456
1445
1390
1271
1442
1368
1430
1403
1313
1422
1438
1414
1439
1374
1435
1335
1374
1386
1407
1447
1361
1414
1439
1444
1345
1289
1348
1373
1334
1347
1340
1463
1299
1359
1299
1431
1349
1355
1370
1368
1344
1312
1402
1344
1379
1347
1305
1425
1388
1436
1351
1420
1384
1354
1367
1240
1412
1407
1391
1382
1463
1381
1375
1363
1403
1282
1406
1383
1391
1421
1368
1453
1388
1450
1349
1422
1348
1309
1395
1370
1330
1355
1312
1260
1351
1394
1387
1402
1484
1476
1305
1376
1389
1423
1454
1440
1318
1256
1416
1439
1409
1338
1401
1406
1401
1350
1399
1454
1505
1432
1274
1398
1354
1345
1329
1333
1402
1215
1324
1409
1406
1431
1381
1470
1350
1232
1421
1409
1329
1402
1351
1393
1290
1381
1349
1477
1378
1386
1362
1418
1337
1460
1382
1479
1360
1498
1343
1429
1345
1327
1399
1367
1418
1338
1392
1264
1470
1383
1448
1412
1331
1393
1343
1311
1378
1408
1341
1424
1421
1409
1347
1401
1427
1297
1409
1370
1308
1411
1414
1330
1319
1335
1356
1455
1420
1415
1422
1374
1369
1316
1487
1408
1336
1314
1388
1338
1412
1405
1340
1389
1404
1413
1327
1451
1389
1394
1426
1428
1332
1394
1332
1364
1265
1416
1353
1432
1415
1354
1383
1383
1409
1414
1426
1300
1352
1398
1300
1291
1353
1421
1448
1396
1428
1413
1375
1412
1399
1414
1328
1326
1345
1392
1226
1426
1419
1428
1380
1375
1307
1322
1453
1316
1413
1401
1389
1407
1362
1391
1388
1437
1431
1426
1318
1441
1432
1379
1419
1375
1403
1351
1451
1380
1395
1328
1466
1380
1361
1336
1397
1472
1427
1320
1464
1404
1457
1494
1453
1427
1406
1430
1395
1470
1358
1289
1298
1417
1420
1415
1457
1442
1404
1443
1372
1381
1417
1406
1367
1423
1406
1421
1390
1347
1461
1425
1390
1380
1471
1451
1462
1332
1402
1474
1405
1439
1403
1444
1393
1344
1290
1429
1422
1435
1439
1367
1453
1449
1478
1421
1301
1351
1408
1417
1405
1399
1437
1327
1311
1496
1360
1425
1432
1351
1480
1388
1454
1479
1445
1415
1396
1405
1318
1441
1373
1425
1420
1459
1398
1371
1437
1482
1463
1335
1300
1309
1365
1443
1387
1403
1344
1327
1325
1389
1330
1440
1308
1341
1344
1395
1390
1405
1417
1388
1371
1421
1436
1353
1534
1319
1454
1379
1378
1332
1436
1373
1449
1380
1361
1426
1352
1273
1371
1333
1389
1471
1339
1373
1418
1404
1295
1483
1287
1507
1449
1416
1413
1372
1393
1368
1423
1465
1389
1366
1424
1414
1516
1369
1437
1447
1395
1396
1411
1478
1379
1426
1413
1463
1446
1298
1439
1440
1434
1382
1357
1399
1431
1370
1319
1432
1369
1363
1342
1444
1365
1364
1384
1371
1381
1407
1449
1379
1482
1394
1394
1524
1396
1342
1378
1431
1446
1465
1298
1533
1442
1367
1415
1356
1400
1349
1371
1435
1432
1397
1472
1417
1301
1431
1361
1353
1380
1455
1441
1460
1417
1434
1454
1319
1374
1422
1420
1449
1376
1352
1415
1411
1321
1393
1398
1366
1362
1391
1366
1388
1403
1478
1561
1428
1463
1448
1380
1459
1405
1396
1386
1411
1314
1379
1382
1431
1348
1419
1399
1438
1321
1406
1405
1450
1449
1357
1570
1471
1396
1393
1476
1375
1465
1316
1337
1386
1385
1420
1260
1394
1508
1394
1349
1424
1431
1417
1382
1489
1396
1398
1369
1393
1415
1437
1398
1423
1353
1358
1420
1354
1421
1388
1406
1496
1346
1363
1538
1402
1366
1508
1362
1317
1211
1418
1398
1309
1393
1391
1425
1454
1400
1513
1396
1475
1388
1389
1449
1461
1431
1446
1377
1352
1413
1366
1400
1323
1384
1487
1329
1378
1494
1338
1468
1433
1356
1359
1332
1408
1420
1333
1361
1412
1418
1411
1391
1323
1361
1524
1339
1406
1382
1403
1414
1361
1331
1395
1491
1396
1420
1332
1241
1332
1373
1335
1492
1389
1359
1436
1401
1427
1449
1342
1452
1372
1456
1415
1434
1380
1317
1452
1353
1296
1342
1362
1362
1302
1403
1464
1400
1349
1392
1435
1458
1370
1410
1340
1552
1391
1385
1476
1399
1447
1317
1407
1403
1383
1382
1394
1433
1422
1419
1420
1330
1385
1379
1391
1436
1451
1435
1457
1405
1421
1360
1420
1363
1350
1451
1419
1318
1427
1406
1448
1347
1397
1464
1333
1389
1415
1413
1418
1378
1420
1390
1330
1349
1331
1458
1355
1437
1341
1375
1395
1378
1456
1435
1425
1338
1419
1384
1453
1400
1374
1465
1453
1341
1401
1326
1451
1369
1352
1354
1372
1458
1363
1339
1431
1402
1330
1389
1441
1453
1453
1379
1395
1337
1356
1431
1245
1440
1409
1438
1395
1407
1427
1402
1351
1420
1467
1433
1381
1380
1418
1365
1364
1433
1396
1365
1349
1482
1273
1390
1431
1366
1424
1405
1448
1331
1334
1387
1376
1411
1385
1422
1326
1422
1491
1306
1339
1397
1419
1368
1370
1492
1404
1405
1362
1475
1332
1494
1364
1466
1450
1465
1423
1399
1499
1411
1406
1344
1397
1410
1388
1408
1414
1379
1398
1415
1399
1424
1418
1466
1327
1415
1405
1369
1442
1416
1372
1425
1393
1361
1442
1291
1408
1318
1407
1440
1449
1418
1372
1484
1385
1408
1441
1373
1378
1450
1386
1400
1336
1433
1429
1358
1401
1392
1372
1298
1406
1311
1356
1454
1449
1464
1420
1320
1301
1411
1333
1425
1414
1349
1361
1439
1422
1472
1384
1246
1432
1419
1345
1356
1383
1351
1346
1427
1467
1444
1492
1331
1335
1457
1452
1432
1383
1397
1375
1322
1372
1363
1412
1352
1430
1349
1384
1429
1407
1365
1443
1418
1423
1383
1383
1449
1306
1399
1336
1267
1372
1324
1384
1302
1384
1416
1355
1417
1353
1447
1429
1328
1330
1357
1397
1367
1396
1403
1412
1424
1371
1437
1375
1395
1380
1278
1243
1336
1437
1415
1449
1320
1400
1426
1448
1370
1375
1483
1418
1436
1376
1430
1412
1414
1335
1341
1407
1359
1401
1448
1364
1414
1363
1363
1424
1404
1418
1504
1431
1395
1400
1313
1399
1302
1310
1350
1332
1358
1435
1367
1395
1413
1353
1502
1483
1399
1349
1480
1360
1395
1459
1409
1371
1351
1468
1427
1423
1366
1367
1364
1428
1274
1373
1363
1361
1364
1432
1400
1416
1461
1468
1421
1324
1380
1382
1416
1443
1322
1418
1328
1332
1326
1334
1398
1372
1351
1479
1311
1418
1415
1374
1373
1543
1351
1422
1422
1387
1355
1356
1389
1478
1440
1377
1354
1412
1400
1376
1417
1394
1361
1351
1330
1361
1299
1296
1390
1384
1347
1413
1306
1300
1399
1438
1348
1371
1364
1402
1319
1349
1368
1553
1377
1394
1376
1415
1412
1364
1395
1483
1386
1341
1419
1386
1412
1467
1473
1470
1401
1450
1351
1290
1329
1423
1421
1372
1481
1417
1552
1420
1512
1490
1384
1413
1350
1498
1243
1394
1333
1418
1318
1261
1328
1367
1317
1430
1400
1447
1415
1468
1414
1422
1400
1395
1400
1479
1349
1314
1396
1441
1423
1427
1420
1367
1426
1425
1448
1511
1455
1366
1469
1413
1436
1394
1458
1347
1444
1421
1290
1447
1345
1397
1447
1421
1451
1466
1356
1454
1447
1429
1478
1339
1438
1442
1337
1376
1392
1386
1504
1306
1342
1473
1387
1436
1443
1401
1318
1359
1486
1371
1426
1258
1376
1339
1376
1355
1435
1426
1423
1389
1350
1451
1351
1410
1270
1491
1390
1510
1367
1445
1321
1311
1279
1365
1448
1294
1350
1353
1439
1359
1302
1344
1297
1431
1462
1562
1333
1327
1377
1351
1451
1504
1407
1422
1392
1351
1294
1307
1405
1381
1346
1392
1373
1400
1346
1319
1418
1484
1455
1461
1363
1452
1487
1394
1350
1346
1360
1393
1380
1332
1407
1398
1442
1364
1439
1483
1440
1370
1349
1521
1435
1425
1435
1393
1326
1464
1420
1350
1372
1299
1400
1361
1499
1421
1371
1275
1514
1477
1480
1299
1300
1471
1467
1397
1388
1372
1481
1376
1408
1311
1365
1299
1332
1376
1412
1474
1311
1440
1366
1417
1281
1296
1400
1467
1334
1436
1435
1370
1347
1404
1392
1415
1413
1422
1288
1452
1450
1371
1335
1394
1364
1407
1388
1367
1394
1405
1434
1371
1362
1413
1347
1356
1433
1427
1363
1348
1438
1407
1332
1391
1405
1463
1397
1472
1458
1405
1428
1434
1402
1390
1402
1433
1354
1335
1372
1437
1383
1363
1221
1353
1441
1428
1361
1384
1507
1412
1432
1467
1410
1348
1447
1350
1447
1244
1440
1297
1395
1357
1323
1383
1333
1382
1423
1450
1427
1447
1375
1453
1425
1409
1385
1400
1390
1356
1447
1391
1441
1429
1479
1398
1443
1356
1437
1448
1400
1374
1423
1286
1295
1439
1384
1418
1462
1361
1427
1359
1351
1380
1480
1413
1454
1466
1400
1415
1405
1461
1479
1388
1388
1399
1371
1403
1386
1396
1320
1406
1467
1468
1400
1397
1394
1423
1413
1412
1397
1443
1455
1407
1410
1389
1419
1350
1412
1409
1357
1373
1330
1430
1393
1412
1428
1407
1500
1411
1414
1372
1415
1449
1412
1386
1391
1367
1372
1375
1318
1352
1425
1440
1417
1411
1383
1415
1366
1354
1306
1361
1471
1380
1349
1380
1367
1378
1437
1434
1345
1408
1359
1429
1481
1364
1480
1414
1364
1392
1295
1352
1306
1322
1367
1400
1318
1403
1421
1467
1357
1469
1466
1437
1407
1316
1502
1306
1401
1273
1434
1281
1374
1462
1305
1377
1290
1311
1417
1430
1364
1413
1423
1380
1472
1478
1359
1443
1425
1439
1497
1403
1388
1431
1457
1385
1395
1472
1465
1526
1390
1427
1455
1319
1362
1338
1308
1440
1434
1290
1347
1395
1361
1408
1437
1329
1504
1489
1410
1457
1431
1354
1417
1412
1438
1376
1441
1275
1379
1370
1332
1420
1399
1466
1397
1410
1415
1391
1369
1345
1415
1477
1374
1373
1396
1415
1476
1427
1352
1313
1370
1458
1364
1395
1435
1349
1462
1520
1370
1429
1483
1418
1533
1254
1354
1487
1471
1376
1468
1452
1444
1405
1361
1333
1450
1437
1387
1428
1340
1356
1361
1287
1460
1401
1367
1382
1388
1422
1388
1375
1333
1445
1401
1239
1336
1425
1394
1394
1415
1409
1510
1372
1418
1445
1376
1455
1404
1411
1368
1472
1488
1340
1403
1496
1419
1404
1464
1470
1447
1319
1306
1374
1491
1495
1404
1334
1480
1385
1373
1415
1467
1449
1436
1435
1390
1450
1428
1515
1380
1412
1512
1451
1399
1414
1303
1487
1369
1395
1372
1372
1305
1379
1400
1404
1390
1356
1493
1415
1457
1475
1455
1484
1366
1370
1425
1363
1457
1391
1405
1348
1362
1396
1333
1288
1493
1393
1362
1357
1378
1348
1314
1408
1386
1400
1385
1311
1423
1484
1451
1359
1423
1391
1364
1402
1470
1359
1400
1458
1374
1354
1455
1429
1387
1335
1481
1378
1400
1452
1410
1437
1419
1414
1409
1417
1401
1342
1311
1474
1469
1517
1382
1415
1478
1328
1418
1445
1501
1439
1352
1411
1411
1383
1451
1353
1277
1419
1357
1367
1463
1437
1448
1501
1385
1452
1524
1376
1408
1406
1523
1379
1396
1366
1398
1395
1443
1412
1422
1362
1323
1362
1321
1333
1375
1418
1414
1362
1456
1306
1453
1420
1419
1322
1405
1446
1400
1352
1460
1379
1386
1429
1388
1442
1454
1358
1445
1499
1329
1376
1422
1390
1439
1329
1291
1408
1452
1438
1426
1446
1416
1372
1377
1394
1390
1369
1311
1435
1382
1396
1351
1392
1435
1327
1439
1316
1408
1438
1313
1361
1355
1475
1351
1508
1337
1416
1456
1421
1483
1315
1439
1513
1407
1311
1384
1426
1400
1460
1443
1397
1313
1577
1316
1379
1416
1382
1263
1414
1390
1388
1444
1377
1408
1325
1447
1316
1324
1461
1333
1341
1476
1393
1440
1451
1394
1371
1361
1477
1466
1421
1386
1373
1467
1412
1385
1245
1439
1474
1319
1353
1364
1512
1379
1441
1426
1434
1380
1423
1349
1405
1410
1334
1390
1386
1464
1391
1379
1397
1467
1443
1389
1324
1410
1430
1412
1515
1395
1449
1422
1420
1311
1505
1440
1393
1358
1367
1334
1359
1342
1340
1407
1462
1368
1405
1402
1474
1348
1388
1355
1448
1437
1390
1431
1434
1418
1384
1396
1349
1460
1384
1483
1400
1395
1385
1366
1321
1376
1466
1441
1407
1378
1420
1421
1335
1420
1367
1480
1360
1398
1422
1474
1417
1444
1425
1366
1412
1441
1330
1354
1430
1282
1455
1511
1444
1376
1409
1340
1372
1389
1430
1402
1392
1504
1450
1356
1389
1424
1434
1355
1307
1359
1460
1271
1369
1423
1388
1364
1418
1363
1343
1315
1432
1380
1341
1391
1334
1462
1401
1342
1442
1472
1335
1462
1354
1448
1473
1312
1394
1384
1401
1500
1385
1372
1410
1432
1413
1318
1472
1394
1479
1395
1374
1432
1469
1372
1501
1352
1372
1397
1368
1347
1327
1441
1478
1377
1371
1383
1367
1431
1471
1431
1512
1397
1275
1364
1332
1364
1440
1442
1434
1371
1372
1405
1399
1418
1350
1370
1396
1391
1405
1316
1384
1476
1467
1308
1255
1344
1387
1423
1391
1487
1325
1381
1463
1338
1382
1489
1385
1449
1331
1453
1428
1390
1447
1359
1352
1419
1468
1350
1349
1322
1328
1265
1399
1274
1390
1381
1392
1424
1423
1376
1407
1426
1420
1436
1342
1418
1320
1373
1361
1392
1344
1416
1287
1410
1404
1337
1403
1460
1344
1395
1405
1402
1346
1422
1443
1357
1435
1378
1399
1364
1365
1410
1405
1402
1333
1329
1462
1479
1446
1424
1392
1389
1420
1322
1364
1409
1402
1319
1396
1382
1439
1306
1470
1408
1396
1534
1373
1372
1381
1410
1383
1376
1349
1352
1427
1323
1357
1325
1248
1412
1349
1449
1415
1402
1437
1439
1466
1412
1419
1386
1463
1374
1492
1404
1327
1301
1349
1496
1426
1449
1454
1396
1370
1443
1421
1384
1478
1447
1489
1357
1368
1492
1388
1389
1308
1380
1411
1427
1459
1415
1298
1447
1411
1351
1456
1422
1322
1329
1474
1387
1363
1453
1447
1436
1390
1427
1372
1403
1335
1316
1397
1339
1366
1485
1458
1416
1418
1372
1412
1450
1464
1358
1398
1405
1324
1391
1387
1388
1350
1366
1419
1317
1394
1406
1467
1479
1447
1360
1486
1363
1386
1325
1322
1418
1402
1463
1368
1442
1427
1420
1324
1336
1470
1463
1459
1493
1557
1433
1398
1438
1510
1368
1402
1439
1414
1348
1468
1405
1386
1476
1459
1441
1417
1321
1435
1297
1472
1509
1434
1359
1439
1486
1398
1264
1480
1397
1263
1352
1429
1478
1434
1329
1301
1422
1449
1501
1348
1477
1405
1364
1356
1382
1420
1414
1435
1362
1414
1366
1409
1450
1396
1448
1276
1394
1451
1382
1438
1374
1298
1405
1381
1364
1380
1408
1455
1436
1363
1414
1489
1328
1424
1425
1379
1436
1430
1348
1406
1385
1374
1374
1430
1298
1330
1531
1421
1445
1461
1491
1450
1418
1378
1409
1494
1386
1423
1426
1319
1407
1381
1420
1442
1344
1395
1369
1511
1414
1408
1402
1425
1424
1394
1517
1406
1435
1314
1419
1310
1427
1488
1410
1578
1418
1450
1412
1434
1243
1491
1412
1436
1417
1420
1471
1444
1360
1354
1431
1498
1363
1461
1327
1352
1376
1393
1474
1446
1341
1468
1492
1369
1457
1417
1323
1408
1417
1446
1375
1393
1350
1477
1452
1395
1387
1421
1343
1434
1409
1356
1289
1502
1470
1475
1389
1407
1301
1406
1339
1437
1379
1401
1398
1387
1430
1345
1300
1336
1462
1361
1379
1396
1397
1418
1384
1453
1356
1356
1315
1354
1388
1412
1391
1364
1379
1405
1431
1328
1427
1425
1432
1480
1345
1365
1481
1388
1412
1367
1390
1345
1373
1351
1459
1373
1346
1392
1334
1435
1453
1321
1445
1456
1453
1520
1383
1352
1353
1393
1327
1379
1401
1333
1427
1498
1432
1398
1482
1463
1533
1389
1440
1331
1399
1300
1481
1401
1447
1474
1435
1321
1390
1314
1320
1388
1345
1400
1463
1460
1462
1372
1394
1481
1474
1486
1457
1330
1463
1460
1435
1401
1445
1399
1333
1383
1352
1442
1395
1355
1322
1427
1440
1453
1452
1530
1420
1407
1393
1480
1286
1349
1327
1459
1374
1349
1392
1357
1364
1333
1449
1399
1416
1457
1448
1360
1484
1431
1303
1441
1443
1441
1455
1352
1351
1261
1377
1434
1398
1366
1380
1387
1317
1528
1492
1422
1424
1460
1436
1363
1402
1357
1302
1428
1411
1386
1402
1507
1414
1468
1400
1352
1429
1357
1451
1403
1371
1385
1350
1523
1490
1371
1349
1345
1345
1492
1420
1514
1350
1510
1465
1408
1416
1405
1435
1407
1398
1428
1516
1368
1492
1406
1446
1428
1403
1381
1435
1386
1450
1476
1366
1444
1346
1468
1366
1403
1409
1453
1403
1409
1383
1336
1442
1400
1407
1435
1486
1493
1508
1448
1420
1449
1377
1415
1456
1437
1511
1258
1448
1366
1386
1393
1427
1423
1423
1387
1401
1396
1542
1476
1489
1454
1448
1385
1401
1363
1263
1397
1314
1396
1232
1496
1404
1337
1435
1464
1430
1437
1417
1481
1337
1412
1483
1442
1391
1432
1417
1454
1417
1369
1427
1421
1416
1415
1337
1421
1431
1429
1411
1457
1327
1395
1405
1414
1365
1358
1346
1371
1334
1470
1434
1317
1315
1304
1308
1480
1459
1272
1436
1362
1340
1397
1459
1361
1474
1451
1445
1389
1314
1372
1286
1327
1416
1418
1313
1511
1464
1418
1402
1322
1302
1404
1425
1449
1424
1388
1388
1396
1328
1523
1347
1317
1406
1391
1443
1433
1378
1529
1379
1402
1399
1401
1357
1335
1349
1368
1318
1434
1433
1315
1403
1388
1366
1435
1426
1389
1397
1445
1425
1355
1392
1365
1364
1354
1373
1362
1409
1405
1414
1443
1332
1439
1410
1349
1479
1320
1450
1419
1447
1492
1314
1336
1483
1380
1473
1379
1399
1425
1473
1384
1277
1455
1417
1364
1441
1435
1353
1417
1441
1479
1424
1441
1447
1395
1394
1342
1457
1362
1316
1420
1391
1411
1428
1451
1326
1432
1401
1493
1422
1403
1347
1436
1391
1324
1437
1480
1442
1362
1358
1375
1436
1516
1522
1549
1395
1383
1466
1550
1419
1563
1459
1359
1434
1516
1453
1444
1411
1444
1408
1413
1348
1337
1482
1502
1391
1327
1415
1368
1399
1342
1379
1433
1496
1338
1354
1333
1356
1442
1406
1359
1352
1438
1389
1409
1375
1434
1419
1308
1343
1388
1363
1461
1373
1339
1399
1455
1397
1441
1461
1442
1292
1371
1397
1420
1366
1352
1424
1496
1397
1349
1365
1476
1294
1544
1437
1319
1372
1443
1363
1409
1470
1329
1347
1334
1365
1410
1261
1394
1353
1410
1424
1416
1520
1439
1429
1450
1420
1370
1431
1405
1316
1391
1395
1276
1432
1359
1421
1427
1414
1399
1371
1437
1463
1549
1440
1451
1474
1495
1263
1453
1384
1443
1285
1359
1444
1422
1443
1384
1416
1362
1411
1474
1387
1496
1350
1363
1483
1377
1398
1451
1327
1366
1337
1285
1407
1352
1439
1412
1437
1375
1395
1371
1470
1384
1552
1379
1475
1460
1369
1420
1445
1383
1302
1442
1425
1348
1424
1425
1323
1527
1449
1436
1423
1540
1312
1402
1314
1415
1394
1395
1368
1506
1286
1371
1401
1511
1406
1437
1623
1387
1304
1422
1487
1425
1420
1421
1384
1386
1376
1411
1383
1368
1347
1334
1335
1326
1447
1400
1333
1378
1370
1484
1419
1332
1451
1448
1462
1429
1309
1373
1354
1398
1368
1395
1412
1431
1413
1369
1401
1429
1400
1312
1334
1412
1415
1458
1372
1314
1435
1328
1377
1320
1340
1496
1449
1370
1356
1337
1363
1294
1436
1425
1350
1343
1367
1371
1444
1409
1320
1454
1480
1372
1438
1275
1488
1318
1350
1359
1458
1355
1461
1312
1273
1382
1418
1359
1299
1291
1366
1413
1427
1276
1457
1277
1335
1456
1400
1450
1366
1445
1337
1372
1414
1435
1361
1505
1384
1400
1412
1448
1436
1352
1328
