1358
1411
1482
1448
1377
1384
1381
1323
1331
1374
1388
1417
1423
1443
1363
1315
1325
1394
1316
1367
1360
1411
1433
1395
1303
1431
1434
1361
1382
1434
1403
1362
1444
1552
1328
1314
1365
1397
1333
1410
1284
1408
1360
1258
1448
1422
1420
1387
1424
1434
1503
1488
1457
1459
1480
1344
1363
1463
1338
1405
1345
1381
1386
1421
1439
1471
1426
1420
1514
1480
1409
1425
1530
1431
1407
1416
1448
1380
1315
1408
1313
1340
1354
1414
1395
1364
1356
1466
1288
1431
1478
1478
1462
1456
1370
1390
1399
1322
1360
1347
1458
1322
1278
1380
1415
1390
1375
1334
1358
1402
1451
1418
1356
1278
1347
1482
1426
1404
1252
1427
1311
1346
1357
1338
1406
1401
1354
1428
1514
1522
1365
1327
1348
1330
1433
1480
1410
1384
1330
1366
1407
1492
1505
1313
1406
1383
1380
1409
1375
1463
1353
1392
1339
1363
1373
1241
1349
1356
1442
1410
1502
1313
1477
1444
1395
1408
1415
1464
1444
1428
1385
1335
1397
1410
1315
1310
1429
1490
1474
1486
1443
1434
1461
1422
1401
1440
1270
1402
1341
1445
1408
1324
1454
1398
1341
1289
1450
1338
1542
1319
1429
1429
1359
1459
1361
1405
1517
1336
1439
1380
1414
1312
1369
1410
1402
1376
1268
1371
1379
1370
1457
1465
1420
1425
1440
1368
1394
1448
1395
1402
1443
1472
1453
1447
1405
1459
1470
1337
1396
1389
1471
1481
1409
1357
1433
1375
1453
1393
1410
1434
1340
1324
1461
1381
1322
1507
1390
1437
1291
1340
1373
1404
1364
1451
1287
1430
1436
1389
1478
1384
1436
1469
1430
1397
1449
1412
1437
1481
1405
1452
1411
1371
1340
1338
1315
1345
1323
1372
1352
1387
1437
1361
1397
1367
1440
1350
1364
1411
1249
1382
1335
1455
1303
1391
1378
1456
1477
1290
1451
1452
1345
1358
1368
1354
1383
1373
1342
1356
1327
1308
1385
1358
1381
1409
1465
1339
1446
1442
1330
1411
1341
1356
1370
1466
1337
1395
1410
1429
1446
1316
1330
1433
1322
1318
1375
1387
1459
1370
1470
1342
1354
1323
1281
1447
1461
1463
1351
1359
1449
1275
1437
1501
1383
1321
1368
1360
1304
1438
1377
1384
1401
1423
1424
1380
1386
1386
1336
1307
1332
1380
1386
1411
1418
1477
1457
1549
1432
1335
1410
1411
1431
1433
1349
1472
1419
1449
1379
1358
1359
1403
1430
1434
1375
1470
1390
1343
1317
1494
1433
1317
1444
1397
1429
1349
1332
1366
1366
1385
1400
1349
1347
1421
1452
1421
1407
1533
1319
1415
1424
1412
1387
1460
1397
1473
1500
1287
1346
1445
1397
1449
1494
1359
1391
1413
1406
1438
1360
1290
1482
1351
1370
1282
1389
1365
1508
1307
1384
1378
1383
1329
1343
1477
1387
1402
1393
1405
1355
1493
1420
1367
1341
1416
1520
1345
1371
1306
1336
1399
1399
1392
1405
1421
1449
1393
1418
1417
1485
1328
1338
1486
1368
1293
1389
1328
1339
1310
1350
1335
1415
1408
1418
1383
1461
1429
1497
1457
1344
1386
1387
1410
1441
1419
1342
1509
1471
1317
1421
1460
1476
1550
1314
1408
1377
1325
1401
1420
1278
1460
1360
1420
1380
1400
1382
1452
1472
1385
1398
1311
1366
1392
1348
1386
1447
1362
1369
1401
1321
1357
1453
1446
1341
1324
1360
1260
1371
1421
1392
1383
1371
1385
1381
1347
1408
1445
1422
1440
1376
1372
1429
1458
1440
1456
1327
1336
1383
1339
1274
1329
1368
1399
1411
1469
1311
1410
1330
1352
1368
1415
1436
1324
1437
1440
1402
1400
1405
1397
1304
1419
1371
1493
1353
1434
1463
1407
1477
1414
1410
1548
1428
1433
1340
1443
1427
1442
1269
1394
1393
1343
1370
1418
1371
1387
1394
1355
1334
1313
1408
1354
1416
1307
1392
1400
1379
1404
1418
1309
1480
1475
1481
1407
1371
1410
1382
1352
1468
1481
1411
1318
1358
1519
1413
1418
1387
1410
1419
1313
1288
1413
1429
1357
1345
1398
1388
1406
1484
1414
1386
1321
1395
1359
1314
1359
1404
1354
1478
1392
1402
1504
1280
1388
1469
1334
1401
1444
1361
1313
1408
1398
1422
1404
1485
1439
1395
1386
1452
1351
1393
1463
1292
1359
1474
1445
1305
1363
1404
1394
1397
1363
1390
1456
1303
1429
1433
1384
1398
1400
1350
1354
1319
1519
1339
1397
1507
1415
1410
1351
1447
1297
1336
1398
1389
1389
1356
1433
1418
1475
1394
1489
1461
1417
1406
1366
1428
1507
1387
1403
1296
1353
1354
1314
1500
1378
1382
1345
1405
1498
1358
1444
1323
1399
1329
1513
1343
1380
1412
1362
1373
1430
1428
1334
1462
1474
1400
1416
1433
1366
1358
1396
1331
1378
1435
1386
1423
1425
1319
1461
1404
1419
1332
1369
1392
1368
1332
1407
1417
1397
1334
1373
1368
1416
1372
1336
1412
1497
1395
1445
1498
1395
1397
1301
1483
1352
1373
1562
1415
1296
1394
1383
1417
1332
1352
1295
1435
1482
1369
1405
1351
1402
1347
1509
1345
1418
1451
1375
1425
1420
1403
1390
1309
1411
1411
1337
1410
1419
1417
1441
1329
1421
1384
1533
1334
1387
1335
1480
1370
1398
1333
1474
1378
1316
1347
1319
1320
1386
1370
1411
1374
1361
1375
1441
1506
1470
1374
1494
1402
1403
1533
1381
1450
1390
1400
1351
1365
1340
1376
1440
1488
1388
1402
1356
1351
1393
1450
1384
1353
1470
1490
1329
1375
1420
1347
1451
1414
1476
1425
1457
1420
1400
1498
1445
1434
1326
1295
1443
1325
1333
1391
1468
1472
1403
1434
1389
1346
1479
1394
1434
1385
1407
1461
1440
1386
1350
1365
1391
1327
1351
1436
1274
1316
1358
1270
1289
1531
1485
1406
1375
1401
1380
1408
1386
1345
1351
1377
1375
1433
1447
1454
1364
1420
1380
1415
1395
1417
1379
1405
1415
1348
1416
1396
1274
1338
1332
1248
1421
1340
1439
1356
1324
1395
1383
1450
1405
1364
1434
1392
1397
1444
1402
1435
1320
1385
1366
1407
1404
1432
1378
1453
1382
1346
1372
1450
1330
1370
1304
1413
1369
1389
1420
1399
1402
1467
1350
1259
1361
1420
1555
1351
1406
1435
1341
1481
1325
1392
1298
1467
1418
1360
1423
1397
1332
1368
1406
1483
1405
1407
1463
1301
1498
1323
1505
1394
1549
1499
1449
1382
1420
1419
1337
1346
1400
1382
1504
1413
1397
1359
1393
1416
1438
1491
1477
1473
1460
1495
1347
1402
1452
1423
1337
1367
1361
1306
1385
1392
1533
1513
1441
1451
1364
1423
1455
1493
1492
1400
1237
1381
1400
1517
1297
1382
1315
1350
1339
1314
1470
1342
1514
1416
1418
1443
1378
1471
1445
1489
1380
1452
1370
1451
1327
1392
1363
1298
1403
1366
1365
1389
1404
1396
1399
1461
1514
1401
1415
1428
1245
1373
1387
1302
1332
1300
1393
1367
1364
1411
1441
1353
1298
1418
1420
1498
1307
1472
1445
1427
1428
1423
1371
1425
1395
1417
1391
1440
1399
1374
1311
1428
1429
1412
1307
1385
1454
1352
1349
1411
1447
1391
1240
1270
1378
1452
1353
1389
1395
1384
1408
1418
1308
1431
1478
1434
1365
1280
1372
1325
1445
1436
1428
1493
1421
1387
1360
1429
1358
1304
1352
1416
1436
1439
1387
1345
1445
1443
1380
1427
1389
1445
1455
1350
1317
1358
1445
1546
1397
1399
1447
1414
1437
1441
1424
1410
1380
1396
1330
1400
1472
1357
1415
1373
1357
1389
1391
1304
1380
1381
1360
1405
1352
1439
1330
1544
1341
1439
1440
1435
1425
1428
1425
1478
1355
1390
1434
1400
1403
1415
1481
1363
1370
1435
1433
1527
1461
1432
1419
1437
1454
1397
1468
1420
1340
1480
1388
1379
1473
1321
1359
1377
1365
1381
1445
1482
1377
1387
1358
1439
1440
1397
1393
1399
1359
1424
1460
1342
1305
1371
1424
1425
1469
1496
1344
1357
1474
1481
1399
1375
1399
1430
1446
1374
1439
1397
1407
1336
1373
1405
1462
1440
1337
1446
1385
1355
1376
1402
1372
1474
1358
1372
1416
1375
1446
1420
1406
1395
1465
1362
1394
1443
1462
1434
1456
1422
1440
1418
1485
1411
1472
1374
1497
1489
1364
1308
1426
1357
1335
1443
1341
1380
1316
1336
1375
1412
1430
1411
1306
1352
1516
1415
1331
1421
1369
1352
1324
1347
1449
1437
1425
1330
1481
1407
1416
1514
1382
1394
1347
1399
1469
1408
1367
1393
1423
1375
1342
1440
1334
1368
1372
1471
1369
1440
1364
1508
1395
1286
1338
1324
1426
1334
1321
1363
1431
1324
1376
1426
1421
1363
1420
1496
1349
1423
1349
1407
1367
1342
1410
1428
1390
1409
1422
1341
1435
1365
1359
1429
1406
1400
1397
1426
1379
1364
1501
1427
1452
1350
1317
1372
1377
1466
1362
1360
1446
1329
1410
1381
1355
1409
1317
1462
1359
1390
1508
1425
1501
1360
1345
1494
1297
1387
1356
1432
1523
1470
1360
1398
1375
1294
1428
1415
1358
1445
1493
1375
1489
1436
1425
1450
1485
1351
1402
1374
1464
1557
1438
1464
1349
1550
1344
1379
1385
1362
1397
1392
1451
1394
1441
1364
1482
1465
1399
1330
1432
1529
1314
1419
1397
1455
1429
1438
1480
1407
1323
1380
1367
1447
1441
1395
1407
1452
1320
1353
1392
1516
1349
1468
1444
1393
1461
1452
1343
1403
1364
1403
1416
1400
1447
1334
1354
1437
1428
1460
1396
1419
1332
1464
1381
1395
1357
1389
1502
1398
1382
1389
1411
1337
1392
1327
1370
1432
1456
1371
1382
1355
1448
1378
1370
1387
1396
1427
1367
1468
1345
1399
1453
1477
1388
1336
1409
1471
1447
1304
1407
1390
1350
1336
1385
1306
1408
1389
1407
1393
1371
1307
1431
1370
1408
1473
1400
1406
1371
1487
1368
1443
1376
1329
1341
1348
1437
1397
1308
1439
1296
1371
1412
1411
1360
1415
1424
1350
1411
1319
1458
1427
1406
1387
1419
1504
1425
1409
1386
1496
1352
1410
1394
1449
1368
1335
1401
1457
1415
1412
1336
1322
1396
1304
1389
1279
1385
1409
1327
1411
1409
1436
1444
1442
1454
1285
1430
1456
1412
1425
1307
1389
1394
1343
1398
1424
1481
1433
1414
1406
1430
1467
1476
1381
1372
1474
1322
1332
1312
1441
1382
1357
1377
1506
1355
1439
1367
1479
1419
1453
1334
1409
1405
1430
1376
1353
1366
1340
1342
1487
1342
1424
1335
1501
1377
1544
1400
1432
1430
1458
1531
1480
1365
1318
1415
1353
1283
1351
1366
1378
1350
1355
1325
1407
1392
1389
1474
1435
1419
1435
1418
1516
1415
1393
1435
1425
1404
1434
1338
1416
1333
1281
1414
1489
1304
1365
1381
1441
1456
1391
1381
1305
1383
1338
1454
1431
1416
1374
1445
1385
1511
1426
1297
1388
1469
1437
1474
1416
1452
1360
1410
1410
1375
1336
1253
1428
1329
1318
1424
1345
1374
1412
1318
1414
1414
1388
1371
1440
1411
1415
1445
1339
1400
1396
1403
1465
1301
1315
1371
1465
1401
1351
1499
1353
1364
1499
1399
1388
1402
1387
1443
1400
1505
1336
1316
1295
1516
1410
1379
1454
1466
1454
1432
1391
1407
1454
1458
1354
1420
1457
1331
1374
1383
1481
1357
1363
1346
1303
1285
1398
1420
1449
1479
1381
1373
1451
1353
1471
1406
1333
1418
1461
1402
1399
1311
1401
1355
1283
1434
1358
1420
1456
1371
1510
1411
1444
1437
1415
1417
1379
1432
1453
1291
1463
1404
1302
1365
1314
1362
1363
1424
1448
1463
1367
1463
1440
1439
1348
1431
1470
1474
1345
1429
1395
1386
1378
1398
1392
1446
1436
1466
1343
1445
1366
1388
1415
1318
1464
1432
1364
1332
1467
1359
1407
1398
1246
1310
1368
1395
1352
1300
1443
1392
1430
1373
1418
1358
1395
1363
1421
1404
1444
1444
1289
1329
1332
1340
1354
1474
1387
1428
1443
1376
1291
1436
1389
1357
1493
1357
1445
1443
1468
1384
1379
1378
1369
1331
1340
1236
1344
1461
1460
1320
1537
1398
1385
1306
1376
1385
1489
1335
1459
1368
1354
1417
1326
1376
1378
1207
1243
1444
1356
1406
1462
1459
1331
1412
1480
1350
1440
1504
1436
1433
1405
1408
1375
1432
1381
1299
1460
1260
1387
1393
1362
1409
1442
1418
1543
1532
1445
1312
1436
1316
1406
1368
1377
1429
1354
1484
1335
1469
1383
1353
1298
1428
1321
1348
1426
1384
1415
1433
1506
1460
1357
1423
1487
1332
1481
1341
1465
1394
1445
1364
1395
1467
1440
1414
1511
1398
1447
1324
1484
1446
1452
1434
1383
1405
1368
1357
1434
1441
1381
1437
1476
1453
1414
1400
1452
1356
1301
1359
1368
1376
1440
1395
1358
1390
1431
1449
1310
1323
1472
1364
1501
1352
1394
1364
1473
1374
1321
1368
1387
1317
1320
1422
1324
1346
1420
1253
1506
1401
1469
1325
1477
1448
1477
1425
1514
1343
1357
1379
1397
1444
1335
1391
1432
1412
1424
1405
1454
1437
1483
1355
1430
1431
1384
1372
1266
1338
1406
1420
1449
1360
1429
1460
1395
1394
1399
1423
1418
1436
1434
1359
1390
1398
1398
1466
1372
1478
1468
1486
1482
1408
1504
1393
1483
1445
1364
1456
1524
1434
1479
1504
1324
1362
1482
1322
1493
1365
1353
1408
1494
1423
1363
1441
1325
1388
1384
1445
1360
1493
1453
1431
1401
1416
1434
1409
1338
1358
1418
1412
1339
1406
1408
1370
1289
1397
1398
1379
1298
1381
1391
1419
1433
1364
1445
1457
1460
1399
1353
1462
1456
1336
1377
1387
1357
1332
1453
1426
1496
1340
1445
1462
1431
1399
1357
1382
1415
1459
1323
1364
1370
1442
1409
1364
1382
1391
1366
1327
1383
1323
1403
1462
1519
1448
1480
1497
1470
1480
1452
1404
1385
1492
1422
1384
1328
1405
1467
1419
1433
1488
1421
1438
1419
1444
1450
1373
1425
1405
1388
1390
1282
1458
1373
1350
1420
1452
1380
1330
1346
1427
1377
1413
1373
1336
1285
1389
1405
1375
1330
1273
1439
1427
1378
1392
1484
1427
1427
1460
1467
1449
1390
1523
1461
1406
1382
1364
1442
1411
1433
1390
1449
1476
1405
1413
1475
1416
1394
1474
1415
1409
1471
1519
1401
1426
1443
1364
1437
1407
1341
1345
1434
1449
1483
1429
1452
1357
1474
1338
1482
1399
1518
1372
1456
1410
1434
1381
1369
1339
1336
1432
1434
1423
1355
1361
1424
1472
1334
1393
1414
1418
1400
1400
1437
1339
1359
1397
1476
1456
1402
1484
1299
1408
1408
1358
1477
1397
1397
1380
1391
1313
1334
1336
1510
1315
1349
1295
1286
1374
1470
1430
1446
1373
1411
1367
1346
1498
1414
1416
1363
1383
1388
1407
1322
1416
1443
1321
1338
1436
1454
1310
1380
1438
1305
1380
1394
1372
1321
1319
1421
1270
1451
1466
1395
1330
1367
1331
1415
1323
1380
1356
1418
1490
1368
1375
1384
1464
1419
1508
1566
1406
1394
1474
1469
1456
1364
1420
1374
1416
1349
1406
1472
1418
1459
1411
1472
1450
1473
1428
1347
1461
1473
1428
1409
1439
1405
1433
1380
1479
1472
1363
1421
1476
1411
1480
1276
1349
1386
1420
1335
1523
1443
1416
1477
1404
1357
1410
1405
1287
1445
1302
1323
1378
1391
1446
1421
1300
1401
1445
1358
1358
1482
1491
1373
1395
1589
1456
1412
1386
1410
1348
1307
1333
1412
1353
1437
1353
1374
1353
1395
1370
1382
1342
1416
1449
1401
1370
1389
1424
1273
1409
1325
1419
1457
1506
1369
1325
1323
1349
1342
1402
1427
1422
1326
1469
1402
1392
1383
1466
1431
1387
1416
1435
1453
1443
1433
1398
1356
1322
1380
1316
1352
1416
1388
1346
1469
1437
1404
1412
1393
1248
1458
1366
1354
1396
1487
1338
1367
1510
1365
1379
1338
1405
1422
1419
1379
1406
1330
1429
1429
1334
1451
1379
1380
1491
1485
1403
1372
1412
1403
1411
1297
1492
1408
1340
1374
1405
1378
1400
1426
1412
1498
1376
1404
1367
1428
1437
1374
1375
1412
1394
1389
1290
1447
1389
1323
1420
1436
1408
1510
1362
1414
1326
1451
1388
1335
1424
1317
1399
1400
1416
1482
1447
1327
1459
1417
1493
1444
1344
1525
1354
1412
1389
1390
1430
1381
1408
1418
1403
1428
1441
1350
1428
1406
1504
1427
1467
1367
1333
1333
1413
1351
1448
1400
1463
1306
1384
1327
1420
1410
1389
1326
1461
1400
1425
1356
1337
1366
1370
1412
1572
1314
1291
1350
1398
1405
1470
1265
1372
1378
1424
1465
1452
1402
1371
1467
1376
1410
1477
1395
1421
1463
1418
1352
1297
1431
1370
1386
1426
1469
1406
1375
1484
1355
1392
1389
1424
1408
1464
1422
1412
1400
1369
1449
1422
1393
1304
1368
1373
1390
1344
1397
1368
1406
1489
1376
1383
1387
1387
1370
1360
1401
1378
1323
1502
1381
1346
1480
1448
1429
1437
1494
1391
1358
1408
1382
1378
1412
1385
1453
1398
1370
1483
1374
1430
1345
1455
1385
1373
1391
1363
1435
1396
1259
1377
1442
1351
1354
1464
1411
1415
1315
1412
1280
1416
1365
1345
1432
1390
1456
1482
1447
1364
1418
1406
1412
1385
1478
1399
1353
1459
1330
1262
1406
1393
1422
1364
1378
1374
1417
1377
1383
1383
1400
1454
1429
1381
1472
1382
1353
1415
1394
1392
1394
1354
1299
1366
1455
1390
1420
1444
1449
1391
1484
1415
1340
1398
1442
1344
1432
1479
1455
1359
1387
1387
1355
1491
1447
1383
1482
1344
1417
1448
1421
1544
1391
1505
1464
1483
1342
1495
1381
1458
1504
1358
1392
1441
1453
1449
1385
1544
1380
1409
1375
1401
1433
1407
1402
1399
1252
1369
1394
1365
1537
1426
1369
1483
1391
1428
1413
1390
1445
1357
1301
1394
1266
1386
1455
1376
1481
1299
1412
1408
1410
1451
1516
1383
1414
1486
1455
1446
1419
1371
1267
1460
1332
1357
1284
1406
1355
1380
1352
1445
1397
1440
1389
1341
1439
1451
1476
1373
1409
1379
1361
1356
1228
1430
1423
1459
1404
1378
1347
1277
1467
1326
1504
1424
1357
1455
1443
1313
1379
1436
1313
1334
1452
1374
1372
1303
1535
1363
1431
1439
1404
1528
1410
1471
1470
1371
1367
1356
1387
1361
1353
1257
1334
1332
1359
1382
1381
1465
1389
1316
1380
1531
1388
1441
1512
1393
1369
1447
1394
1466
1348
1385
1390
1485
1453
1389
1366
1310
1314
1413
1418
1378
1328
1203
1310
1428
1422
1372
1415
1424
1398
1381
1319
1303
1404
1474
1331
1380
1465
1347
1347
1523
1373
1418
1518
1427
1452
1464
1424
1421
1318
1287
1367
1372
1411
1451
1336
1413
1430
1486
1419
1425
1440
1441
1330
1295
1393
1371
1355
1323
1462
1414
1381
1311
1311
1319
1383
1293
1383
1304
1405
1422
1333
1382
1424
1400
1377
1468
1318
1437
1365
1354
1438
1232
1419
1402
1452
1393
1411
1429
1429
1475
1312
1306
1341
1397
1333
1454
1431
1439
1439
1501
1441
1355
1436
1420
1348
1406
1400
1435
1273
1434
1337
1357
1404
1462
1432
1417
1381
1409
1498
1443
1470
1427
1419
1346
1440
1389
1423
1432
1373
1413
1405
1432
1358
1328
1449
1349
1367
1398
1332
1363
1484
1289
1329
1441
1497
1452
1454
1416
1431
1378
1481
1406
1395
1436
1428
1368
1287
1256
1343
1332
1372
1411
1380
1373
1428
1418
1545
1456
1402
1422
1432
1387
1377
1449
1346
1316
1414
1297
1404
1438
1429
1439
1393
1460
1402
1510
1487
1438
1429
1424
1481
1350
1420
1376
1320
1368
1324
1376
1439
1398
1410
1404
1398
1420
1452
1397
1554
1483
1378
1410
1425
1414
1322
1373
1397
1318
1464
1307
1422
1462
1370
1506
1473
1395
1512
1450
1402
1361
1453
1464
1472
1291
1434
1435
1426
1395
1420
1344
1324
1350
1433
1485
1399
1311
1494
1407
1479
1438
1366
1392
1310
1451
1430
1420
1418
1437
1356
1350
1507
1416
1383
1337
1424
1389
1337
1412
1451
1372
1370
1332
1360
1396
1345
1299
1389
1403
1441
1506
1403
1409
1429
1365
1436
1425
1428
1447
1408
1399
1390
1438
1389
1439
1251
1408
1509
1437
1406
1394
1393
1371
1494
1383
1359
1430
1419
1367
1514
1381
1435
1339
1391
1535
1366
1471
1518
1385
1387
1487
1323
1443
1360
1353
1336
1380
1406
1395
1360
1383
1384
1311
1342
1238
1335
1471
1370
1388
1389
1385
1436
1428
1428
1432
1456
1455
1468
1311
1449
1429
1371
1415
1402
1359
1389
1323
1366
1364
1420
1360
1367
1386
1295
1378
1420
1427
1432
1406
1458
1411
1414
1449
1386
1462
1440
1389
1398
1357
1349
1396
1327
1407
1420
1426
1284
1402
1459
1465
1460
1468
1443
1382
1435
1421
1428
1374
1383
1389
1388
1381
1467
1452
1384
1463
1459
1484
1441
1413
1382
1458
1388
1469
1451
1352
1387
1307
1436
1389
1417
1392
1439
1367
1356
1400
1343
1346
1418
1412
1434
1388
1361
1410
1464
1382
1448
1323
1291
1331
1376
1373
1304
1431
1381
1329
1392
1356
1322
1405
1400
1377
1382
1354
1423
1420
1375
1353
1482
1392
1379
1380
1350
1404
1376
1451
1393
1427
1384
1464
1442
1418
1489
1440
1458
1417
1413
1452
1411
1279
1364
1338
1418
1410
1403
1536
1430
1447
1479
1409
1406
1461
1394
1453
1426
1513
1390
1429
1367
1239
1354
1412
1439
1411
1493
1395
1397
1401
1463
1512
1406
1465
1385
1455
1488
1355
1281
1383
1334
1374
1358
1398
1451
1390
1384
1471
1373
1468
1379
1514
1330
1362
1371
1400
1364
1261
1434
1387
1307
1293
1373
1443
1443
1277
1495
1360
1438
1300
1388
1438
1400
1448
1428
1337
1343
1373
1382
1346
1397
1359
1420
1332
1286
1360
1486
1370
1343
1425
1329
1431
1405
1437
1487
1456
1389
1394
1385
1388
1348
1345
1345
1312
1333
1476
1315
1471
1272
1481
1459
1390
1415
1426
1489
1366
1415
1411
1349
1402
1363
1444
1402
1406
1416
1462
1460
1601
1417
1412
1322
1422
1401
1372
1381
1366
1408
1331
1532
1413
1303
1301
1381
1450
1457
1382
1382
1455
1350
1309
1412
1353
1420
1389
1379
1306
1448
1277
1381
1382
1369
1453
