1361
1476
1356
1361
1344
1342
1380
1334
1293
1358
1436
1384
1366
1397
1402
1396
1430
1483
1448
1313
1459
1379
1427
1370
1332
1360
1474
1340
1344
1322
1425
1456
1380
1367
1422
1373
1449
1412
1450
1401
1364
1522
1434
1376
1316
1368
1284
1386
1343
1451
1444
1367
1382
1432
1365
1427
1451
1348
1513
1452
1306
1323
1337
1373
1340
1351
1450
1409
1380
1396
1366
1375
1446
1363
1474
1436
1450
1451
1462
1351
1442
1328
1378
1418
1364
1404
1434
1382
1335
1338
1391
1391
1408
1358
1460
1487
1396
1393
1455
1460
1399
1482
1312
1270
1408
1355
1394
1382
1319
1375
1389
1376
1418
1522
1367
1387
1448
1420
1395
1402
1503
1410
1378
1376
1370
1419
1375
1363
1402
1406
1375
1423
1418
1404
1378
1369
1527
1462
1442
1352
1389
1317
1324
1337
1396
1361
1433
1412
1322
1345
1481
1399
1441
1446
1368
1398
1404
1372
1469
1492
1432
1326
1339
1384
1426
1353
1470
1326
1486
1458
1442
1487
1386
1427
1457
1335
1397
1333
1384
1317
1441
1370
1382
1352
1355
1381
1419
1417
1384
1405
1473
1392
1413
1386
1471
1417
1386
1328
1440
1331
1382
1357
1355
1426
1354
1391
1395
1460
1462
1386
1450
1379
1413
1277
1314
1389
1461
1380
1297
1413
1386
1364
1349
1399
1420
1449
1443
1398
1418
1425
1367
1437
1417
1319
1399
1395
1430
1340
1425
1455
1423
1383
1393
1320
1342
1407
1491
1389
1275
1299
1352
1414
1351
1410
1439
1446
1364
1495
1398
1431
1402
1349
1414
1370
1428
1398
1389
1423
1378
1271
1506
1380
1390
1383
1446
1315
1429
1413
1370
1454
1456
1508
1422
1382
1373
1396
1267
1455
1401
1414
1348
1405
1398
1407
1355
1397
1427
1340
1384
1329
1453
1360
1496
1331
1305
1415
1434
1359
1470
1406
1474
1476
1393
1372
1392
1499
1393
1438
1422
1415
1454
1402
1379
1378
1470
1416
1376
1434
1328
1410
1417
1358
1433
1349
1329
1373
1387
1422
1408
1399
1365
1533
1461
1329
1313
1462
1324
1484
1344
1479
1316
1438
1359
1419
1463
1429
1306
1405
1359
1295
1446
1328
1368
1316
1422
1379
1371
1341
1434
1517
1346
1394
1396
1473
1281
1420
1444
1391
1334
1424
1317
1375
1361
1428
1421
1390
1361
1519
1389
1373
1413
1326
1425
1368
1393
1387
1386
1379
1345
1401
1398
1395
1383
1386
1393
1375
1426
1430
1480
1455
1386
1418
1350
1444
1366
1426
1382
1507
1383
1433
1404
1391
1346
1401
1425
1446
1343
1422
1345
1355
1426
1424
1408
1355
1356
1294
1348
1396
1450
1470
1481
1345
1457
1332
1329
1383
1393
1417
1392
1463
1330
1363
1389
1365
1357
1355
1413
1429
1408
1496
1382
1312
1420
1318
1413
1407
1318
1438
1458
1361
1391
1401
1419
1372
1501
1392
1434
1339
1397
1359
1436
1351
1333
1427
1391
1413
1431
1368
1442
1342
1351
1419
1440
1471
1382
1371
1416
1342
1379
1420
1250
1325
1370
1378
1305
1418
1323
1300
1415
1386
1362
1391
1384
1377
1494
1364
1467
1387
1434
1323
1308
1415
1477
1261
1423
1319
1428
1448
1334
1474
1417
1448
1414
1395
1356
1370
1389
1436
1459
1374
1332
1337
1300
1412
1329
1462
1387
1441
1462
1400
1328
1548
1361
1439
1410
1420
1410
1366
1325
1441
1411
1354
1404
1386
1345
1377
1317
1336
1408
1375
1416
1406
1375
1406
1334
1417
1421
1426
1415
1403
1237
1288
1297
1412
1366
1353
1253
1329
1378
1315
1395
1402
1428
1424
1409
1451
1432
1419
1328
1351
1392
1361
1465
1359
1326
1463
1489
1409
1428
1440
1407
1458
1414
1418
1419
1356
1436
1333
1381
1403
1336
1349
1377
1428
1365
1378
1392
1285
1475
1502
1530
1423
1396
1440
1356
1404
1402
1361
1313
1342
1494
1377
1336
1358
1417
1314
1532
1370
1354
1415
1432
1326
1457
1414
1419
1306
1339
1462
1405
1460
1361
1377
1383
1378
1397
1450
1395
1359
1406
1455
1390
1485
1368
1418
1339
1404
1400
1389
1452
1455
1401
1440
1452
1390
1384
1369
1428
1449
1480
1298
1403
1377
1441
1338
1491
1356
1404
1444
1325
1305
1290
1386
1414
1415
1370
1362
1424
1430
1363
1407
1416
1426
1429
1337
1447
1447
1411
1467
1466
1390
1392
1429
1369
1475
1333
1487
1354
1295
1388
1455
1433
1426
1392
1352
1351
1367
1370
1487
1307
1400
1391
1302
1424
1354
1461
1355
1403
1383
1338
1380
1387
1412
1464
1438
1365
1493
1412
1548
1384
1323
1400
1358
1364
1384
1316
1354
1439
1347
1418
1410
1372
1362
1389
1346
1481
1432
1450
1375
1481
1423
1489
1350
1350
1265
1393
1366
1407
1380
1363
1239
1399
1465
1434
1353
1318
1523
1439
1328
1351
1428
1419
1395
1429
1391
1383
1415
1354
1312
1276
1359
1365
1480
1363
1501
1399
1435
1384
1418
1410
1450
1390
1398
1418
1434
1398
1375
1402
1392
1438
1430
1357
1376
1374
1349
1400
1309
1495
1413
1382
1364
1413
1420
1438
1421
1382
1310
1303
1330
1373
1362
1416
1465
1398
1410
1265
1392
1360
1362
1417
1322
1372
1394
1428
1387
1464
1302
1392
1384
1365
1367
1332
1389
1346
1293
1412
1409
1392
1433
1338
1404
1339
1324
1444
1377
1432
1417
1461
1383
1416
1282
1346
1422
1278
1456
1386
1438
1433
1378
1409
1440
1353
1435
1374
1448
1438
1367
1401
1405
1307
1292
1320
1462
1405
1537
1318
1247
1436
1474
1418
1387
1352
1334
1492
1405
1387
1389
1357
1326
1429
1374
1413
1293
1348
1396
1355
1448
1390
1403
1380
1289
1416
1366
1373
1471
1386
1395
1490
1463
1468
1377
1469
1258
1360
1321
1365
1407
1335
1441
1488
1431
1304
1497
1312
1441
1525
1440
1382
1377
1418
1422
1361
1322
1406
1349
1402
1402
1366
1391
1430
1358
1360
1424
1354
1422
1441
1445
1385
1361
1280
1390
1363
1508
1313
1439
1407
1378
1337
1463
1381
1259
1304
1387
1354
1402
1332
1346
1341
1307
1371
1308
1328
1363
1419
1427
1399
1427
1375
1367
1444
1307
1385
1485
1322
1381
1425
1378
1490
1422
1387
1297
1512
1402
1465
1360
1446
1370
1448
1380
1389
1452
1367
1446
1376
1480
1468
1380
1337
1440
1500
1359
1407
1403
1350
1340
1406
1417
1370
1446
1441
1352
1450
1418
1311
1412
1402
1459
1322
1393
1371
1342
1422
1344
1426
1486
1466
1425
1407
1372
1419
1368
1341
1414
1370
1395
1408
1341
1483
1421
1373
1340
1373
1392
1301
1405
1364
1458
1384
1421
1365
1442
1373
1387
1404
1398
1347
1324
1375
1347
1383
1368
1333
1438
1351
1432
1384
1431
1373
1374
1381
1373
1413
1409
1305
1437
1404
1470
1381
1292
1358
1257
1370
1384
1295
1427
1412
1351
1420
1357
1407
1344
1428
1402
1421
1360
1477
1318
1347
1321
1377
1275
1385
1337
1407
1385
1468
1296
1442
1356
1174
1372
1429
1290
1278
1438
1409
1408
1348
1434
1379
1386
1309
1390
1425
1416
1383
1374
1397
1425
1373
1377
1343
1367
1378
1427
1342
1317
1375
1355
1443
1429
1414
1507
1411
1417
1419
1363
1326
1296
1437
1469
1377
1382
1324
1401
1428
1388
1420
1344
1325
1408
1481
1442
1416
1521
1415
1389
1316
1387
1363
1420
1302
1459
1334
1353
1391
1369
1361
1398
1422
1509
1440
1437
1429
1394
1460
1341
1311
1357
1358
1415
1379
1292
1509
1383
1434
1387
1337
1412
1533
1435
1409
1371
1342
1409
1463
1393
1427
1377
1360
1350
1364
1484
1370
1442
1380
1354
1356
1428
1354
1526
1379
1481
1360
1470
1386
1463
1343
1367
1363
1382
1386
1370
1314
1426
1414
1438
1413
1463
1457
1442
1432
1412
1363
1346
1444
1394
1390
1346
1333
1395
1388
1414
1330
1354
1380
1507
1410
1320
1369
1453
1394
1340
1300
1420
1327
1411
1406
1341
1311
1284
1395
1413
1294
1436
1400
1482
1429
1352
1461
1338
1329
1356
1348
1335
1297
1332
1271
1281
1375
1280
1389
1407
1396
1380
1429
1456
1459
1552
1469
1448
1361
1486
1396
1292
1447
1347
1427
1315
1331
1393
1315
1414
1410
1381
1392
1372
1428
1479
1365
1389
1380
1311
1393
1318
1318
1264
1333
1365
1464
1315
1293
1405
1301
1384
1365
1367
1320
1420
1328
1372
1388
1479
1341
1374
1402
1356
1370
1268
1283
1381
1318
1416
1369
1368
1469
1352
1408
1308
1461
1490
1377
1391
1372
1392
1366
1429
1360
1367
1354
1431
1336
1302
1400
1420
1402
1448
1444
1353
1477
1430
1419
1438
1457
1351
1316
1275
1331
1392
1322
1365
1469
1365
1314
1378
1374
1395
1291
1407
1385
1345
1438
1319
1437
1431
1420
1401
1398
1293
1424
1332
1406
1432
1460
1405
1383
1473
1334
1435
1405
1331
1313
1389
1396
1234
1356
1430
1425
1435
1462
1482
1424
1342
1234
1342
1429
1352
1392
1330
1306
1391
1387
1413
1371
1359
1481
1420
1404
1442
1466
1353
1373
1341
1318
1334
1479
1434
1430
1382
1518
1287
1375
1461
1424
1361
1309
1331
1453
1426
1403
1469
1355
1393
1437
1394
1450
1439
1324
1448
1431
1360
1499
1399
1505
1333
1364
1354
1442
1370
1439
1388
1457
1387
1410
1454
1389
1380
1475
1370
1404
1417
1397
1432
1355
1319
1406
1322
1358
1382
1380
1478
1364
1454
1273
1400
1426
1448
1465
1311
1367
1438
1370
1408
1416
1348
1423
1406
1527
1391
1434
1451
1382
1472
1381
1388
1373
1387
1297
1435
1412
1398
1364
1420
1345
1434
1390
1506
1437
1345
1432
1473
1421
1467
1352
1371
1367
1406
1318
1438
1299
1384
1396
1335
1412
1435
1395
1391
1399
1475
1449
1351
1471
1416
1362
1372
1365
1395
1409
1412
1386
1360
1401
1449
1353
1393
1486
1446
1430
1473
1423
1537
1380
1325
1346
1444
1379
1394
1395
1348
1375
1419
1421
1446
1429
1341
1411
1371
1480
1323
1404
1463
1385
1429
1269
1414
1281
1367
1429
1403
1455
1375
1354
1434
1426
1473
1447
1299
1388
1344
1440
1485
1412
1428
1415
1458
1427
1480
1339
1464
1444
1434
1407
1507
1439
1396
1370
1341
1437
1508
1438
1436
1327
1434
1367
1428
1443
1350
1353
1444
1427
1301
1356
1384
1417
1373
1386
1416
1483
1355
1323
1337
1416
1293
1447
1327
1337
1361
1415
1352
1394
1396
1415
1537
1428
1301
1267
1318
1457
1358
1327
1313
1308
1376
1355
1478
1405
1467
1417
1370
1443
1392
1432
1397
1348
1337
1341
1285
1366
1367
1492
1400
1309
1389
1387
1398
1415
1397
1416
1467
1370
1467
1347
1419
1441
1388
1324
1357
1346
1306
1318
1436
1421
1394
1432
1433
1379
1339
1466
1411
1386
1410
1449
1352
1496
1436
1387
1348
1277
1463
1348
1351
1393
1365
1375
1349
1486
1423
1413
1473
1435
1440
1300
1364
1398
1380
1415
1391
1378
1315
1415
1378
1389
1380
1440
1366
1322
1450
1435
1432
1448
1390
1271
1475
1341
1348
1399
1348
1373
1345
1380
1353
1509
1455
1392
1467
1516
1483
1450
1386
1497
1261
1348
1374
1429
1364
1305
1273
1402
1484
1449
1309
1420
1477
1430
1444
1440
1423
1380
1473
1479
1364
1495
1402
1405
1377
1377
1335
1415
1459
1339
1422
1473
1286
1409
1323
1430
1384
1412
1416
1434
1452
1361
1442
1466
1445
1511
1456
1386
1473
1418
1269
1459
1387
1485
1312
1405
1410
1409
1429
1417
1406
1506
1301
1466
1285
1363
1365
1483
1396
1454
1384
1477
1368
1429
1425
1397
1302
1408
1441
1446
1323
1446
1350
1418
1372
1410
1407
1390
1403
1394
1432
1357
1426
1389
1354
1443
1415
1373
1378
1381
1386
1276
1387
1434
1389
1408
1431
1343
1307
1386
1426
1491
1404
1380
1415
1424
1346
1322
1353
1412
1515
1458
1345
1372
1334
1370
1372
1345
1421
1340
1349
1491
1344
1459
1402
1402
1459
1444
1483
1488
1501
1404
1455
1438
1342
1417
1382
1441
1390
1442
1466
1319
1410
1379
1356
1144
1391
1493
1371
1405
1361
1477
1507
1447
1346
1395
1347
1456
1421
1387
1396
1454
1362
1380
1406
1484
1388
1382
1342
1373
1343
1490
1490
1369
1401
1478
1408
1416
1458
1431
1428
1377
1427
1309
1397
1431
1471
1223
1368
1391
1361
1373
1447
1413
1378
1390
1360
1454
1397
1429
1367
1374
1420
1404
1427
1389
1400
1409
1466
1449
1360
1378
1339
1418
1393
1454
1402
1498
1551
1405
1387
1468
1337
1337
1380
1398
1365
1477
1555
1385
1384
1495
1424
1515
1488
1382
1442
1422
1427
1379
1349
1384
1370
1355
1334
1468
1436
1402
1307
1380
1396
1405
1330
1448
1407
1446
1397
1466
1347
1397
1366
1421
1387
1388
1430
1407
1420
1413
1364
1356
1493
1474
1505
1460
1480
1390
1463
1336
1386
1436
1383
1298
1348
1488
1452
1420
1373
1476
1458
1477
1350
1418
1460
1438
1388
1364
1432
1477
1426
1438
1419
1390
1396
1456
1346
1438
1382
1371
1341
1419
1406
1416
1469
1525
1488
1418
1461
1419
1364
1429
1321
1404
1410
1418
1384
1355
1402
1331
1431
1411
1410
1423
1554
1464
1475
1442
1532
1341
1450
1365
1358
1399
1438
1313
1249
1346
1410
1374
1447
1372
1425
1487
1389
1394
1411
1473
1538
1370
1497
1401
1439
1342
1466
1441
1411
1414
1377
1397
1434
1280
1440
1485
1495
1435
1430
1395
1423
1487
1348
1397
1428
1371
1314
1338
1341
1430
1432
1408
1426
1472
1419
1436
1380
1439
1389
1380
1396
1394
1290
1354
1383
1342
1362
1358
1325
1422
1420
1368
1358
1425
1325
1415
1452
1466
1391
1312
1364
1414
1470
1405
1432
1473
1440
1294
1390
1467
1424
1271
1350
1383
1430
1399
1412
1415
1496
1362
1466
1312
1440
1333
1401
1422
1301
1428
1376
1447
1379
1397
1356
1426
1342
1288
1378
1453
1338
1450
1492
1403
1413
1330
1406
1446
1454
1418
1462
1412
1483
1447
1400
1431
1369
1353
1429
1252
1433
1393
1504
1372
1351
1516
1381
1432
1408
1451
1516
1423
1344
1449
1410
1418
1401
1429
1469
1467
1413
1465
1399
1397
1461
1457
1335
1409
1409
1413
1356
1424
1412
1442
1470
1458
1411
1449
1436
1476
1373
1420
1356
1389
1463
1376
1429
1432
1377
1347
1374
1378
1451
1418
1391
1470
1545
1377
1478
1449
1466
1393
1400
1320
1378
1522
1327
1454
1435
1426
1440
1391
1506
1399
1360
1377
1389
1367
1527
1461
1470
1402
1414
1430
1384
1455
1446
1379
1438
1367
1286
1271
1279
1414
1472
1411
1418
1491
1402
1494
1427
1423
1473
1449
1496
1461
1327
1410
1391
1324
1467
1330
1396
1419
1405
1450
1519
1410
1440
1418
1310
1296
1331
1418
1391
1409
1438
1386
1322
1557
1498
1446
1439
1387
1417
1449
1399
1434
1451
1407
1470
1521
1405
1467
1444
1490
1430
1332
1417
1515
1462
1416
1437
1451
1390
1410
1519
1418
1490
1451
1468
1348
1381
1487
1289
1357
1390
1455
1397
1365
1422
1406
1486
1331
1402
1396
1506
1452
1444
1463
1506
1302
1386
1406
1456
1362
1422
1431
1352
1429
1360
1435
1356
1475
1493
1388
1559
1437
1419
1430
1456
1317
1446
1408
1381
1383
1449
1297
1383
1388
1466
1352
1298
1300
1422
1353
1465
1356
1398
1380
1441
1430
1295
1350
1387
1339
1350
1396
1435
1432
1296
1378
1392
1349
1446
1432
1419
1402
1408
1316
1392
1450
1427
1365
1417
1455
1455
1437
1407
1361
1408
1303
1393
1277
1541
1417
1418
1417
1473
1461
1415
1466
1380
1430
1418
1350
1477
1445
1356
1420
1410
1370
1325
1318
1388
1407
1530
1435
1364
1391
1387
1445
1367
1438
1466
1487
1333
1297
1390
1326
1440
1311
1430
1427
1458
1324
1325
1368
1350
1478
1450
1378
1417
1381
1485
1364
1397
1470
1341
1367
1310
1369
1328
1440
1397
1435
1437
1335
1454
1418
1467
1481
1443
1477
1320
1417
1401
1431
1455
1365
1349
1450
1432
1483
1342
1383
1350
1505
1350
1365
1378
1468
1440
1432
1546
1419
1290
1465
1359
1403
1313
1400
1379
1411
1335
1369
1443
1442
1400
1401
1363
1360
1410
1373
1398
1478
1413
1542
1440
1432
1403
1364
1380
1400
1441
1388
1445
1427
1383
1416
1349
1441
1336
1356
1288
1402
1327
1289
1437
1255
1382
1380
1467
1345
1448
1432
1441
1272
1390
1390
1465
1358
1324
1337
1340
1338
1341
1383
1358
1474
1419
1393
1357
1410
1338
1399
1367
1452
1461
1393
1430
1384
1370
1475
1385
1424
1462
1333
1445
1419
1320
1395
1440
1400
1453
1353
1363
1425
1326
1385
1389
1439
1331
1341
1369
1407
1356
1411
1421
1353
1428
1394
1402
1384
1453
1465
1388
1430
1381
1432
1355
1437
1374
1460
1441
1403
1447
1440
1351
1369
1393
1288
1373
1427
1340
1362
1410
1495
1440
1424
1391
1428
1475
1507
1392
1483
1386
1450
1290
1394
1418
1317
1378
1223
1366
1365
1399
1257
1282
1343
1447
1451
1409
1430
1390
1476
1377
1288
1435
1399
1376
1446
1382
1429
1473
1463
1282
1282
1365
1373
1435
1243
1441
1356
1407
1441
1408
1366
1387
1437
1371
1360
1401
1405
1352
1403
1417
1392
1387
1409
1471
1444
1428
1403
1539
1341
1382
1394
1465
1410
1394
1500
1368
1324
1425
1401
1370
1408
1466
1239
1353
1392
1427
1440
1356
1456
1493
1371
1459
1419
1388
1523
1409
1281
1410
1271
1382
1393
1390
1427
1445
1390
1401
1394
1561
1506
1434
1486
1380
1289
1382
1512
1338
1453
1419
1394
1381
1337
1351
1467
1419
1325
1380
1494
1505
1416
1381
1430
1383
1397
1523
1321
1478
1492
1449
1400
1362
1390
1409
1362
1344
1472
1495
1391
1405
1347
1459
1414
1472
1419
1369
1425
1351
1381
1413
1316
1413
1387
1324
1422
1482
1418
1409
1410
1403
1425
1461
1355
1420
1377
1241
1374
1436
1389
1367
1268
1310
1394
1404
1382
1387
1306
1460
1391
1410
1436
1377
1380
1369
1430
1398
1424
1379
1381
1460
1390
1390
1369
1371
1448
1470
1348
1415
1398
1438
1291
1352
1502
1542
1386
1419
1506
1393
1431
1438
1508
1303
1388
1317
1344
1358
1498
1411
1410
1352
1403
1451
1413
1533
1365
1515
1324
1370
1370
1370
1350
1492
1360
1371
1415
1438
1380
1429
1495
1460
1345
1352
1464
1407
1337
1272
1427
1456
1307
1419
1390
1415
1365
1435
1218
1392
1410
1440
1372
1362
1334
1408
1471
1422
1412
1375
1381
1385
1457
1415
1437
1368
1347
1418
1417
1393
1334
1348
1342
1353
1472
1358
1459
1434
1368
1524
1444
1445
1381
1297
1306
1309
1452
1317
1492
1439
1378
1361
1365
1424
1323
1374
1399
1399
1387
1458
1278
1448
1455
1336
1407
1544
1355
1524
1447
1463
1394
1420
1463
1290
1306
1371
1379
1390
1440
1427
1476
1473
1352
1323
1362
1450
1374
1310
1391
1356
1297
1370
1400
1406
1251
1375
1454
1461
1373
1449
1485
1346
1446
1427
1461
1406
1307
1494
1443
1404
1376
1382
1360
1389
1346
1401
1381
1448
1429
1429
1426
1375
1404
1417
1395
1409
1415
1392
1391
1400
1399
1423
1353
1357
1390
1379
1387
1480
1508
1410
1339
1303
1428
1428
1440
1331
1428
1456
1385
1392
1431
1448
1453
1364
1340
1405
1369
1377
1429
1347
1373
1336
1372
1388
1397
1364
1488
1423
1368
1443
1400
1406
1384
1297
1406
1378
1417
1383
1456
1506
1411
1442
1358
1347
1396
1417
1425
1386
1411
1439
1267
1345
1431
1395
1421
1402
1410
1420
1451
1413
1431
1405
1343
1523
1437
1408
1335
1400
1408
1355
1337
1425
1452
1348
1484
1331
1365
1328
1368
1398
1468
1386
1348
1471
1441
1332
1341
1498
1451
1408
1393
1480
1415
1362
1365
1435
1310
1378
1352
1424
1428
1486
1352
1386
1333
1369
1369
1264
1447
1353
1390
1377
1414
1429
1357
1462
1457
1327
1409
1391
1429
1426
1418
1411
1403
1406
1391
1377
1500
1403
1410
1463
1333
1434
1424
1413
1504
1383
1306
1368
1423
1369
1372
1435
1384
1446
1456
1438
1367
1334
1332
1407
1375
1490
1415
1446
1441
1340
1416
1332
1432
1466
1409
1322
1315
1370
1408
1371
1394
1411
1319
1341
1416
1385
1362
1369
1431
1327
1400
1372
1386
1414
1384
1447
1438
1424
1385
1290
1458
1346
1423
1437
1347
1409
1313
1351
1470
1446
1518
1437
1462
1389
1384
1407
1425
1425
1447
1347
1368
1391
1392
1464
1333
1371
1420
1398
1428
1404
1382
1445
1334
1426
1332
1472
1308
1384
1417
1420
1444
1365
1388
1497
1496
1280
1317
1272
1341
1383
1361
1351
1340
1324
1292
1327
1353
1390
1319
1501
1357
1352
1431
1419
1430
1387
1402
1353
1345
1383
1392
1352
1366
1444
1358
1418
1375
1383
1456
1387
1403
1449
1357
1356
1429
1461
1421
1417
1282
1326
1420
1351
1487
1428
1387
1423
1451
1416
1465
1370
1377
1489
1380
1434
1362
1363
1296
1367
1374
1443
1371
1384
1475
1466
1400
1457
1415
1348
1256
1458
1394
1404
1391
1398
1446
1445
1406
1359
1398
1449
1448
1304
1355
1412
1484
1407
1414
1416
1485
1462
1344
1530
1395
1443
1293
1372
1411
1364
1460
1456
1472
1420
1420
1385
1405
1457
1370
1487
1435
1448
1474
1426
1406
1363
1379
1261
1521
1386
1321
1365
1469
1405
1364
1425
1489
1469
1443
1425
1358
1398
1385
1422
1370
1433
1461
1369
1432
1342
1386
1470
1392
1440
1360
1443
1340
1364
1418
1500
1426
1350
1485
1385
1318
1348
1371
1313
1419
1348
1373
1341
1336
1338
1305
1428
1422
1388
1428
1377
1334
1458
1447
1451
1360
1441
1347
1499
1380
1371
1447
1393
1381
1378
1359
1365
1368
1413
1395
1511
1341
1457
1363
1406
1398
1400
1388
1395
1340
1328
1277
1265
1283
1396
1345
1406
1343
1446
