1450
1477
1527
1477
1465
1544
1523
1502
1451
1509
1385
1406
1446
1506
1401
1541
1570
1437
1497
1386
1575
1491
1562
1595
1534
1492
1459
1389
1414
1403
1401
1549
1455
1451
1567
1535
1455
1520
1519
1381
1492
1477
1530
1496
1485
1445
1474
1527
1443
1341
1545
1463
1462
1543
1475
1459
1534
1533
1494
1492
1468
1445
1560
1458
1448
1445
1447
1429
1466
1562
1408
1509
1553
1543
1540
1546
1397
1515
1506
1407
1442
1501
1462
1571
1372
1480
1528
1429
1485
1450
1527
1402
1540
1484
1498
1363
1441
1465
1410
1475
1443
1450
1557
1481
1516
1479
1412
1509
1440
1471
1422
1427
1554
1457
1437
1440
1509
1517
1552
1468
1448
1535
1552
1399
1398
1482
1455
1398
1419
1518
1443
1529
1465
1486
1522
1540
1528
1407
1443
1414
1514
1533
1416
1482
1520
1444
1382
1362
1574
1627
1515
1514
1483
1367
1485
1572
1435
1476
1420
1379
1338
1496
1404
1555
1508
1585
1575
1427
1481
1547
1478
1453
1517
1540
1482
1409
1425
1429
1452
1509
1417
1531
1451
1594
1468
1535
1494
1426
1471
1533
1451
1513
1466
1586
1439
1462
1414
1382
1401
1444
1509
1480
1474
1424
1454
1540
1550
1511
1445
1413
1500
1466
1419
1447
1505
1436
1519
1495
1536
1428
1443
1500
1424
1511
1507
1445
1516
1518
1514
1486
1507
1484
1448
1451
1514
1469
1479
1545
1526
1435
1498
1548
1322
1544
1561
1470
1592
1469
1510
1491
1419
1486
1462
1415
1522
1433
1519
1483
1536
1506
1439
1427
1336
1544
1514
1551
1367
1413
1463
1504
1462
1434
1449
1365
1511
1558
1419
1459
1462
1399
1484
1393
1529
1464
1487
1511
1486
1455
1413
1519
1366
1450
1447
1507
1555
1464
1515
1391
1493
1500
1514
1502
1549
1530
1430
1479
1549
1378
1491
1411
1500
1553
1482
1582
1483
1481
1566
1417
1473
1466
1500
1521
1461
1412
1482
1520
1488
1400
1526
1579
1486
1571
1522
1506
1470
1590
1583
1620
1549
1535
1484
1482
1470
1499
1518
1521
1480
1463
1451
1592
1569
1472
1441
1402
1551
1505
1486
1473
1450
1480
1554
1498
1561
1460
1432
1569
1443
1549
1532
1583
1514
1609
1610
1419
1465
1509
1478
1595
1428
1512
1531
1489
1465
1535
1432
1414
1524
1442
1417
1579
1512
1461
1482
1413
1518
1494
1469
1565
1573
1524
1488
1371
1449
1541
1499
1482
1440
1408
1374
1496
1462
1510
1505
1433
1561
1552
1516
1476
1580
1506
1590
1463
1542
1462
1460
1576
1534
1598
1471
1447
1537
1583
1429
1463
1500
1523
1499
1475
1580
1472
1455
1492
1495
1495
1537
1444
1486
1444
1434
1497
1580
1509
1604
1530
1464
1582
1530
1544
1459
1552
1546
1423
1422
1570
1534
1474
1493
1478
1449
1430
1516
1501
1644
1647
1550
1460
1463
1594
1629
1451
1523
1524
1526
1579
1469
1557
1519
1449
1411
1533
1531
1464
1556
1431
1529
1521
1520
1442
1605
1474
1511
1640
1562
1474
1491
1485
1499
1425
1464
1452
1441
1477
1588
1543
1518
1496
1595
1560
1511
1405
1472
1483
1483
1431
1423
1574
1491
1440
1474
1496
1498
1485
1434
1532
1500
1464
1552
1475
1490
1445
1515
1516
1544
1406
1483
1500
1491
1436
1470
1464
1502
1562
1504
1445
1567
1617
1584
1570
1583
1560
1512
1498
1518
1501
1438
1496
1503
1561
1485
1386
1529
1525
1527
1469
1571
1434
1523
1523
1432
1532
1529
1569
1463
1503
1390
1501
1448
1434
1428
1589
1490
1496
1499
1376
1431
1541
1509
1582
1536
1402
1536
1500
1513
1477
1540
1530
1467
1567
1548
1511
1581
1454
1537
1502
1446
1499
1524
1486
1437
1525
1563
1524
1543
1540
1600
1477
1595
1566
1525
1468
1569
1548
1596
1526
1474
1515
1478
1578
1596
1646
1442
1485
1576
1439
1483
1547
1612
1477
1537
1489
1486
1553
1509
1582
1580
1531
1564
1555
1453
1441
1491
1531
1600
1504
1445
1530
1445
1377
1500
1522
1491
1544
1540
1468
1485
1514
1650
1580
1591
1549
1438
1511
1564
1470
1523
1417
1583
1498
1472
1564
1566
1510
1577
1557
1580
1496
1535
1652
1460
1511
1460
1521
1503
1455
1574
1438
1582
1577
1481
1495
1519
1532
1561
1478
1508
1578
1504
1548
1546
1546
1560
1656
1549
1546
1406
1576
1505
1454
1551
1622
1495
1485
1524
1608
1552
1551
1541
1470
1651
1595
1538
1517
1537
1636
1624
1557
1542
1512
1555
1548
1637
1535
1531
1455
1532
1528
1579
1539
1510
1544
1487
1550
1648
1490
1622
1580
1637
1479
1617
1594
1566
1643
1518
1552
1612
1574
1597
1565
1554
1502
1462
1485
1522
1495
1533
1608
1533
1565
1622
1557
1639
1503
1603
1591
1601
1572
1578
1438
1525
1476
1592
1481
1605
1602
1585
1568
1642
1659
1469
1607
1543
1470
1574
1567
1484
1598
1456
1564
1546
1613
1575
1530
1611
1622
1451
1574
1553
1554
1550
1667
1552
1554
1578
1611
1533
1456
1538
1648
1520
1535
1494
1554
1585
1579
1568
1693
1535
1579
1498
1463
1570
1538
1500
1619
1538
1580
1543
1607
1494
1541
1515
1520
1602
1501
1451
1610
1624
1656
1664
1564
1619
1539
1546
1450
1581
1553
1561
1644
1543
1535
1533
1703
1524
1574
1591
1569
1648
1619
1651
1629
1495
1508
1528
1530
1544
1549
1531
1526
1553
1453
1526
1632
1554
1512
1657
1566
1633
1565
1573
1564
1594
1565
1478
1573
1571
1577
1571
1601
1548
1611
1579
1601
1577
1542
1570
1629
1642
1633
1596
1575
1528
1555
1528
1517
1583
1552
1499
1643
1615
1608
1518
1521
1613
1513
1547
1568
1621
1589
1579
1550
1566
1613
1533
1643
1603
1613
1589
1512
1481
1631
1593
1504
1659
1647
1566
1516
1590
1571
1570
1607
1588
1555
1552
1589
1485
1563
1465
1510
1639
1528
1591
1582
1617
1754
1494
1648
1636
1654
1614
1560
1618
1534
1513
1610
1528
1589
1616
1596
1681
1534
1628
1557
1641
1487
1585
1569
1530
1640
1588
1642
1573
1560
1652
1595
1535
1596
1620
1613
1580
1553
1530
1634
1558
1525
1578
1507
1622
1539
1547
1514
1497
1532
1541
1573
1571
1565
1659
1551
1619
1600
1661
1594
1637
1557
1703
1516
1651
1475
1565
1567
1711
1600
1597
1525
1600
1522
1535
1646
1640
1579
1574
1585
1597
1640
1577
1642
1663
1609
1600
1594
1694
1629
1526
1576
1586
1614
1684
1618
1616
1668
1659
1685
1580
1624
1513
1555
1692
1616
1624
1589
1680
1520
1564
1619
1544
1538
1621
1633
1535
1621
1703
1671
1668
1685
1577
1637
1751
1707
1625
1689
1518
1680
1611
1576
1632
1547
1479
1546
1559
1608
1612
1624
1574
1621
1629
1520
1653
1515
1604
1610
1656
1672
1603
1551
1658
1631
1739
1555
1647
1576
1759
1660
1627
1705
1637
1653
1614
1612
1696
1671
1694
1604
1670
1638
1691
1647
1673
1764
1780
1668
1644
1651
1716
1760
1737
1738
1733
1794
1674
1632
1800
1750
1721
1773
1782
1821
1859
1772
1805
1834
1791
1820
1848
1801
1873
1721
1751
1756
1850
1798
1902
1960
1790
1926
1754
1767
1896
1901
1879
1881
1914
1796
1945
1882
1903
1937
1950
1965
1967
1932
1901
1939
1880
1969
1858
1937
1929
1906
1956
1874
2050
1942
2040
2076
1965
2000
2027
2014
2030
1982
1947
2100
1968
1933
2015
1906
1981
1983
2022
1961
1917
2080
2008
2140
2017
2022
1976
1971
2046
2071
1962
1977
2128
2113
2109
2136
2217
2195
2099
2154
2150
2151
2154
2289
2152
2242
2292
2373
2246
2168
2178
2116
2140
2078
2214
2132
2202
2193
2295
2334
2305
2390
2213
2169
2095
2235
2354
2350
2610
2345
2432
2425
2385
2340
2337
2369
2223
2343
2164
2249
2238
2351
2412
2400
2435
2475
2355
2297
2342
2250
2335
2223
2148
2351
2479
2411
2525
2625
2687
2696
2672
2568
2611
2427
2458
2588
2544
2557
2640
2717
2605
2585
2493
2532
2517
2346
2534
2551
2662
2628
2483
2566
2421
2502
2506
2557
2492
2509
2624
2580
2612
2604
2703
2525
2610
2584
2583
2395
2340
2576
2635
2580
2705
2572
2591
2609
2650
2611
2522
2650
2634
2653
2719
2613
2557
2460
2532
2695
2468
2590
2539
2523
2650
2757
3014
3024
3044
2666
2766
2673
2736
2833
2973
2810
2960
2763
2825
2682
2618
2606
2680
2764
2868
2561
2557
2523
2625
2876
2852
2949
3002
2977
2927
2942
2820
2804
2626
2630
2583
2707
2714
2831
2910
2785
2650
2757
2766
2819
2891
2850
2698
2646
2901
2922
2902
2799
2629
2661
2776
2856
2889
2842
2773
2790
2862
2886
3041
2904
2860
2914
2829
2622
2829
2946
2909
3031
2889
3119
3237
3373
3180
3229
3001
2918
2885
2996
2985
2979
2933
3040
3165
3159
3172
3076
3209
3095
2958
3133
2843
3098
3072
2976
2849
2915
3065
3104
2792
2831
3071
3106
3029
3093
3240
3145
2962
3029
3224
3367
3191
3222
3175
3054
2931
3171
3280
3465
3305
3278
3287
3344
3316
3097
3101
3300
3150
2975
3115
3103
3242
3328
3429
3584
3313
3302
3381
3482
3366
3371
3276
3109
3173
3201
3140
3174
3061
3043
3162
3363
3450
3293
3469
3363
3289
3105
3155
3010
2956
2978
2946
3157
3373
3699
3579
3244
3290
3178
3109
3105
3094
2966
2849
3145
3272
3356
3624
3559
3455
3552
3402
3270
3296
3296
3106
3301
3504
3362
3271
3302
3153
3065
2941
3074
3155
3114
3101
3116
3030
3090
3060
3018
3246
3387
3053
3207
3334
3736
3676
3293
3059
3113
3153
3136
3319
3680
3429
3300
3160
3272
3258
3391
3324
3520
3609
3639
3567
3448
3237
3336
3431
3473
3319
3297
3212
3404
3511
3332
3309
3328
3115
3083
3075
3054
2930
2906
2965
3105
3124
3389
3195
3148
3024
3551
3615
3764
3373
3158
3076
3225
3228
3132
3360
3492
3487
3373
3242
3208
2999
3474
3555
3542
3419
3408
3346
3243
3116
3072
3242
3455
3611
3383
3229
3117
3337
3258
2996
2996
3050
3161
3151
3268
3480
3521
3694
3569
3496
2974
2897
3099
3339
3448
3506
3618
3416
3097
3463
3327
3156
2992
3076
3510
3208
3059
3282
3383
3297
3447
3482
3189
3260
3358
3208
3385
3386
3383
3259
3180
3262
3237
3339
3416
3449
3418
3384
3232
3132
3173
3166
3011
2940
3011
3077
3057
3070
3094
3237
3152
3388
3372
3422
3366
3340
3270
3084
2990
3262
3286
3301
3063
2939
3170
3153
3326
3393
3442
3433
3267
3319
3405
3343
3200
3071
3099
3203
3224
3265
3368
3249
3200
3302
3333
3394
3537
3419
3622
3536
3250
3105
3094
3168
3474
3417
3421
3369
3285
3605
3539
3448
3181
3227
2935
2962
3100
3254
3241
3412
3330
3433
3419
3254
3397
3467
3322
3545
3370
3470
2991
2887
2825
2828
2782
2898
3017
3176
3158
3267
3298
3524
3632
3336
3466
3552
3569
3761
3480
3227
3284
3543
3764
3316
3106
3289
3382
3314
3075
3300
3394
3060
2904
2967
3310
3221
3087
3255
3122
3096
3406
3788
3964
3710
3534
3320
3381
3510
3681
3611
3308
3329
3466
3331
3392
3254
3411
3232
3215
3306
3095
3085
3151
3126
3097
3265
3098
3059
3070
3177
3080
3109
3251
3704
3470
3221
3497
3390
3149
3172
3149
3384
3646
3328
3084
3003
3304
3270
3306
3501
3258
3228
3382
3666
3806
3894
3718
3560
3535
3256
3241
3060
3405
3347
3229
3254
3469
3399
3313
3233
3288
3584
3595
3621
3209
3054
3133
3336
3446
3316
3106
3135
3222
3334
3351
3150
2932
3231
3506
3290
3320
3361
3227
3101
3120
3092
3110
3144
3261
3257
3292
3355
3119
3112
3479
3603
3301
3278
3306
3465
3491
3571
3271
3248
3361
3419
3342
3384
3403
3369
3385
3395
3514
3726
3781
3480
3334
3443
3515
3399
3376
3170
3080
3105
2918
3149
3202
3152
3170
3038
3214
3284
3313
3570
3397
3296
3543
3444
3386
3304
3520
3695
3870
3964
3625
3559
3325
3288
3604
3304
3253
3099
3023
3044
3010
3223
3394
3552
3382
3251
3275
3526
3467
3489
3471
3533
3524
3441
3278
3180
3350
3207
3247
3236
3347
3470
3524
3730
3638
3636
3413
3325
3209
3393
3313
3262
3397
3448
3325
3237
3247
3422
3458
3530
3556
3477
3300
3135
3110
3139
3313
3393
3125
3073
3319
3540
3390
3431
3467
3346
3359
3400
3361
3380
3342
3346
3503
3772
3777
3840
3603
3245
3351
3357
3454
3858
3680
3608
3372
3406
3290
3450
3520
3901
3820
3630
3467
3450
3379
3240
3435
3808
3964
4038
3561
3200
3236
3442
3458
3201
3288
3590
3595
3565
3445
3590
3596
3540
3675
3675
3502
3511
3501
3568
3148
2994
3049
3200
3563
3790
3348
3037
3512
3692
3536
3435
3477
3478
3383
3412
3383
3393
3469
3318
3450
3609
3469
3552
3558
3508
3519
3304
3407
3343
3293
3382
3591
3318
3318
3416
3685
3649
3339
3573
3677
3907
3829
3667
3816
4032
3761
3508
3254
3467
3443
3439
3553
3710
3926
3765
3936
3704
3571
3757
3820
3817
3804
3657
3642
3450
3679
3642
3412
3427
3645
3954
3854
3825
3880
3634
3807
3771
3549
3467
3363
3325
3420
3554
3472
3470
3683
3870
3652
3650
3574
3407
3729
4022
4265
4399
4254
4122
3714
3820
4050
4125
4027
3762
3817
3752
4018
3909
3831
3589
3498
3890
4094
3825
3768
3735
3898
3879
3879
4214
4059
3951
3928
4036
3929
3892
3980
4307
4139
3927
4086
4258
3989
3901
3962
4019
4116
4358
4460
4511
4306
4446
4492
4296
4269
4231
4463
4464
4331
4281
4322
4532
4374
4310
4357
4483
4625
4428
4455
4567
4477
4745
4709
4733
4533
4631
4689
4854
5142
5254
5140
5307
5285
4941
4892
5065
5056
4855
5262
5740
5353
5359
5102
5744
6179
5731
5618
6020
5753
6040
5810
6159
6526
6255
6232
5752
5792
5536
6123
6249
6864
7134
7611
8880
9403
8216
7577
7368
7997
9686
9856
9272
8357
8933
8061
8123
7807
8885
8468
8250
9147
8760
8390
8619
8918
10231
11874
10540
11021
8840
9499
8523
10017
13077
12899
11192
11214
12831
13861
14525
18862
17259
16046
16031
17613
17002
22819
22870
15006
16254
15776
20644
24265
27276
26034
25266
23486
20653
21012
20554
21887
20056
19724
17981
18201
19304
19512
17892
19487
18742
14848
20568
21941
17809
19316
17615
19441
24866
24982
23761
19958
20736
19022
18362
21644
15446
17579
21298
17434
23112
20163
22104
18662
20826
15501
14049
16493
14476
15720
11901
14236
14962
11935
13698
14787
17770
16986
13760
12848
11622
13971
15578
15693
17657
15169
17010
13535
15719
17656
21798
22656
19712
17681
23320
20537
21146
20709
27576
23578
29119
31970
27990
28800
31512
25382
19679
19148
19700
21175
24320
25320
26640
26006
18598
17087
18796
17074
17456
14239
12388
12251
13924
12913
10181
9124
9312
8061
7116
6670
6782
7094
6162
6219
5832
5606
5588
5320
5085
5464
5107
5057
5282
5053
5357
5394
5331
5122
5072
5040
4889
4666
4693
4591
4844
4659
4473
4584
4452
4631
4514
4684
4792
4886
4498
4440
4163
4159
4271
4392
4842
4365
4355
4536
4581
4409
4149
4262
4262
4225
4233
4133
4108
4159
4341
4194
3898
4029
4054
4244
4173
4390
4488
4311
4372
4340
4272
4157
4221
4149
4157
4033
3928
3993
3990
3697
3766
3931
4131
3914
3750
4019
3757
3948
4155
4026
3793
3590
3762
3780
3673
3551
3617
3812
4071
4224
4038
4031
4026
3900
3737
3973
3826
3703
3818
3687
3660
3825
3669
3611
3624
3916
4026
4104
3881
3829
3813
3940
3755
3693
3717
3600
3723
3729
3618
3673
3562
3428
3392
3534
3618
3701
3825
4008
3428
3576
3710
3382
3503
3593
3836
3628
3662
3786
3703
3624
3559
3434
3668
3661
3794
3512
3602
3477
3285
3529
3676
3585
3588
3599
3493
3322
3547
3568
3496
3418
3784
3530
3328
3499
3430
3633
3648
3725
3485
3386
3437
3819
3719
3487
3529
3614
3405
3473
3483
3565
3509
3484
3505
3506
3816
3824
3647
3556
3498
3454
3471
3482
3660
3736
3454
3424
3530
3487
3485
3300
3163
3261
3366
3485
3548
3470
3703
3819
3550
3639
3625
3710
3572
3463
3277
3476
3604
3447
3313
3185
3308
3462
3451
3531
3640
3322
3283
3389
3668
3780
3653
3807
3777
3456
3323
3178
3221
3376
3674
3421
3136
3058
3270
3336
3372
3619
3782
3586
3380
3445
3588
3521
3394
3173
3237
3495
3544
3530
3931
3984
3658
3424
3534
3479
3453
3410
3363
3432
3546
3509
3441
3501
3470
3371
3186
3027
3181
3170
3451
3502
3390
3230
3296
3245
3255
3410
3490
3364
3167
3217
3341
3448
3345
3342
3146
3224
3513
3565
3529
3209
3225
3388
3409
3284
3435
3471
3319
3449
3378
3160
3302
3530
3757
3450
3368
3410
3545
3651
3439
3205
3326
3650
3807
3690
3303
3268
3140
3097
3194
3082
3471
3450
3261
3257
3377
3163
3341
3487
3510
3585
3318
3260
3465
3817
3558
3419
3333
3291
3166
3335
3342
3453
3226
3429
3545
3420
3440
3291
3206
3058
3020
2848
2889
3063
3045
3237
3184
3250
3208
3069
3200
3023
3016
2898
3144
3246
3192
3079
2791
3082
3228
3137
3268
3323
3330
3151
3406
3517
3405
3257
3314
3422
3149
3186
3222
3401
3515
3367
3263
3073
3094
3060
3228
3102
3148
3104
3186
3062
3100
3099
2975
3102
3342
3613
3589
3319
3189
3191
3206
3125
3365
3211
3133
3094
3223
3237
3361
3225
3150
3175
2971
3144
3206
3228
3175
3175
3094
3162
3396
3178
3167
3307
3379
3255
3147
3126
3195
3068
3118
3079
3012
3019
3273
3398
3419
3460
3345
3100
3302
3246
3348
3181
3213
3348
3192
3123
3268
3301
3226
3021
2985
3429
3221
3334
3341
3165
3179
3041
3203
3220
3245
3293
3286
3018
2901
3025
3055
3140
3260
3309
3345
3277
3128
2991
2985
3077
3381
3267
3035
3036
3041
2943
3076
2897
2944
3055
3114
3293
3224
3220
2970
3218
3000
3133
3198
3486
3522
3550
3234
2913
2983
3164
3231
3373
3065
2930
3046
3045
2898
2951
3044
3033
3002
2997
2905
3078
3155
3342
3375
3255
3270
3090
3163
3143
2955
3194
3368
3415
3172
3133
3386
3277
3212
3400
3366
3185
3343
3335
3385
3280
3257
2986
3119
3034
3212
3066
3083
3057
3075
3226
3149
3201
3203
3250
3104
3012
3004
3119
2935
2923
2923
3323
3331
3258
2982
3207
3049
3156
3394
3475
3231
3140
3231
2915
2931
3133
3106
2951
3035
3021
3277
3139
2919
3009
3382
3388
3108
3296
3264
2985
3210
3209
3203
3197
2923
2907
2904
3160
3079
3262
3117
3159
3109
3210
3412
3282
2971
3030
3163
3083
3253
3156
3205
2921
2891
3079
3503
3390
3502
3062
3109
3049
3117
2993
3134
3137
3449
3334
3248
3326
3345
3215
3158
3355
3198
2960
3071
3087
3117
3162
3050
3185
3302
2996
3082
3129
3146
3067
3140
3220
3057
2990
2978
2999
3070
3133
3048
2910
3076
3103
3222
3346
3297
3165
3212
2950
3155
3099
3067
3236
3260
3401
3223
3370
3249
3055
3026
3044
2868
2917
3138
3053
3260
3211
3232
3212
3103
2991
3063
3087
3046
2996
3133
3211
3054
2981
2977
3072
3084
3181
3210
2861
3011
2945
2870
3013
3046
2996
3293
3144
3192
3215
3349
3127
3127
3053
3037
2926
3170
3397
3312
3063
2976
2994
3039
3160
3129
3223
3209
3028
2991
3071
3021
3186
3075
3418
3214
3204
3095
3069
3042
3026
3328
3301
3192
3195
3052
2956
3086
3236
3276
3163
3215
3065
3005
3014
2646
2730
3029
3223
3065
2936
3057
3211
3052
2970
3301
3348
3420
3260
3055
3120
3013
2988
2887
2805
2894
3094
3175
3211
3056
2812
2934
2896
3014
3081
3298
3172
3024
2991
3256
3191
3201
3079
3050
3281
3334
3190
3095
2931
3209
3356
3230
3128
3390
3377
3339
3500
3571
3411
3156
3213
3002
3068
2999
3039
3023
3076
3214
3255
3197
3120
3134
3070
3173
3069
2961
2953
2911
3034
3139
3235
3447
3367
3183
2909
2837
2899
2854
2915
2919
2961
2881
2909
3110
3030
2804
2790
2934
3311
3314
3143
3066
3025
3298
3215
3194
3146
3078
2916
2908
3173
3224
3229
3411
3386
3260
3239
3132
3109
3063
3205
3286
3357
3245
3155
3155
3078
2904
2932
2957
3042
2953
3037
2916
3061
2964
2990
2879
2826
2846
2904
2943
2821
2856
2923
2894
2949
3030
3072
2999
2950
2979
3042
3000
3078
2981
2864
2912
2921
3033
3049
2840
2781
3167
3212
3119
2851
3059
2866
2985
3228
3226
3100
3047
2883
2889
2684
2912
3020
2883
3037
3252
3290
3164
3294
3276
3240
3093
3214
3075
3084
3170
3371
3302
3029
2807
2722
2704
2853
3054
3113
2826
2911
2935
2943
2961
2932
2966
2986
2895
2996
3094
2859
2867
2888
3075
3148
3001
3044
3087
3135
3044
2954
2991
2907
3051
3172
3246
3368
3161
3135
3155
2999
3025
2863
2805
2735
2727
2727
2663
2744
2908
2764
2882
2982
3021
3110
3063
3024
2843
2887
3356
3224
3072
3070
2938
2698
2619
2929
2977
3085
2958
3127
3110
3112
3011
3053
2953
2850
2764
2772
2672
2721
2907
3150
3264
3255
3300
3323
3210
2939
2683
2747
2900
2982
3019
3237
3308
3119
3245
3175
2920
2976
2987
3089
2863
2961
3053
3056
2964
3124
3128
2985
2722
3007
3040
3089
3046
2930
2994
2998
3007
3238
3185
3042
3239
3182
2792
2755
2861
3212
3243
3064
3049
3216
3065
2903
2749
2952
2990
2946
2984
3085
3057
3094
3245
3117
3064
2868
2918
2976
3008
3119
3367
3465
3335
3106
2961
3129
2907
2842
2802
2873
3086
2926
2747
2852
2886
2812
2913
3005
3007
3072
2866
2708
2758
2715
2675
2883
2938
3017
2786
2689
2773
2774
2912
2935
2899
3158
3146
3101
2923
2903
2854
2815
2926
2963
3160
3277
3277
3119
3115
2978
