1422
1533
1523
1491
1364
1384
1462
1389
1447
1501
1575
1465
1411
1486
1482
1554
1540
1400
1508
1457
1409
1524
1416
1390
1478
1521
1371
1532
1515
1378
1500
1472
1566
1445
1580
1513
1516
1444
1492
1466
1473
1537
1544
1446
1416
1453
1441
1523
1410
1458
1434
1403
1502
1525
1555
1457
1631
1638
1474
1492
1527
1557
1503
1479
1447
1431
1508
1496
1505
1533
1450
1474
1485
1513
1669
1586
1449
1551
1493
1558
1470
1519
1664
1411
1513
1493
1444
1458
1457
1419
1523
1500
1493
1399
1541
1518
1484
1538
1528
1531
1551
1502
1355
1549
1562
1498
1534
1447
1436
1410
1467
1505
1487
1511
1538
1496
1540
1451
1476
1450
1530
1478
1367
1453
1462
1485
1617
1473
1486
1411
1575
1438
1438
1552
1505
1538
1397
1481
1440
1589
1416
1425
1535
1579
1414
1489
1347
1443
1553
1498
1506
1618
1557
1476
1504
1523
1469
1480
1365
1473
1523
1451
1443
1505
1532
1514
1452
1540
1470
1448
1555
1587
1468
1462
1465
1488
1390
1458
1495
1317
1436
1540
1533
1505
1471
1387
1386
1492
1570
1446
1551
1452
1493
1388
1455
1462
1559
1522
1482
1472
1506
1432
1321
1505
1462
1479
1584
1550
1561
1449
1493
1543
1479
1481
1469
1497
1345
1591
1410
1451
1518
1482
1495
1320
1535
1476
1406
1491
1467
1444
1516
1419
1530
1434
1439
1461
1462
1516
1322
1543
1482
1552
1543
1352
1498
1483
1527
1437
1554
1398
1486
1430
1531
1502
1482
1397
1412
1537
1443
1503
1542
1528
1461
1520
1574
1529
1401
1375
1383
1471
1494
1449
1401
1403
1441
1489
1549
1381
1449
1517
1501
1522
1549
1522
1495
1557
1458
1517
1463
1456
1442
1504
1421
1493
1378
1479
1505
1430
1494
1374
1448
1524
1453
1482
1532
1562
1424
1453
1443
1476
1540
1509
1513
1446
1396
1491
1571
1451
1450
1461
1462
1576
1485
1545
1452
1488
1495
1403
1477
1531
1433
1590
1517
1386
1498
1519
1647
1633
1533
1414
1392
1497
1450
1462
1478
1473
1496
1407
1387
1449
1537
1514
1462
1555
1633
1481
1549
1439
1496
1467
1603
1477
1489
1499
1513
1539
1521
1558
1499
1512
1568
1478
1456
1449
1541
1357
1484
1396
1414
1451
1402
1448
1481
1488
1434
1554
1400
1495
1487
1540
1620
1471
1456
1515
1510
1587
1447
1481
1493
1440
1530
1550
1387
1414
1403
1519
1517
1436
1434
1462
1426
1402
1419
1515
1416
1445
1473
1405
1522
1478
1549
1502
1509
1569
1485
1541
1511
1540
1631
1481
1541
1509
1511
1539
1502
1535
1434
1506
1558
1368
1472
1519
1473
1497
1482
1430
1522
1462
1527
1561
1444
1454
1437
1616
1582
1423
1459
1373
1570
1476
1395
1481
1544
1556
1498
1468
1463
1541
1474
1559
1541
1475
1514
1425
1469
1476
1433
1527
1433
1508
1511
1421
1532
1542
1593
1517
1490
1537
1521
1524
1479
1436
1519
1517
1509
1497
1483
1446
1575
1444
1493
1446
1575
1456
1499
1567
1537
1533
1485
1446
1618
1395
1443
1536
1514
1379
1467
1404
1493
1569
1642
1589
1595
1591
1500
1531
1508
1530
1560
1511
1443
1492
1524
1644
1611
1545
1547
1495
1478
1441
1514
1534
1538
1435
1566
1549
1520
1552
1509
1511
1497
1514
1508
1478
1566
1540
1478
1545
1479
1491
1527
1454
1551
1503
1533
1556
1554
1563
1500
1506
1501
1463
1498
1511
1389
1521
1541
1494
1568
1514
1539
1588
1462
1570
1532
1495
1628
1471
1533
1498
1497
1595
1396
1625
1493
1482
1511
1491
1427
1563
1519
1539
1559
1593
1546
1598
1521
1542
1529
1540
1499
1446
1470
1536
1558
1514
1501
1548
1505
1537
1560
1615
1508
1568
1596
1483
1521
1469
1440
1515
1474
1587
1404
1448
1472
1471
1470
1513
1515
1514
1587
1516
1417
1438
1587
1518
1478
1615
1518
1543
1562
1560
1521
1486
1548
1578
1385
1538
1528
1413
1526
1486
1464
1504
1556
1489
1545
1564
1430
1522
1536
1514
1435
1523
1630
1464
1573
1489
1438
1466
1518
1545
1531
1493
1570
1547
1519
1529
1488
1486
1420
1570
1512
1527
1556
1463
1495
1545
1490
1569
1529
1426
1583
1474
1594
1517
1507
1480
1561
1540
1485
1513
1590
1489
1581
1559
1530
1570
1556
1493
1463
1543
1569
1553
1525
1514
1639
1477
1531
1595
1460
1580
1577
1573
1437
1589
1574
1610
1558
1639
1491
1527
1535
1597
1608
1499
1571
1462
1530
1514
1433
1504
1560
1453
1470
1689
1588
1608
1466
1564
1476
1466
1545
1668
1647
1551
1520
1595
1719
1502
1682
1611
1552
1596
1568
1511
1502
1474
1629
1428
1542
1534
1593
1603
1553
1573
1607
1606
1483
1558
1593
1633
1539
1537
1569
1611
1600
1509
1579
1501
1632
1563
1642
1516
1666
1605
1577
1561
1504
1596
1572
1528
1542
1509
1499
1511
1573
1601
1635
1571
1693
1606
1588
1602
1634
1557
1547
1562
1541
1511
1610
1563
1593
1530
1585
1606
1604
1682
1465
1574
1627
1561
1527
1545
1460
1489
1514
1565
1535
1517
1598
1512
1601
1601
1570
1552
1609
1547
1571
1528
1466
1607
1544
1523
1626
1532
1672
1506
1534
1548
1575
1575
1514
1651
1549
1660
1532
1491
1627
1617
1691
1519
1536
1533
1555
1551
1431
1485
1503
1531
1507
1566
1575
1639
1615
1558
1515
1593
1568
1514
1670
1565
1584
1569
1434
1571
1559
1629
1496
1604
1546
1493
1495
1600
1538
1560
1625
1661
1550
1556
1516
1517
1538
1577
1592
1496
1476
1630
1569
1653
1584
1549
1601
1671
1605
1587
1574
1607
1647
1561
1605
1566
1534
1547
1550
1584
1614
1580
1533
1578
1607
1512
1609
1455
1583
1530
1605
1620
1636
1568
1569
1517
1557
1594
1525
1599
1574
1574
1539
1556
1606
1628
1580
1582
1592
1600
1588
1502
1545
1568
1553
1574
1585
1585
1497
1606
1533
1485
1488
1566
1449
1536
1511
1561
1667
1484
1599
1611
1625
1590
1656
1594
1587
1565
1576
1634
1506
1526
1506
1689
1532
1556
1606
1539
1610
1640
1625
1531
1603
1547
1512
1608
1548
1513
1531
1616
1637
1525
1551
1688
1490
1527
1601
1582
1661
1567
1573
1613
1580
1640
1535
1620
1709
1581
1558
1621
1568
1565
1589
1616
1655
1672
1583
1539
1572
1543
1620
1539
1500
1635
1609
1570
1598
1647
1747
1596
1508
1562
1578
1664
1661
1665
1681
1492
1585
1573
1634
1602
1516
1582
1619
1536
1616
1644
1613
1550
1575
1662
1728
1558
1479
1583
1582
1598
1642
1673
1595
1601
1592
1636
1623
1721
1601
1602
1599
1578
1555
1633
1542
1618
1590
1510
1530
1565
1568
1652
1639
1625
1815
1626
1508
1603
1628
1548
1640
1600
1657
1667
1509
1542
1537
1597
1515
1674
1554
1608
1668
1627
1694
1579
1655
1609
1546
1662
1574
1583
1782
1623
1578
1657
1609
1590
1644
1544
1689
1676
1596
1666
1709
1651
1557
1600
1677
1813
1690
1734
1744
1691
1675
1683
1797
1644
1801
1668
1738
1786
1865
1754
1770
1765
1798
1828
1790
1908
1851
1884
1778
1847
1863
1853
1797
1875
1849
1742
1840
1853
1876
1827
1819
1866
1834
1896
1885
1855
1905
1790
1834
1894
1872
1834
1919
1996
1858
1978
1882
1803
1768
1891
1862
1866
1947
1909
1956
1987
1953
1927
1964
2041
1934
1987
1983
1897
1982
2017
1882
1947
2014
1884
2067
2023
1999
1975
2155
1942
2126
1943
2072
1914
2084
1967
1972
2020
1980
1983
2052
1972
2095
2010
2020
1943
2004
2005
2000
1962
2086
2049
2211
2087
2132
2146
2175
2210
2182
2196
2187
2222
2309
2252
2317
2282
2246
2265
2319
2255
2286
2367
2309
2156
2213
2149
2331
2291
2249
2212
2117
2153
2192
2262
2203
2178
2221
2251
2218
2184
2273
2332
2222
2339
2464
2368
2490
2424
2503
2364
2470
2421
2399
2332
2299
2228
2402
2446
2329
2412
2519
2480
2497
2518
2586
2442
2500
2455
2408
2397
2375
2498
2537
2476
2409
2377
2390
2461
2562
2568
2502
2459
2668
2449
2689
2578
2629
2477
2535
2463
2661
2415
2518
2410
2472
2570
2538
2465
2480
2497
2347
2429
2530
2556
2500
2550
2685
2673
2653
2667
2463
2437
2659
2717
2732
2624
2641
2447
2600
2684
2607
2446
2655
2538
2698
2696
2754
2817
2842
2548
2573
2546
2537
2559
2373
2486
2540
2451
2534
2662
2738
2908
2998
2861
2871
2843
2904
3015
3083
3210
3110
2976
2940
2827
2924
2865
2745
2957
2895
2896
2832
2808
2732
3000
2847
2809
2777
2656
2742
2826
2850
2882
3014
2846
2673
2850
2828
2690
2803
2836
2934
3028
2846
2722
2821
2963
2788
2837
2947
2982
2899
2878
2941
2940
2924
2955
3039
3146
3074
2876
2727
2777
2728
2615
2825
2972
3015
3021
2934
2947
2966
2870
3124
3260
3391
3189
3038
3039
3209
3069
2905
2965
3118
2973
2907
2993
2991
3169
3044
3022
3233
3491
3317
3104
2960
3076
2909
2768
3040
2976
2933
2872
3041
2988
3245
3164
3324
3249
3148
2973
2947
3090
3187
3204
3240
3058
3018
2848
2941
3001
3212
3193
2924
3028
3032
3131
3355
3459
3673
3477
3080
2833
2884
2893
2859
3001
2844
2947
3194
3392
3141
3207
3213
3121
3302
3377
3561
3364
2978
3007
3127
3247
2997
3062
3038
3111
3130
3330
3333
3106
3068
3190
3384
3444
3177
3064
3095
3295
3355
3406
3277
3072
3116
3073
3227
3214
3340
3335
3405
3129
3013
3121
3176
3157
3096
2994
2838
3056
3338
3454
3543
3249
3038
2959
3111
2988
3430
3561
3608
3707
3216
2829
3023
2944
3016
3401
3521
3303
3299
3183
3295
3102
2984
2943
2912
3021
3150
3113
3062
3096
2970
3063
3152
3096
2989
2986
3058
2724
2814
3049
3055
2988
3091
3071
2967
3221
3287
3432
3251
3547
3288
3224
3150
2992
3036
3286
3403
3175
3039
3157
2998
3094
3192
2970
3035
3125
3019
3216
3460
3335
3159
3170
3184
3109
2998
3014
3014
3178
3368
3189
3024
3141
3081
3060
3103
3277
2946
3245
3420
3205
3235
3493
3347
3223
3099
3252
3183
2761
2930
2997
2977
2950
3047
3027
3090
3097
3389
3201
3300
3420
3540
3370
3278
3277
3346
3116
3190
3242
3572
3381
3104
3017
3268
3388
3246
3367
3355
3275
3372
3075
3009
3166
3071
3099
2786
2813
3061
3133
3234
3376
3671
3567
3610
3124
3235
3207
3114
3057
3150
3108
3053
3138
3134
3158
2932
3012
3027
3077
3109
3216
3450
3288
3251
3258
3407
3211
3249
3291
3422
3316
3143
3082
3207
3147
3236
3370
3230
3024
2891
3241
3603
3397
3258
3298
3286
3149
3026
3000
3106
3298
3288
3446
3565
3293
3237
3226
3261
3245
3029
3094
3269
3618
3319
3067
2989
3214
2993
2888
3049
3368
3515
3434
3533
3555
3472
3346
3240
3081
3150
3358
3554
3495
3325
3472
3420
3519
3479
3231
3066
2939
3037
3121
3147
3377
3172
3079
3181
3058
3188
3002
2958
3086
3175
3050
3185
3370
3246
3188
3373
3490
3549
3266
3384
3346
3389
3628
3668
3420
3365
3270
3181
3138
3250
3148
2962
2904
3190
3033
3210
3412
3219
3136
3395
3588
3421
2951
3006
3009
3047
3520
3524
3466
3074
3115
3145
3215
3124
3142
3131
3340
3355
3160
3115
3304
3231
3136
3094
3329
3283
3319
3289
3219
3301
3340
3363
3183
3023
3098
2988
3041
3220
3277
3286
3242
3092
3081
3140
3401
3249
3195
3352
3695
3560
3474
3356
3258
3216
3217
3477
3256
3519
3809
3634
3572
3371
3272
3359
3253
3436
3521
3016
2965
3255
3363
3390
3420
3334
3321
3203
3223
3530
3493
3302
3287
3323
3282
3288
3288
3492
3386
3356
3164
3317
3375
3338
3364
3621
3725
3635
3564
3406
3396
3722
3715
3445
3527
3530
3668
3551
3449
3385
3427
3184
3297
3373
3280
3406
3309
3366
3518
3478
3373
3442
3363
3304
3263
3164
3264
3264
3407
3336
3319
3132
3294
3502
3497
3437
3297
3374
3511
3087
3335
3579
3580
3504
3492
3414
3388
3404
3191
3318
3146
3206
3148
3210
3322
3435
3485
3596
3735
3626
3061
3263
3089
3015
3348
3478
3319
3330
3217
3115
3106
3165
3282
3276
2977
3235
3408
3316
3384
3634
3726
3300
3317
3387
3498
3192
3550
3638
3698
3573
3445
3426
3602
3548
3443
3395
3545
3378
3079
3441
3389
3447
3439
3347
3437
3268
3248
3396
3515
3619
3570
3448
3568
3574
3648
3638
3520
3457
3498
3585
3785
3704
3650
3370
3428
3459
3510
3377
3381
3287
3421
3648
3663
3579
3770
3774
3679
3395
3464
3604
3553
3329
3223
3245
3315
3258
3474
3225
3409
3273
3506
3383
3227
3129
3197
3244
3260
3282
3203
3421
3435
3507
3445
3439
3375
3408
3403
3413
3540
3194
3371
3433
3509
3996
3921
3676
3410
3413
3525
3713
3843
3795
3114
3181
3432
3371
3458
3334
3334
3372
3488
3341
3392
3666
3809
4020
3761
3361
3353
3561
3788
3784
3866
3736
3800
3489
3318
3630
3571
3505
3165
3265
3399
3731
3476
3469
3495
3605
3463
3561
3560
3680
3679
3656
3747
3632
3422
3204
3175
3513
3710
3644
3567
3590
3724
3716
3599
3559
3636
3744
3705
3733
3946
4028
3828
3718
3895
3612
3261
3343
3649
3950
3915
3746
3745
3813
3751
3690
3830
3880
3560
3371
3444
3575
3683
3881
4111
4062
3964
4042
3857
3978
4057
4053
4036
3753
3613
3895
3926
3982
3894
4099
3890
4066
3995
4017
4086
4016
4111
3878
3699
3899
4028
4324
4340
4375
4339
4593
4293
4189
4187
4288
4570
4635
4359
4282
4257
4471
4538
4766
4500
4550
4528
4468
4463
4541
4810
4636
4476
4608
4605
4661
4812
5174
5090
5199
5555
5012
4776
4949
5171
5285
5191
4987
5320
5256
5724
5597
5259
5170
5408
5652
5668
5732
5951
6023
6190
6824
6216
6621
7075
7394
7222
7165
7578
7522
8830
8045
9408
9816
9217
9656
8401
7563
7354
8603
9530
9797
9790
7941
8248
9031
8926
9051
9445
9208
8511
10484
8837
9706
9962
12820
13883
11557
10461
8902
9658
10638
13368
13317
15010
13969
12002
13264
12364
16006
15457
15118
14416
16920
15790
13147
15141
15970
17877
22922
25098
26608
25454
20843
20818
20880
20778
13903
14620
20220
20970
18730
16886
18280
25514
22742
16878
17498
15338
20076
21838
22689
22012
20450
24557
26330
20053
23524
22250
26002
28234
23724
24436
20250
18823
22565
20157
20616
18614
17574
14779
18749
15579
14974
15722
14941
14628
13026
15225
16314
15533
13541
13072
13128
14253
15817
15496
16053
13577
15415
15744
13556
15854
18991
16870
15656
16601
15852
14831
15372
13357
16407
17609
19326
27754
24454
28648
31674
26842
31832
35894
34258
36722
39176
31930
28322
25885
27338
23732
22951
19960
17410
18662
21438
20187
16482
15831
15581
14024
12159
11100
11860
11182
10228
7976
6651
7007
7385
6936
6694
6646
5900
5591
5558
5719
5339
5014
5494
6053
5274
5098
4985
4992
4780
4758
4526
4226
4434
4500
4737
4843
4680
4661
4493
4564
4408
4445
4587
4842
4772
4554
4285
4048
4311
4266
4401
4490
4245
4458
4324
4323
4335
4246
4165
4207
4104
3910
3925
4314
4190
4260
4224
4203
4170
3934
4021
4078
4052
4152
4025
4011
3848
3781
3979
3915
3931
3859
3969
3870
3617
3730
3646
3810
3737
3816
3685
3745
3711
3918
3546
3430
3482
3598
3717
3562
3574
3779
4082
3967
3733
3907
4158
3945
3645
3733
3816
3725
3780
3937
3666
3603
3524
3690
3596
3621
3745
3725
3733
3552
3485
3615
3836
3967
3874
3896
3872
3900
3861
3864
3653
3273
3645
3658
3666
3703
3896
3771
3737
3667
3610
3689
3672
3661
3760
3794
3517
3342
3278
3099
3334
3476
3430
3584
3404
3484
3345
3344
3567
3580
3809
3675
3702
3536
3859
3773
3694
3623
3362
3272
3298
3547
3524
3520
3413
3390
3247
3342
3291
3542
3267
3377
3489
3660
3776
3486
3432
3327
3235
3382
3343
3409
3564
3732
3478
3316
3420
3426
3454
3390
3383
3517
3817
3688
3780
3577
3463
3286
3383
3447
3445
3607
3382
3392
3480
3461
3804
3782
3498
3550
3701
3584
3485
3476
3658
3785
3812
3534
3393
3398
3636
3752
3654
3555
3597
3716
3493
3291
3242
3281
3407
3546
3503
3589
3551
3368
3238
3478
3585
3795
3639
3494
3342
3276
3252
3324
3230
3335
3304
3241
3455
3579
3487
3430
3403
3407
3491
3728
3650
3527
3638
3811
3401
3290
3330
3554
3622
3412
3475
3517
3564
3440
3403
3238
3270
3340
3354
3558
3683
3634
3263
3000
3270
3336
3419
3380
3184
3348
3264
3440
3488
3355
3361
3445
3607
3437
3253
3475
3584
3498
3260
3268
3237
3292
3404
3321
3159
3045
3134
3053
3194
3316
3370
3430
3528
3564
3411
3176
3119
3150
3289
2982
3367
3381
3449
3241
3436
3452
3180
3065
3331
3532
3547
3422
3350
3339
3254
3056
3219
3251
3423
3355
3329
3503
3387
3307
3298
3637
3623
3528
3418
3377
3402
3329
3033
3141
3138
3053
2942
3179
3220
3075
3084
3001
3096
3218
3006
3218
3221
3297
3042
2979
3039
3102
3055
3221
3187
3226
3353
2958
3031
3123
3289
3277
3075
3111
3210
3143
3265
3303
3293
3188
3163
3057
2874
2814
2908
3078
3077
3445
3386
3353
3004
2935
2844
2928
2967
2965
2937
3029
3339
3124
3103
2919
2828
2989
3196
3278
3167
3195
3349
3559
3504
3145
3114
3277
3141
3108
3024
3291
3182
3189
2902
3119
2989
2968
3239
3284
3411
3358
3312
3490
3171
3208
3047
3082
2997
3031
3188
3181
2985
3350
3335
3262
3340
3527
3357
2920
2861
2952
3005
3001
3084
3290
3407
3376
3395
3332
3034
3065
3281
3154
2928
3144
3426
3458
3515
3353
3083
3026
2970
3029
3012
2861
2958
3150
3184
3270
3119
3194
3451
3439
3472
3110
3209
3475
3486
3235
3227
3159
3360
3376
3479
3292
3078
3002
3261
3202
3220
3169
3129
3082
2825
2945
3020
2934
2970
3107
3079
3055
3069
3193
3073
3371
3540
3486
3182
3262
3296
3018
2939
2957
3103
3294
3341
3039
3102
3260
3381
3525
3439
2908
2817
3176
3123
3000
3066
3080
3269
3115
3367
3179
3175
3030
3032
3077
3246
3277
3186
3144
3256
3328
3290
3338
3427
3304
3191
3206
3087
3239
3279
3268
3250
3246
3186
3203
3034
3023
3222
3050
3055
3134
2993
2876
2936
3016
3053
3605
3533
3461
3091
3167
3164
3161
3217
3253
3305
2922
2910
2921
3114
3167
3336
3211
3253
2953
3005
2957
2912
2705
2927
3100
3191
3011
3024
2962
2936
3272
3201
3049
2958
2985
2857
3102
3284
3335
3145
3092
3131
3438
3276
3177
2969
3101
3158
3115
3187
3222
3069
2950
3244
3268
3188
3103
3263
3469
3355
3131
3022
3062
3136
3193
3372
3238
3116
3085
3000
3179
3359
3464
3364
2960
3041
3055
3108
2919
2877
3148
3109
2977
2867
3027
3005
3042
3153
3086
3050
3174
3238
3265
3258
3117
3027
3072
3158
3306
3143
3149
3080
3146
3157
3108
3122
3059
3206
3126
3022
2958
3200
2989
3111
2938
2897
3027
2901
2812
2812
2914
2822
2809
2893
3092
3077
3011
2958
2855
3129
3114
3160
3310
3324
3308
3194
2803
2923
2926
2992
2941
3140
3106
2992
2938
2964
2905
3034
3129
3111
3146
3060
3128
3189
3024
3062
2895
2957
2782
3069
3126
2950
2880
2984
3113
3285
3161
3027
2978
2935
3111
3191
3260
3158
3247
3225
3011
3011
2971
3234
3291
3213
2990
3142
3105
3289
3119
3024
2941
2982
3158
3071
3104
3154
3205
3371
3497
3145
2985
2765
2956
2833
2898
2988
3219
3230
3158
2988
3027
3071
3130
3304
3214
3205
3211
3234
3108
3358
3367
3194
3202
3025
2935
2844
2935
3072
2889
2954
2849
2997
3048
3010
3185
3183
3110
3339
3312
3218
2964
3170
3224
3061
2953
3028
3058
3127
2822
2732
2914
3241
3348
2962
2983
2936
2923
2903
2954
3164
3048
2989
3071
2971
2989
3107
3190
3143
3177
3032
2727
2795
2902
3059
3090
3127
3037
3122
2950
3037
3231
3215
3204
3138
2954
2877
2900
3150
3277
3345
3316
3064
2887
2902
2903
2982
3089
3044
3189
3093
3218
3125
3120
3037
2963
2906
3051
2910
2779
2850
2801
2929
2969
2910
2663
2613
2716
2861
3126
3028
2979
2713
2887
2971
3135
2934
2978
2975
3260
3158
3072
3018
3274
3551
3557
3297
2828
2731
2820
2962
2885
2948
2807
2712
2834
2725
2857
2900
3109
3021
2705
2920
3030
3258
3296
3277
3301
3051
2778
2853
3078
3091
2962
2915
3033
3293
3298
3234
3252
3157
3004
3005
3035
3120
3144
3221
3282
3311
2925
2986
2908
2779
2906
2922
2830
3046
3027
2810
2788
2774
2609
2644
2887
2917
2868
2905
2809
3021
2874
3027
2945
2867
3017
3124
3112
2996
3011
3273
3394
3046
2832
2612
2563
2513
2797
3040
3007
3103
2965
3018
3011
3085
2902
2893
2776
2777
2743
2867
2809
2756
3047
3044
3076
3071
2865
2760
2980
3149
3167
3255
3001
2894
3111
3196
3120
2927
3083
3020
3283
2998
3007
3289
3234
3307
3632
3605
3251
3259
3078
3242
2985
2884
2874
2881
2985
3080
3116
3135
3114
3015
3024
2967
2813
2898
3020
2889
2811
2862
2700
2661
2932
3034
2929
2806
2874
2917
2982
2941
2975
2859
2862
2853
2922
2866
2756
2792
2746
2876
2973
3053
2991
2909
2793
2955
2894
2951
2962
2982
2912
3026
3020
2904
3053
3013
2915
2859
3004
2948
3085
3078
2783
2983
2938
3069
3254
3014
2912
2858
2841
2831
2659
2925
3005
2906
2833
2673
2813
2995
3035
2980
3037
2855
2733
2648
2692
2807
3106
3244
3092
2942
2892
2781
2784
2698
2989
3164
3218
3218
3048
2986
2829
2574
2859
2877
2975
2902
2613
2607
2681
2657
2772
3000
3082
3052
2766
2932
2880
2910
2916
2738
2846
2789
2812
