1452
1479
1643
1521
1472
1467
1435
1501
1611
1534
1499
1456
1555
1481
1480
1463
1475
1509
1509
1443
1589
1531
1397
1497
1444
1575
1571
1525
1448
1452
1396
1482
1489
1431
1538
1604
1434
1487
1575
1490
1517
1488
1560
1458
1480
1485
1578
1395
1538
1463
1396
1472
1480
1428
1556
1500
1533
1583
1543
1489
1501
1440
1497
1498
1455
1442
1507
1480
1569
1592
1437
1591
1421
1481
1440
1537
1486
1530
1513
1458
1406
1466
1554
1494
1416
1511
1453
1518
1462
1475
1598
1469
1441
1517
1408
1491
1525
1456
1536
1491
1401
1517
1533
1410
1501
1483
1478
1491
1541
1490
1420
1526
1497
1450
1467
1657
1493
1408
1530
1453
1433
1480
1487
1512
1464
1370
1571
1464
1518
1453
1503
1456
1528
1522
1436
1486
1489
1542
1528
1439
1434
1555
1575
1508
1519
1457
1466
1437
1508
1542
1408
1453
1462
1482
1448
1471
1513
1420
1486
1466
1483
1480
1464
1521
1489
1489
1442
1502
1427
1604
1507
1472
1426
1531
1429
1463
1473
1399
1462
1494
1550
1477
1531
1479
1333
1577
1413
1474
1497
1476
1545
1537
1501
1522
1530
1528
1483
1404
1497
1451
1422
1384
1481
1412
1425
1466
1446
1534
1525
1458
1449
1541
1617
1461
1469
1536
1506
1489
1493
1456
1481
1501
1539
1517
1515
1435
1501
1485
1559
1513
1594
1516
1513
1514
1447
1541
1441
1421
1517
1586
1590
1527
1472
1481
1419
1469
1439
1419
1443
1496
1487
1507
1478
1525
1479
1448
1463
1492
1499
1511
1487
1507
1424
1385
1426
1521
1498
1505
1502
1429
1566
1556
1544
1454
1499
1513
1461
1475
1541
1403
1536
1463
1513
1477
1436
1582
1419
1608
1462
1458
1512
1538
1452
1464
1499
1466
1511
1469
1427
1428
1469
1511
1481
1627
1530
1452
1541
1375
1480
1440
1502
1486
1487
1510
1456
1459
1533
1528
1549
1366
1578
1521
1470
1551
1549
1493
1428
1420
1493
1453
1510
1470
1494
1452
1564
1578
1495
1499
1480
1441
1474
1535
1523
1492
1468
1515
1442
1598
1562
1430
1474
1587
1438
1462
1539
1499
1475
1430
1519
1478
1461
1467
1511
1393
1461
1494
1586
1536
1414
1460
1431
1415
1522
1460
1420
1514
1465
1354
1455
1405
1450
1443
1517
1478
1423
1562
1484
1557
1475
1466
1453
1488
1579
1471
1530
1555
1531
1512
1475
1479
1467
1483
1604
1491
1417
1460
1430
1494
1485
1505
1491
1553
1490
1382
1472
1457
1478
1483
1521
1516
1534
1368
1373
1502
1460
1403
1457
1460
1517
1355
1515
1568
1526
1488
1529
1531
1533
1563
1479
1374
1606
1519
1517
1437
1516
1425
1493
1471
1436
1538
1442
1436
1514
1558
1558
1566
1519
1590
1574
1535
1590
1491
1490
1470
1462
1526
1516
1460
1525
1485
1501
1456
1543
1483
1489
1521
1520
1555
1598
1529
1556
1517
1492
1512
1568
1545
1478
1502
1510
1430
1534
1661
1475
1559
1475
1453
1527
1506
1635
1476
1476
1542
1608
1518
1482
1541
1531
1540
1481
1531
1589
1655
1573
1504
1506
1557
1537
1497
1554
1558
1549
1463
1438
1485
1606
1557
1482
1507
1492
1586
1465
1507
1542
1487
1483
1540
1526
1471
1477
1491
1479
1518
1522
1537
1444
1584
1553
1528
1646
1503
1494
1499
1626
1565
1536
1495
1507
1539
1366
1461
1499
1530
1385
1549
1530
1480
1503
1457
1509
1624
1549
1562
1552
1422
1563
1492
1434
1527
1541
1585
1424
1455
1465
1438
1607
1498
1587
1407
1529
1514
1443
1637
1491
1549
1451
1619
1466
1537
1549
1552
1588
1475
1615
1496
1604
1540
1454
1438
1562
1509
1618
1536
1516
1487
1623
1559
1524
1497
1430
1615
1539
1558
1614
1567
1549
1554
1544
1512
1537
1568
1500
1485
1574
1455
1412
1481
1608
1476
1576
1559
1471
1453
1482
1544
1541
1439
1540
1483
1621
1539
1640
1568
1523
1573
1430
1538
1486
1647
1518
1499
1491
1516
1628
1555
1606
1524
1462
1468
1523
1519
1458
1523
1576
1470
1688
1495
1543
1598
1511
1542
1480
1504
1540
1467
1435
1546
1533
1561
1532
1527
1601
1546
1617
1539
1564
1546
1566
1480
1584
1536
1503
1572
1548
1499
1552
1640
1588
1568
1607
1544
1519
1545
1548
1529
1540
1542
1462
1531
1560
1614
1590
1488
1575
1547
1536
1646
1615
1588
1524
1527
1620
1480
1665
1517
1541
1506
1554
1519
1586
1640
1593
1548
1579
1539
1604
1634
1511
1529
1551
1581
1554
1543
1542
1586
1490
1491
1625
1401
1541
1461
1611
1632
1503
1543
1555
1639
1591
1616
1568
1478
1552
1470
1600
1543
1554
1518
1541
1569
1581
1593
1606
1587
1574
1614
1543
1573
1525
1556
1536
1511
1493
1401
1623
1586
1543
1550
1549
1505
1617
1509
1641
1653
1641
1567
1661
1635
1559
1565
1470
1589
1539
1597
1535
1538
1570
1626
1574
1592
1623
1621
1638
1521
1616
1519
1602
1562
1514
1597
1561
1612
1497
1560
1485
1595
1530
1530
1564
1632
1565
1573
1526
1652
1584
1543
1491
1603
1500
1578
1554
1506
1479
1565
1550
1605
1575
1663
1604
1620
1626
1611
1587
1547
1554
1609
1620
1505
1574
1536
1654
1550
1530
1583
1537
1625
1537
1625
1594
1536
1486
1618
1579
1610
1503
1576
1620
1665
1580
1621
1647
1531
1528
1446
1624
1589
1551
1559
1657
1580
1594
1511
1564
1594
1636
1608
1518
1576
1574
1572
1529
1413
1568
1520
1569
1589
1461
1468
1541
1563
1600
1554
1576
1634
1588
1540
1611
1618
1567
1518
1577
1538
1593
1542
1630
1641
1582
1564
1597
1520
1555
1554
1619
1580
1616
1438
1605
1625
1530
1617
1711
1541
1518
1384
1548
1534
1587
1590
1565
1596
1509
1590
1517
1463
1592
1570
1620
1639
1588
1520
1537
1523
1563
1478
1530
1605
1619
1612
1632
1530
1616
1572
1592
1562
1431
1556
1600
1537
1508
1529
1518
1554
1608
1661
1553
1610
1503
1566
1514
1680
1698
1612
1658
1512
1551
1669
1566
1463
1488
1550
1603
1476
1585
1500
1627
1590
1599
1517
1597
1620
1708
1517
1515
1686
1566
1539
1652
1576
1473
1526
1509
1547
1583
1562
1621
1516
1655
1514
1595
1588
1632
1515
1626
1606
1619
1509
1569
1517
1646
1558
1535
1597
1520
1602
1554
1555
1640
1552
1517
1546
1668
1513
1619
1654
1611
1612
1617
1633
1625
1525
1504
1524
1576
1576
1675
1625
1682
1507
1495
1611
1740
1546
1721
1588
1499
1590
1460
1594
1549
1566
1753
1583
1680
1570
1605
1624
1550
1649
1639
1622
1630
1572
1544
1513
1621
1574
1666
1610
1600
1570
1585
1609
1594
1605
1662
1622
1656
1562
1646
1634
1613
1677
1519
1688
1638
1628
1520
1571
1606
1658
1572
1663
1620
1633
1634
1601
1675
1563
1672
1640
1626
1582
1657
1641
1564
1634
1593
1602
1602
1549
1761
1559
1613
1633
1697
1742
1679
1659
1757
1604
1771
1741
1707
1628
1686
1680
1740
1678
1688
1687
1729
1751
1703
1764
1725
1740
1859
1776
1879
1739
1801
1832
1878
1746
1746
1770
1792
1713
1843
1836
1896
1614
1807
1941
1851
1847
1877
1873
1850
1865
1800
1840
1871
1783
1778
1836
1845
1792
1756
1764
1794
1892
1875
1815
1935
1920
2037
2040
1944
1982
2007
1980
2011
1897
1928
1951
1961
1860
1867
1809
1877
1915
2044
1941
1928
1941
1942
2071
2127
1997
2056
2056
2109
2104
2042
1894
2012
1878
1937
2026
2019
2099
2137
2139
2184
2106
2088
2042
2148
2047
2143
2150
2187
2170
2074
2168
2190
2084
2132
2029
2051
1972
2036
2012
2092
2210
2132
2187
2235
2170
2301
2189
2106
2121
2233
2244
2154
2262
2361
2350
2246
2297
2241
2245
2252
2421
2233
2338
2241
2286
2347
2210
2377
2349
2422
2396
2300
2431
2332
2332
2497
2436
2442
2583
2301
2265
2437
2330
2374
2308
2357
2249
2200
2322
2297
2365
2458
2389
2434
2462
2563
2598
2635
2654
2759
2475
2461
2462
2564
2525
2377
2282
2459
2513
2503
2577
2392
2409
2442
2500
2613
2540
2764
2600
2653
2604
2558
2508
2565
2427
2615
2653
2582
2565
2344
2470
2462
2411
2590
2592
2647
2622
2655
2569
2450
2333
2477
2580
2567
2577
2646
2706
2878
2862
2746
2662
2839
2906
2854
2928
3136
2922
2819
2590
2556
2652
2695
2628
2700
2801
2752
2799
2740
2741
2823
2740
2769
2694
2583
2791
2866
2924
3030
2909
2696
2838
2964
2925
2746
2817
2893
2954
2902
2654
2552
2754
2789
2612
2747
2759
2840
2703
2709
2776
2943
2794
2694
2663
2786
2918
2929
3105
2964
2945
2968
2844
2855
2561
2824
2665
2793
2793
2963
3092
3259
2928
2954
2825
2964
3018
2930
2805
2812
2797
3123
3035
2961
3006
2768
2745
2945
2932
2925
2967
3211
3273
3246
3110
3024
3055
2979
2875
2706
2983
3140
2960
2871
2770
3096
3065
2926
3029
3082
3147
3238
3020
3170
3185
3024
3027
2888
3290
3339
3171
3089
3346
3513
3557
3414
3038
2845
2732
2875
3146
3162
3055
2933
2982
2835
2739
3009
3081
3169
3342
3175
3021
3138
3367
2988
2840
2855
3201
3252
3194
3043
3324
3531
3328
3256
3281
3312
3211
3130
3077
3382
2983
2868
2924
2999
2974
2776
3007
2956
2915
2919
2927
3030
3098
3168
3280
3186
3324
3211
3429
3268
3106
3085
3017
3034
3179
3351
3396
3234
3180
2856
2710
2895
3095
3116
3033
2925
2884
2838
3130
3491
3473
3037
3034
3020
2903
3101
2918
3083
2993
3123
2987
3037
3016
2948
3004
3019
3353
3689
3707
3813
3861
3669
3331
3247
3355
3590
3346
3257
3160
3284
3209
2936
3046
2969
3016
3447
3015
2793
2892
3274
3411
3150
2820
2886
3141
3602
3414
3133
3281
3283
3381
3077
2955
3184
3253
2988
3016
2943
3110
3290
3114
2885
3078
3502
3434
3268
3250
3326
3249
3381
3358
3195
3208
3329
3209
3090
3018
3220
3180
3260
2999
3258
3462
3374
3071
3084
2774
2925
2894
3111
3031
2969
2891
3007
3345
3298
3214
3243
3155
2896
3149
3211
3317
3238
3366
3287
3066
3105
3263
3548
3310
3099
2765
3027
3040
3071
2966
3255
3428
3295
3109
3136
3356
3319
3186
3085
3212
3424
3524
3445
3350
3226
3251
3480
3421
3142
3274
3653
3568
3473
3104
3143
3080
3167
3372
3392
3371
3443
3151
3140
2878
2979
2920
3321
3305
3300
3335
3206
3027
3161
3323
3370
3211
3178
2894
3080
3444
3477
3321
3425
3200
3259
3413
3390
3236
3456
3047
3108
3127
3193
3330
3234
2976
2851
3000
3221
3336
3428
3555
3538
3343
3318
3345
3400
3300
3324
3215
3434
3444
3507
3247
3366
3501
3756
3457
3280
2929
3270
3437
3266
3142
3412
3666
3698
3430
3243
3166
3122
3083
3215
2997
2893
3028
3244
3347
3347
3560
3414
3317
3306
3531
3543
3252
3297
3594
3473
3421
3470
3434
3386
3347
3269
3013
3090
3272
3176
3290
3526
3623
3402
3230
3269
3509
3165
3271
3171
3121
3043
3120
3266
3504
3390
3452
3386
3546
3303
3192
3211
3076
3105
3266
3363
3335
3438
3285
3173
3095
3096
3246
3191
3012
3029
3059
3123
3085
3160
3035
2904
3129
3289
3348
3320
3417
3389
3219
3309
3524
3147
3143
3127
3136
3325
3048
3009
3084
3182
3173
2951
3399
3440
3436
3310
3172
3114
3145
3105
3069
3090
3309
3107
3389
3256
3096
3123
3129
3221
3166
3193
3270
3265
3429
3836
3723
3316
3061
3108
3077
3168
3211
3341
3205
3370
3109
3043
3018
3153
3172
3170
3105
3097
3419
3126
3105
3179
3006
3138
3249
3394
3358
3222
3484
3538
3467
3532
3576
3470
3183
3117
3248
3195
3251
3463
3616
3607
3468
3216
3095
3386
3363
3434
3370
3396
3305
3415
3305
3396
3269
3275
3260
3394
3364
3334
3534
3580
3439
3283
3255
3357
3333
3297
3543
3418
3155
3225
3309
3260
3348
3200
3064
3131
3130
3011
3155
3255
3268
3215
3407
3481
3296
3404
3129
3137
3249
3351
3327
3276
3178
3060
2923
3083
3574
3421
3096
2973
3127
3365
3342
3284
3316
3490
3311
3320
3416
3406
3371
3307
3402
3581
3412
3394
3313
3308
3049
3229
3039
3192
3449
3657
3801
3473
3472
3543
3283
3224
3176
3440
3385
3378
3432
3088
3067
3058
3046
3088
3236
3418
3409
3154
3061
2973
2989
3190
3383
3333
3356
3392
3457
3509
3205
3400
3636
3538
3578
3463
3371
3203
3146
3296
3463
3374
3213
3089
3223
3460
3396
3266
3333
3447
3663
3389
3269
3242
3316
3509
3470
3356
3130
3189
3372
3665
3482
3275
3345
3390
3484
3521
3511
3555
3495
3111
3058
3282
3328
3332
3316
3280
3133
3133
3405
3562
3591
3525
3594
3528
3319
3390
3566
3738
3708
3663
3576
3728
3594
3756
3744
3759
3480
3218
3155
3415
3581
3628
3510
3656
3590
3568
3618
3882
3803
3522
3457
3342
3527
3531
3492
3492
3356
3466
3616
3570
3580
3500
3443
3771
3856
3707
3676
3662
3676
3541
3532
3598
3518
3666
3612
3709
3671
3803
3627
3527
3308
3392
3390
3970
3967
3814
3468
3382
3647
3694
3635
3602
3709
3764
3775
3593
3574
3515
3465
3652
3551
3626
3870
3815
3663
3575
3678
3867
4030
3960
3632
3928
3988
3582
3646
3686
3869
3931
3759
3738
3827
3904
3804
4009
3921
4029
4224
4219
4188
3885
3651
3851
4136
4102
4173
3929
3996
4115
3904
4068
3809
3871
3924
4092
4482
4702
4453
4360
4191
4095
4084
4381
4289
4589
4388
4284
4474
4384
4180
4288
4457
4464
4546
4646
4698
4422
4418
4442
4583
4630
4597
4558
4528
4456
4732
4807
4779
4954
4866
5053
5237
5373
5354
5395
5357
5089
5131
5584
5267
5265
5639
5416
5244
5339
5945
5727
5841
5702
5734
6313
6203
6472
6759
7643
6797
7081
6458
6610
7064
6928
7088
6826
8244
7867
7605
7898
7238
7822
7874
8559
9389
8680
10052
10909
9327
10696
8785
9825
11941
10394
9844
9776
8859
10682
11384
12441
13058
11777
11216
14828
15604
14120
14314
15326
13371
14547
12084
12353
10304
11789
17388
18236
16724
16260
15028
16745
21408
19219
16452
16950
17145
18895
17594
21129
20726
23364
23712
23656
19945
21158
21600
24239
24521
18534
21498
25666
31173
25948
23177
24852
25412
20523
20637
21389
24948
24742
19802
22272
22008
31077
31157
26904
22109
20978
20086
24396
24555
27019
28365
25238
19577
22970
33220
26246
22998
30210
22660
16270
17628
14349
16740
17761
19500
16584
19498
19159
18527
15490
18639
19222
17041
17787
21791
20447
21263
21430
17639
19098
24141
23076
20838
22011
23357
23784
21243
21834
24668
23901
23229
22840
22357
26302
27012
24092
22146
26141
28022
22888
24625
31258
28306
25616
23094
29773
31022
25556
20321
22060
21019
19786
18472
15045
16329
17425
16318
15920
16239
12557
12442
10342
10239
10733
8686
8460
8520
8023
7508
7380
7298
7753
6857
6760
6707
6249
5638
5981
5816
5726
5480
5082
5448
5391
5626
5482
5142
4801
4709
5274
5114
5419
5477
5149
5286
5094
4802
4687
4852
4741
4400
4782
4687
4475
4695
4623
4986
4720
4620
4832
4922
4964
4530
4548
4602
4623
4746
4677
4393
3984
4320
4453
4307
4434
4090
4090
3995
4291
4386
4323
4017
4059
3905
4167
4104
4180
3942
4000
4305
4143
3895
3836
3997
4186
4096
3854
3842
4007
3907
3650
3686
3657
3638
3564
3704
3896
3824
3894
3892
3883
4067
4029
3799
3686
3543
3623
3588
3648
3584
3603
3445
3436
3546
3538
3684
3556
3538
3619
3824
3748
3518
3798
3813
4133
3778
3552
3453
3628
3685
3474
3412
3549
3493
3564
3610
3562
3890
3918
3915
3953
3811
3735
3786
3764
3652
3565
3660
3506
3563
3549
3564
3694
3691
3679
3642
3418
3389
3417
3653
3837
3783
3759
3776
3979
3885
3636
3556
3597
3369
3373
3128
3164
3049
3247
3547
3827
3640
3422
3278
3319
3584
3606
3717
3671
3488
3524
3202
3089
3243
3412
3511
3480
3667
3568
3571
3435
3548
3488
3554
3625
3539
3156
3210
3359
3712
3682
3538
3414
3510
3423
3638
3721
3898
3565
3499
3291
3284
3149
3277
3481
3486
3412
3153
3209
3376
3657
3705
3712
3600
3551
3539
3556
3805
3528
3212
3207
3412
3518
3685
3739
3457
3285
3294
3067
3209
3396
3550
3657
3449
3384
3525
3372
3389
3163
3303
3508
3684
3711
3687
3328
3307
3257
3253
3511
3535
3501
3519
3304
3250
3078
3382
3323
3147
3206
3221
3023
2993
3102
3262
3259
3196
3239
3470
3520
3314
3175
3135
3249
3256
3270
3418
3232
3288
3193
3070
3101
3255
3299
3118
3223
3374
3336
3177
3078
3177
3460
3642
3283
3403
3385
3465
3276
3036
3139
3037
3175
3266
3375
3524
3384
3486
3429
3068
3006
3200
3315
3365
3317
3066
3147
3348
3335
3253
3233
3233
3226
3320
3390
3447
3181
3264
3494
3352
3211
3156
3358
3361
3149
3123
3424
3258
3066
2952
3094
3457
3400
3528
3382
3356
3124
3214
3244
3364
3289
3215
3089
3079
3306
3323
3313
3094
3209
3206
3028
2955
2863
2956
2988
3111
3211
3264
3175
3097
2904
3091
3155
3110
3247
3250
3139
3136
3337
3334
3141
3168
3255
3270
3309
3148
3001
3121
3199
3238
3190
3307
3223
3319
3177
3340
3452
3571
3273
3254
3145
3507
3435
3258
3406
3326
3214
3113
2949
3010
2900
3075
3181
3340
3250
2993
2970
3177
3325
3265
3264
3229
3180
3081
3185
3457
3435
3222
3186
3142
3005
2909
3189
3109
2894
2904
2883
3013
2969
2965
3158
3130
3234
3382
3620
3534
3476
3245
3005
3249
3054
3205
3462
3463
3412
3066
3268
3272
3354
3172
3292
3255
3311
3218
3254
3106
3148
3232
3208
3203
3209
3347
3123
3010
3071
3027
3139
3218
3097
3234
2944
2866
3011
3126
3030
3005
3116
3224
3322
3132
3030
3011
3069
3110
3136
3165
3254
3512
3444
3197
2976
3201
3052
3123
3044
3135
3087
3178
3143
2898
2907
2923
3118
3291
3085
3297
3299
3328
3192
3049
3082
3242
3133
3251
3236
3168
3099
3058
3104
3085
3156
2979
2953
3167
2976
3091
3250
3245
3171
3409
3295
3303
3151
3168
3049
3204
3149
3050
3092
3193
3015
2891
2980
3156
3020
3064
3048
3021
3139
3153
3365
3275
3214
3077
2925
3168
3202
3252
3213
2970
2914
2952
2988
2848
2907
2916
2900
3189
3295
3270
3256
3413
3345
3196
3095
2943
2911
2928
2984
2902
3057
3095
3298
3046
3137
3120
3249
3215
3272
3218
3191
3325
3390
3269
3149
3379
3288
3273
3138
3425
3426
3574
3745
3410
3077
2841
3080
3130
2923
2880
2884
2948
2975
3110
3034
3083
3186
3178
3104
2952
2905
2841
2921
2892
2873
2869
2865
2999
2759
2811
2870
3052
3351
3374
3195
3189
3027
2994
2984
3080
3142
3060
2948
3133
3135
3158
3181
3048
3107
2990
3191
3099
3027
2966
3102
3340
3473
3180
3071
2939
3023
3039
3128
3233
3316
3195
3114
3121
3371
3310
3273
3186
3138
2979
3101
2948
2877
3021
3122
3221
3139
3023
3047
3093
3248
3349
3454
3218
3261
3171
3098
3062
3024
2844
2878
2993
2926
3143
3241
3213
3315
3166
3184
3110
2968
2814
2706
2779
3086
3243
3107
3063
3109
3221
3102
3067
3083
2985
3226
3188
2916
2953
2870
2760
2945
3024
2846
2761
2909
2848
2923
3124
3047
2855
2859
3185
2986
3062
3069
3057
2886
2966
2916
2984
2979
2959
2958
2968
2978
3058
3022
3262
3409
3271
3183
3137
3132
3191
2999
2982
2948
3024
3232
3038
3023
2941
2879
3039
2923
3106
3059
3131
3272
2986
2975
2863
2836
2794
2779
2871
3058
2917
2812
3028
2994
3031
2884
3079
2913
2832
2910
3042
2992
3129
3108
2967
3043
3018
3124
3169
3242
3492
3311
2925
3082
3094
3015
2953
2906
2931
2865
2904
2904
3021
2957
2928
3111
3017
3318
3148
2863
3000
3039
3161
3143
3143
3104
3107
3059
2955
2989
2976
3151
2956
3144
3125
3006
3084
3055
3233
3081
2909
2881
2829
2995
3202
3179
3273
3119
3131
2713
2778
2954
3041
3159
3372
3453
3405
3221
3254
3404
3473
3337
3116
2823
2886
3080
3013
3011
3147
3235
3428
3193
3193
3016
2994
2844
3062
3339
3299
3201
3238
3147
2940
2804
2911
2961
3074
2875
2902
3020
2936
2925
2900
2822
2891
2996
2946
2961
2821
2876
2911
2977
3112
2993
2907
2951
2960
3056
2846
2959
3028
2971
3034
3322
3196
3281
3078
2923
3296
3470
3406
3136
2984
2963
3162
3188
3344
3047
3236
3218
3065
2798
2841
3064
3041
2994
3074
3058
2874
2939
3034
2984
3219
2992
2879
2867
2764
2698
2900
3190
3115
3205
3331
3123
2715
2757
2846
2822
3162
3177
3274
3170
3032
3076
3129
3108
2984
2984
3234
3202
2905
3001
2927
2818
2792
3002
3162
3090
2980
3023
2873
3059
3144
3096
3290
3226
3201
3046
2958
2929
3071
2920
2887
3119
3163
3064
3137
2943
2792
2661
2898
2970
2961
2829
2840
2953
2788
2921
3087
3118
3172
2978
2813
2951
2987
3001
2839
2797
2825
2912
3069
2850
2846
2933
3015
2961
2936
2975
2905
2992
2966
2962
2882
2873
2855
2772
2866
2703
2999
2968
2818
2785
2754
2687
2798
2782
2550
2598
2743
2779
2887
3009
2823
2987
2872
2902
2904
3060
2804
3012
2918
2982
2921
3048
2937
3190
3069
3069
2929
2818
2976
2990
3123
3093
2895
3025
3276
3344
3040
2937
2869
2944
2923
2921
2760
2855
2950
3104
3106
3123
2875
2592
2667
2711
2850
2690
2897
2944
2876
3139
2935
2837
2706
2829
2848
2973
2864
2946
3003
2934
2920
3141
2991
2929
2794
2818
2796
2715
2712
2962
3049
3173
2935
2799
2955
2997
2985
2960
2820
2794
2695
2827
2884
2993
3048
2802
2739
2912
3094
3184
3065
3052
2934
2894
2956
3063
3133
2782
2734
2842
2993
2934
2962
