1468
1411
1452
1388
1472
1371
1370
1407
1390
1363
1407
1434
1427
1457
1386
1465
1524
1497
1479
1419
1453
1435
1374
1475
1396
1457
1333
1507
1546
1359
1389
1359
1464
1455
1379
1353
1450
1560
1435
1493
1433
1589
1473
1496
1399
1422
1365
1445
1420
1393
1510
1388
1483
1474
1475
1439
1532
1569
1409
1416
1434
1369
1417
1443
1454
1401
1383
1435
1520
1399
1430
1457
1509
1503
1593
1480
1386
1492
1507
1417
1426
1477
1438
1469
1411
1426
1473
1371
1480
1461
1411
1404
1481
1430
1588
1360
1501
1552
1493
1473
1414
1443
1439
1408
1532
1443
1410
1403
1364
1353
1501
1514
1503
1487
1440
1410
1444
1325
1364
1408
1508
1464
1381
1289
1486
1410
1436
1389
1494
1424
1440
1398
1469
1484
1419
1439
1437
1457
1364
1483
1421
1383
1356
1467
1465
1528
1449
1441
1570
1402
1447
1356
1447
1418
1415
1342
1469
1396
1473
1373
1524
1537
1362
1451
1463
1456
1447
1369
1426
1440
1384
1412
1445
1500
1371
1378
1474
1550
1344
1490
1371
1457
1485
1433
1430
1444
1467
1421
1409
1444
1337
1444
1463
1504
1452
1469
1476
1518
1450
1405
1369
1426
1351
1489
1487
1406
1442
1489
1420
1375
1326
1295
1376
1412
1408
1479
1428
1311
1468
1376
1357
1478
1477
1529
1428
1476
1461
1434
1401
1423
1442
1457
1365
1434
1422
1434
1479
1388
1429
1440
1366
1363
1413
1491
1354
1448
1495
1412
1358
1339
1425
1416
1333
1381
1459
1388
1445
1387
1434
1435
1404
1515
1439
1410
1436
1314
1395
1483
1409
1483
1461
1457
1445
1509
1491
1390
1453
1434
1433
1510
1470
1421
1515
1325
1444
1416
1386
1492
1378
1413
1465
1361
1480
1431
1432
1430
1400
1400
1265
1467
1326
1437
1381
1454
1428
1348
1415
1504
1349
1383
1526
1448
1354
1523
1479
1403
1443
1458
1469
1504
1416
1491
1414
1392
1482
1456
1383
1391
1509
1421
1460
1429
1501
1436
1529
1415
1495
1405
1436
1448
1378
1426
1438
1461
1414
1477
1494
1400
1467
1441
1417
1482
1365
1500
1418
1412
1403
1451
1436
1412
1326
1312
1424
1420
1422
1350
1441
1544
1370
1461
1390
1306
1382
1461
1483
1524
1365
1466
1386
1444
1433
1417
1347
1488
1417
1332
1431
1469
1528
1442
1533
1496
1430
1603
1453
1368
1396
1574
1523
1411
1520
1314
1506
1413
1467
1355
1499
1395
1447
1501
1498
1390
1413
1422
1389
1459
1419
1466
1536
1466
1518
1516
1379
1595
1369
1436
1412
1491
1433
1380
1355
1339
1387
1428
1431
1360
1339
1457
1443
1438
1460
1445
1449
1416
1492
1414
1397
1377
1488
1384
1491
1306
1464
1443
1437
1367
1452
1398
1431
1374
1451
1480
1428
1421
1430
1495
1408
1423
1373
1448
1391
1439
1531
1531
1452
1414
1400
1448
1409
1387
1436
1409
1488
1405
1484
1414
1472
1501
1452
1421
1388
1487
1365
1345
1435
1325
1363
1472
1410
1403
1527
1401
1484
1451
1447
1470
1376
1475
1373
1482
1576
1423
1395
1433
1419
1359
1422
1534
1408
1486
1425
1513
1439
1420
1592
1451
1479
1417
1452
1442
1454
1478
1479
1487
1441
1510
1434
1400
1382
1516
1462
1461
1387
1441
1420
1385
1443
1410
1410
1543
1372
1369
1456
1434
1486
1426
1458
1414
1463
1403
1396
1585
1309
1384
1589
1453
1452
1413
1491
1427
1459
1434
1367
1455
1464
1500
1427
1344
1482
1428
1408
1470
1490
1316
1522
1388
1376
1423
1426
1459
1472
1521
1471
1413
1545
1344
1424
1426
1517
1519
1528
1445
1430
1408
1488
1485
1363
1411
1475
1442
1505
1488
1444
1530
1521
1408
1555
1487
1560
1405
1484
1463
1393
1449
1486
1421
1435
1513
1421
1519
1363
1470
1514
1487
1518
1397
1438
1533
1486
1370
1508
1464
1439
1464
1508
1422
1503
1418
1455
1581
1467
1430
1308
1455
1454
1475
1482
1529
1491
1518
1400
1407
1497
1393
1459
1584
1446
1466
1566
1492
1469
1494
1490
1486
1472
1518
1524
1476
1435
1479
1371
1421
1583
1447
1485
1421
1424
1479
1509
1398
1479
1502
1418
1439
1391
1484
1523
1440
1525
1394
1570
1469
1484
1440
1466
1498
1393
1508
1587
1433
1530
1457
1571
1416
1461
1497
1468
1527
1494
1410
1390
1550
1497
1429
1455
1383
1436
1487
1459
1388
1463
1376
1487
1454
1453
1493
1465
1500
1490
1462
1474
1366
1486
1478
1516
1488
1374
1560
1464
1432
1502
1515
1481
1544
1526
1543
1456
1427
1538
1529
1523
1531
1428
1514
1445
1447
1510
1517
1470
1454
1527
1451
1517
1453
1392
1515
1396
1341
1413
1428
1501
1410
1542
1353
1442
1557
1501
1497
1511
1450
1468
1537
1440
1440
1467
1449
1455
1441
1351
1385
1498
1322
1413
1339
1441
1399
1490
1517
1510
1494
1563
1417
1563
1481
1494
1512
1387
1487
1456
1430
1395
1491
1444
1446
1381
1477
1546
1500
1447
1632
1545
1511
1509
1507
1439
1491
1510
1439
1414
1570
1412
1380
1493
1417
1523
1527
1380
1444
1511
1526
1519
1529
1573
1494
1463
1392
1534
1457
1514
1422
1520
1536
1502
1468
1528
1446
1469
1468
1472
1437
1495
1502
1426
1475
1463
1580
1363
1458
1636
1435
1413
1484
1488
1421
1501
1468
1382
1405
1424
1480
1356
1418
1477
1455
1497
1421
1413
1485
1459
1622
1458
1485
1436
1472
1494
1365
1404
1466
1480
1449
1426
1414
1472
1482
1565
1586
1373
1422
1422
1426
1410
1343
1552
1421
1500
1500
1431
1460
1419
1458
1401
1518
1493
1489
1417
1466
1474
1417
1438
1345
1401
1482
1538
1418
1467
1540
1454
1421
1466
1450
1420
1537
1486
1467
1467
1486
1520
1508
1418
1484
1442
1492
1391
1495
1489
1451
1358
1426
1425
1436
1488
1461
1519
1401
1434
1513
1532
1467
1444
1507
1556
1395
1448
1431
1518
1374
1508
1525
1557
1437
1481
1474
1441
1533
1369
1450
1332
1414
1435
1483
1468
1450
1471
1426
1427
1475
1450
1579
1510
1505
1536
1450
1497
1542
1439
1504
1459
1526
1487
1430
1445
1517
1483
1552
1545
1430
1597
1448
1573
1449
1553
1508
1424
1554
1494
1572
1489
1461
1447
1503
1353
1489
1452
1426
1476
1418
1586
1530
1553
1582
1414
1508
1555
1506
1526
1501
1482
1473
1427
1527
1506
1389
1552
1544
1558
1524
1592
1507
1548
1582
1506
1505
1424
1417
1561
1417
1442
1506
1422
1385
1387
1397
1508
1520
1434
1623
1492
1583
1454
1513
1495
1430
1470
1570
1461
1377
1556
1418
1472
1522
1501
1482
1495
1609
1539
1458
1447
1529
1500
1553
1547
1485
1406
1506
1411
1472
1485
1498
1568
1512
1563
1395
1400
1460
1447
1514
1465
1387
1428
1518
1423
1592
1515
1517
1539
1528
1573
1529
1459
1457
1499
1536
1471
1539
1447
1490
1524
1474
1504
1499
1659
1546
1621
1522
1584
1576
1544
1475
1532
1479
1565
1530
1417
1515
1559
1546
1577
1625
1601
1629
1528
1557
1665
1489
1687
1471
1641
1467
1608
1507
1547
1596
1501
1616
1585
1503
1592
1578
1622
1639
1505
1603
1556
1604
1621
1571
1664
1591
1589
1602
1629
1553
1596
1562
1609
1679
1554
1646
1663
1662
1570
1566
1652
1668
1653
1659
1710
1621
1565
1647
1656
1594
1598
1549
1628
1561
1614
1767
1601
1701
1656
1668
1669
1701
1741
1693
1665
1728
1679
1744
1664
1563
1709
1783
1772
1822
1765
1616
1764
1736
1799
1732
1721
1764
1728
1783
1777
1777
1722
1770
1732
1701
1833
1744
1816
1773
1736
1784
1816
1773
1760
1680
1711
1843
1715
1731
1738
1691
1730
1726
1702
1735
1783
1913
1931
1760
1759
1798
1901
1815
1877
1935
1852
1894
1710
1734
1876
1769
1811
1875
1813
1873
1951
1928
2028
1869
1872
1849
1825
1767
1854
1826
1901
1742
1841
1785
1884
1837
1814
1870
1905
2055
1903
1838
1944
1879
1897
1828
1972
1862
1936
2008
1829
1829
1752
1870
1852
1882
1902
1864
2012
1941
1968
1950
1976
2065
1955
2000
1953
2086
2017
1926
2037
1951
2017
1972
1903
1896
1815
1960
1868
1885
2030
1980
2028
2050
2006
2106
2046
2020
1948
1914
1905
1924
2064
2002
2022
1902
1967
1993
2047
2047
2083
2090
2082
2023
2087
2088
2017
1857
1936
1988
1842
1955
1866
1930
2048
2123
2014
2009
1962
2094
1981
2007
2026
2087
2054
2082
2032
2092
1925
2037
1749
1816
1960
1999
2077
1981
2101
2071
2086
2148
2138
2100
2047
2091
2131
2134
2171
2142
2142
2135
2174
2145
1991
2102
2078
2079
2140
2069
2074
2064
2105
2084
2229
2084
2017
2052
2030
2089
2114
2153
2146
2102
2154
2111
2132
2134
2123
2159
2136
2167
2122
2297
2133
2084
2103
2043
2091
2220
2169
2080
2121
2128
2204
2186
2170
2180
2320
2232
2092
2113
2160
2205
2058
2094
2186
2134
1975
2208
2330
2248
2117
2300
2169
2091
2173
2234
2351
2212
2244
2182
2237
2250
2279
2220
2141
2177
2186
2114
2023
1976
2082
2173
2296
2250
2303
2468
2298
2360
2128
2254
2172
2116
2219
2264
2027
2085
2028
2192
2243
2176
2296
2086
2208
2130
2304
2112
2071
2230
2305
2444
2196
2191
2198
2126
2181
2265
2277
2201
2123
2061
2205
2142
2139
2236
2376
2317
2331
2211
2150
2152
2290
2217
2181
2239
2221
2241
2112
2071
2149
2195
2164
2230
2436
2349
2176
2320
2237
2306
2411
2226
2189
2190
2222
2094
2191
2366
2408
2183
2129
2295
2150
2385
2412
2285
2279
2263
2306
2145
2172
2040
2090
2166
2002
2092
2260
2258
2342
2428
2262
2153
2302
2428
2370
2292
2314
2171
2300
2138
2110
2272
2194
2179
2181
2222
2158
2215
2245
2282
2090
2198
2060
2181
2265
2238
2341
2387
2058
2260
2343
2293
2402
2484
2235
2166
2313
2218
2260
2348
2393
2259
2085
2162
2192
2309
2234
2132
2284
2311
2318
2444
2349
2294
2225
2147
2216
2197
2261
2309
2393
2396
2319
2170
2094
2111
2225
2278
2325
2183
2121
2278
2343
2480
2354
2264
2210
2231
2166
2350
2236
2148
2346
2374
2267
2107
2141
2145
2248
2348
2262
2177
2371
2350
2285
2262
2372
2497
2405
2278
2266
2288
2239
2251
2186
2070
2207
2239
2185
2243
2226
2081
2170
2104
2386
2207
2337
2385
2284
2229
2232
2262
2314
2224
2324
2248
2234
2155
2286
2052
2264
2193
2248
2281
2415
2289
2463
2349
2348
2164
2250
2310
2351
2322
2396
2330
2217
2348
2413
2367
2344
2352
2147
2128
2133
2151
2197
2260
2127
2209
2114
2378
2387
2405
2341
2137
2233
2134
2073
2091
2203
2143
2219
2200
2256
2324
2245
2350
2207
2288
2377
2311
2363
2248
2257
2304
2337
2222
2241
2234
2153
2237
2360
2405
2275
2109
2137
2236
2169
2237
2302
2206
2386
2323
2407
2225
2422
2373
2292
2282
2125
2272
2314
2404
2318
2365
2321
2304
2224
2356
2293
2276
2240
2406
2373
2202
2372
2219
2319
2242
2208
2228
2322
2223
2202
2198
2257
2165
2213
2236
2304
2372
2283
2286
2322
2202
2296
2410
2239
2255
2189
2255
2366
2376
2265
2216
2215
2238
2297
2339
2335
2159
2391
2290
2301
2236
2289
2185
2246
2370
2452
2308
2392
2329
2262
2251
2283
2221
2224
2268
2132
2425
2372
2283
2422
2374
2252
2373
2303
2251
2295
2338
2354
2487
2357
2395
2326
2311
2404
2206
2059
2200
2223
2207
2322
2311
2296
2405
2433
2253
2022
2230
2204
2106
2029
2138
2277
2289
2552
2571
2360
2225
2081
2352
2433
2327
2247
2267
2303
2288
2316
2298
2258
2222
2210
2329
2197
2446
2390
2199
2248
2106
2337
2338
2360
2263
2362
2274
2213
2352
2400
2340
2341
2227
2301
2335
2387
2236
2216
2356
2351
2225
2363
2214
2294
2372
2389
2209
2302
2330
2292
2164
2259
2338
2219
2304
2217
2329
2391
2509
2541
2305
2283
2349
2243
2246
2220
2411
2226
2150
2149
2069
2206
2473
2321
2404
2290
2385
2320
2301
2316
2198
2258
2304
2404
2254
2227
2253
2412
2445
2356
2198
2418
2446
2271
2287
2218
2214
2283
2315
2262
2357
2424
2382
2316
2308
2388
2348
2286
2231
2407
2456
2294
2284
2264
2249
2275
2408
2448
2431
2338
2245
2397
2090
2230
2323
2467
2290
2380
2495
2375
2219
2211
2232
2291
2235
2391
2438
2406
2315
2324
2384
2322
2280
2340
2304
2356
2404
2477
2516
2454
2387
2421
2333
2330
2304
2224
2220
2315
2276
2197
2364
2356
2303
2236
2280
2318
2360
2380
2351
2377
2421
2539
2288
2265
2351
2301
2388
2411
2486
2514
2321
2411
2395
2427
2324
2415
2317
2333
2351
2298
2447
2395
2352
2254
2309
2339
2467
2347
2378
2242
2408
2543
2377
2464
2478
2689
2595
2451
2458
2250
2271
2389
2385
2388
2351
2402
2351
2394
2330
2439
2398
2452
2374
2232
2373
2415
2415
2380
2322
2386
2330
2382
2403
2370
2372
2469
2482
2396
2395
2469
2287
2349
2517
2494
2357
2574
2686
2583
2554
2374
2511
2467
2437
2587
2616
2484
2413
2370
2446
2515
2436
2348
2499
2524
2617
2490
2473
2434
2362
2391
2526
2571
2562
2647
2390
2486
2552
2524
2570
2709
2681
2603
2486
2507
2513
2586
2521
2482
2423
2550
2452
2707
2594
2545
2493
2262
2470
2508
2491
2639
2646
2717
2622
2640
2622
2508
2477
2566
2643
2597
2572
2571
2559
2576
2519
2635
2670
2700
2590
2650
2761
2568
2663
2614
2698
2703
2640
2633
2800
2708
2653
2750
2945
2914
2939
2729
2664
2656
2814
2918
2811
3219
3053
3201
3224
3005
2926
3045
3122
2819
3126
3090
2924
2915
3165
3075
3326
3174
3071
3206
3382
3418
3387
3267
3036
3130
3344
3357
3430
3421
3512
3460
3288
3328
3504
3511
3505
3543
3579
3661
3651
3691
3672
3976
3916
3910
3961
3621
3467
3782
3960
4456
4381
4367
3999
4179
4689
4565
4643
5142
4523
4224
4986
5497
5914
6234
5430
5291
5338
5335
5207
4831
4784
4825
4791
5093
5263
5722
5778
6714
6419
6416
6916
7057
7570
8633
10410
8887
9266
14872
17729
15231
11735
12037
16507
19035
18429
14980
13368
13252
17327
17058
18738
18067
22364
21498
18202
16717
12120
13490
13137
12762
11485
10104
11982
7964
9626
9782
10280
10674
10293
11876
10518
13116
14723
14233
15028
11385
13466
11005
13219
12614
12591
10676
11821
11096
10387
12130
11832
11420
12672
11019
11585
11276
10090
10248
10496
8198
7936
8070
8208
8242
8110
7606
7692
8206
7543
8413
7659
7980
9028
8910
9042
7771
8341
8998
8832
7643
8774
10892
10456
12164
13100
10852
9633
11183
10249
10603
9706
10823
11669
18199
23866
23796
16161
13393
15334
19257
16093
9934
8146
10036
11687
10290
8012
8401
7486
7137
7127
6149
6286
6163
5235
5038
4682
4488
3993
3840
3575
3386
3320
3486
3477
3364
3145
3141
3056
3208
3071
2995
3040
3087
3337
2966
2808
3042
2996
2918
2966
3000
3034
2992
3086
2898
3022
3092
2938
2730
2852
2757
2823
3008
2858
2791
2836
2841
2909
2831
2691
2652
2735
2774
2838
2848
2944
2806
2745
2842
2825
2698
2928
2991
2820
2654
2637
2718
2573
2764
2753
2608
2472
2586
2536
2632
2608
2667
2733
2572
2497
2572
2618
2703
2554
2692
2608
2671
2718
2527
2570
2633
2550
2624
2436
2576
2605
2450
2547
2578
2553
2497
2552
2583
2526
2594
2357
2355
2266
2304
2421
2502
2513
2443
2397
2471
2320
2372
2432
2443
2399
2363
2491
2376
2510
2399
2336
2330
2606
2498
2727
2672
2632
2622
2423
2404
2492
2592
2598
2649
2474
2296
2302
2474
2483
2386
2491
2492
2437
2599
2459
2439
2421
2614
2644
2341
2349
2480
2379
2458
2475
2358
2431
2370
2358
2506
2360
2461
2283
2308
2308
2357
2407
2444
2425
2399
2413
2403
2420
2397
2401
2365
2478
2322
2435
2384
2462
2476
2373
2347
2433
2285
2234
2371
2346
2390
2397
2270
2386
2258
2386
2301
2373
2440
2523
2361
2261
2418
2393
2315
2322
2280
2384
2215
2562
2483
2367
2296
2250
2189
2300
2308
2469
2410
2498
2444
2415
2223
2329
2367
2200
2305
2368
2251
2060
2195
2192
2317
2408
2212
2299
2423
2450
2408
2488
2438
2268
2287
2342
2432
2327
2250
2230
2367
2336
2303
2239
2390
2544
2456
2360
2170
2342
2204
2230
2182
2612
2434
2447
2376
2394
2508
2411
2587
2341
2387
2334
2259
2382
2379
2332
2347
2309
2298
2315
2144
2325
2497
2488
2396
2301
2360
2370
2338
2276
2133
2215
2328
2170
2234
2278
2332
2146
2249
2428
2417
2441
2425
2255
2249
2304
2265
2359
2188
2257
2174
2274
2332
2299
2341
2313
2255
2213
2201
2201
2309
2341
2240
2395
2242
2149
2274
2362
2258
2126
2218
2333
2194
2224
2142
2251
2278
2443
2411
2372
2450
2450
2357
2300
2349
2259
2342
2291
2221
2230
2288
2195
2416
2397
2451
2217
2297
2198
2240
2278
2195
2185
2249
2196
2208
2349
2403
2220
2166
2165
2147
2196
2221
2291
2262
2253
2183
2112
2210
2195
2324
2278
2203
2245
2244
2246
2196
2027
2188
2217
2080
2066
2248
2230
2275
2262
2282
2267
2343
2354
2291
2223
2351
2296
2194
2186
2226
2262
2306
2359
2470
2435
2317
2289
2267
2373
2211
2080
2196
2271
2433
2269
2287
2142
2218
2331
2317
2201
2117
2115
2225
2127
2266
2196
2154
2119
2278
2249
2157
2347
2284
2231
2151
2225
2401
2337
2254
2234
2309
2355
2306
2335
2276
2150
2233
2108
2342
2207
2246
2262
2264
2240
2258
2185
2246
2077
2222
2291
2301
2240
2378
2501
2526
2333
2180
2188
2250
2282
2112
2268
2226
2232
2309
2291
2224
2333
2257
2261
2450
2265
2257
2139
2341
2206
2389
2131
2237
2216
2387
2323
2137
2280
2352
2089
2154
2300
2240
2344
2312
2248
2342
2139
2149
2089
2173
2233
2373
2196
2150
2169
2177
2226
2227
2256
2217
2165
2246
2243
2234
2156
2205
2164
2118
2240
2131
2231
2248
2238
2135
2097
2327
2324
2383
2388
2488
2388
2319
2261
2425
2523
2395
2154
2154
2228
2164
2219
2228
2278
2246
2284
2258
2105
2211
2203
2225
2212
2196
2146
2365
2112
2107
2109
2170
2304
2185
2191
2313
2200
2144
2015
2081
2091
2195
2114
2245
2183
2252
2282
2387
2277
2356
2380
2247
2126
2153
2272
2366
2134
2150
2168
2291
2222
2284
2107
2065
2090
2127
2191
2341
2283
2202
2129
2219
2181
2216
2185
2118
2044
2124
2061
2156
2132
2176
2332
2173
2199
2400
2407
2288
2156
2180
2116
2229
2280
2319
2183
2196
2232
2312
2344
2280
2199
2138
1974
1978
1980
2001
2064
2232
2245
2261
2239
2148
2206
2199
2187
2007
2078
1992
2040
2129
2211
2206
2172
2056
2286
2314
2299
2156
2138
2094
2173
2218
2288
2197
2141
2147
2191
2182
2112
2183
2092
2190
2267
2262
2146
2261
2247
2414
2573
2374
2318
2084
2164
2141
2158
2400
2291
2254
2272
2291
2266
2146
2219
2196
2256
2194
2331
2347
2416
2497
2435
2283
2236
2210
2120
2159
2069
2136
2211
2261
2272
2172
2256
2264
2216
2289
2245
2257
2152
2117
2008
2121
2116
2096
2180
2211
2284
2098
2174
2033
1956
2238
2158
2198
2189
2241
2284
2305
2231
2175
1983
2138
2261
2262
2247
2130
2048
2220
2236
2141
2324
2213
2278
2256
2255
2166
2155
2204
2200
2085
2177
2285
2151
2275
2210
2177
2084
2225
2283
2234
2291
2120
1991
2117
2177
2165
2171
2267
2500
2195
2255
2144
2346
2328
2191
2314
2164
2155
2113
2153
2397
2303
2212
2142
2168
2259
2292
2267
2339
2168
2288
2213
2154
2318
2262
2242
2220
2279
2291
2243
2272
2139
2214
2145
2232
2205
2130
2259
2278
2379
2290
2129
2311
2267
2152
2127
2173
2250
2166
2288
2310
2187
2108
2144
2271
2349
2299
2220
2092
2244
2289
2209
2212
2206
2266
2188
2121
2047
2271
2202
2203
2170
2175
2081
2049
2065
2176
2122
2225
2129
2268
2092
2174
2133
2070
2070
2055
2210
2179
2236
2212
2185
2182
2230
2216
2291
2201
2139
2201
2182
2238
2099
2192
2221
2114
2133
2138
2229
2068
2235
2354
2332
2311
2213
2253
2127
2152
2144
2149
2142
2226
2235
2224
2178
2213
2259
2216
2307
2193
2069
2250
2260
2240
2173
2237
2113
2088
2104
2070
2211
2191
2262
2175
2100
2068
2115
2176
2162
2205
2188
2067
2159
2154
2037
2164
2219
2303
2125
2234
2122
2128
2044
2157
2218
2282
2135
2155
2259
2422
2202
2145
2210
2193
2262
2230
2224
2266
2359
2254
2173
2007
2038
2083
2180
2273
2251
2041
2079
2078
2134
2139
2103
2302
2253
2240
2084
2238
2188
2209
2238
2208
2112
2169
2111
2112
2002
2160
2249
2294
2279
2169
2207
2253
2336
2224
2164
2242
2153
2226
2222
2158
2196
2045
2127
1999
2070
2214
2243
2327
2243
2254
2148
2088
2196
2250
2212
2054
2235
2277
2177
2023
1999
2160
2042
2042
2140
2129
2079
2181
2309
2190
2159
2173
2190
2114
2230
2143
2065
2162
2174
2205
2059
2180
2183
2167
2164
2130
2067
2235
2097
2231
2248
2307
2236
2283
2222
2315
2220
2193
2109
1968
1978
2182
2172
2149
2202
2171
2092
2174
2229
2188
2141
2120
2002
2020
2310
2229
2173
1998
1988
1990
2078
2054
2177
2282
2136
2206
1964
2058
2146
2118
2076
2147
2199
2191
2086
2087
2009
2069
2002
2070
2074
2037
2047
2090
2180
2064
2010
2142
2078
2052
1953
2084
2181
2114
2119
2073
2168
2219
2074
2145
2150
2206
2028
2061
2144
2098
2157
2027
2117
2084
2032
2085
2127
2228
2238
2096
2208
1833
2145
2145
2196
2213
2208
2083
2039
2029
2241
2229
2156
2205
2109
2083
2158
2031
1993
2074
2165
2112
2047
2092
2176
2171
