1513
1486
1464
1486
1495
1382
1449
1454
1507
1430
1359
1427
1522
1501
1431
1454
1511
1420
1460
1433
1510
1472
1482
1484
1573
1445
1513
1529
1439
1490
1563
1592
1390
1407
1416
1573
1473
1484
1449
1530
1528
1517
1474
1551
1572
1445
1440
1507
1492
1431
1468
1474
1426
1457
1450
1507
1499
1470
1504
1484
1602
1457
1413
1561
1514
1634
1494
1426
1500
1524
1528
1455
1511
1400
1459
1416
1479
1461
1506
1555
1595
1502
1542
1495
1546
1473
1458
1483
1453
1454
1537
1437
1452
1451
1569
1500
1453
1565
1465
1503
1446
1481
1504
1377
1424
1416
1497
1463
1428
1477
1508
1463
1469
1543
1530
1504
1477
1533
1471
1537
1487
1439
1501
1416
1473
1415
1512
1454
1596
1461
1408
1474
1404
1535
1514
1507
1560
1525
1466
1437
1426
1528
1529
1525
1519
1485
1529
1385
1489
1524
1476
1526
1557
1544
1602
1498
1487
1537
1573
1437
1581
1498
1492
1413
1389
1493
1441
1519
1454
1507
1457
1557
1478
1518
1548
1502
1530
1477
1552
1432
1491
1470
1478
1428
1551
1494
1496
1533
1562
1503
1443
1471
1505
1571
1538
1477
1529
1416
1620
1442
1480
1498
1473
1417
1522
1502
1387
1473
1571
1523
1539
1496
1458
1607
1537
1490
1507
1475
1539
1540
1497
1396
1448
1501
1499
1505
1526
1526
1497
1600
1519
1505
1490
1476
1501
1530
1451
1428
1524
1471
1415
1485
1443
1476
1474
1543
1598
1507
1491
1474
1590
1421
1500
1536
1470
1464
1514
1445
1416
1483
1510
1476
1477
1508
1393
1489
1503
1538
1664
1500
1462
1412
1529
1485
1432
1472
1532
1496
1448
1537
1523
1503
1494
1415
1517
1500
1515
1504
1553
1448
1485
1500
1400
1450
1513
1457
1561
1514
1572
1512
1489
1439
1493
1529
1411
1517
1545
1419
1510
1499
1480
1489
1448
1523
1430
1533
1507
1450
1562
1502
1497
1503
1456
1409
1546
1509
1489
1432
1443
1474
1515
1462
1477
1519
1510
1554
1466
1541
1441
1505
1532
1510
1483
1575
1420
1448
1472
1531
1604
1574
1558
1543
1483
1476
1509
1503
1501
1512
1527
1516
1557
1464
1460
1558
1587
1483
1537
1480
1488
1570
1496
1553
1466
1539
1422
1425
1474
1527
1375
1451
1569
1508
1465
1604
1510
1530
1490
1538
1464
1492
1398
1448
1410
1463
1452
1431
1506
1516
1549
1516
1521
1464
1360
1516
1519
1526
1532
1460
1514
1447
1420
1457
1543
1521
1475
1554
1532
1646
1543
1528
1439
1506
1517
1393
1459
1556
1601
1537
1489
1617
1499
1532
1426
1565
1602
1445
1435
1512
1524
1534
1486
1515
1396
1460
1511
1479
1488
1384
1503
1497
1453
1500
1520
1548
1453
1542
1571
1416
1479
1578
1418
1565
1592
1466
1583
1569
1529
1473
1521
1539
1508
1413
1432
1553
1439
1483
1460
1522
1485
1573
1550
1537
1491
1609
1541
1452
1557
1503
1478
1496
1503
1475
1572
1579
1519
1471
1453
1516
1495
1507
1467
1570
1540
1610
1602
1421
1518
1515
1564
1473
1548
1561
1580
1453
1496
1458
1508
1586
1515
1623
1537
1582
1540
1536
1531
1557
1459
1503
1474
1454
1561
1470
1503
1490
1446
1428
1510
1443
1477
1548
1591
1558
1525
1601
1402
1487
1589
1533
1578
1419
1547
1409
1495
1446
1499
1427
1619
1499
1489
1516
1583
1539
1566
1432
1499
1525
1549
1434
1512
1475
1554
1541
1401
1487
1504
1542
1561
1592
1428
1512
1430
1460
1446
1584
1506
1606
1482
1531
1542
1525
1574
1570
1531
1581
1496
1498
1516
1576
1599
1411
1479
1536
1463
1493
1463
1492
1478
1517
1472
1517
1590
1607
1515
1507
1526
1496
1526
1453
1583
1446
1455
1544
1497
1423
1541
1444
1524
1575
1426
1480
1613
1603
1557
1479
1556
1496
1402
1501
1405
1487
1468
1540
1450
1489
1490
1500
1403
1584
1432
1523
1589
1526
1553
1452
1516
1547
1540
1606
1494
1538
1430
1492
1555
1473
1542
1590
1496
1588
1584
1482
1557
1515
1531
1660
1542
1481
1448
1538
1506
1544
1600
1470
1591
1581
1584
1617
1553
1469
1452
1625
1685
1593
1550
1588
1478
1555
1517
1570
1521
1377
1555
1497
1574
1600
1443
1504
1483
1531
1626
1629
1568
1598
1558
1517
1581
1579
1608
1577
1536
1551
1510
1647
1560
1507
1594
1493
1549
1481
1622
1477
1501
1453
1516
1549
1469
1493
1570
1497
1637
1564
1502
1525
1660
1560
1515
1601
1515
1581
1516
1492
1508
1517
1578
1613
1588
1619
1616
1624
1503
1643
1521
1444
1535
1456
1491
1514
1494
1490
1481
1540
1497
1620
1533
1696
1560
1580
1491
1524
1571
1595
1643
1632
1587
1585
1494
1569
1568
1485
1508
1593
1669
1624
1566
1580
1633
1688
1557
1631
1549
1611
1559
1603
1478
1486
1619
1619
1405
1477
1505
1557
1583
1560
1523
1608
1590
1546
1545
1614
1512
1517
1519
1547
1430
1601
1480
1556
1575
1621
1482
1515
1611
1515
1596
1564
1578
1538
1591
1549
1490
1496
1474
1489
1511
1656
1663
1616
1559
1580
1589
1602
1512
1516
1557
1493
1574
1446
1523
1571
1560
1489
1419
1553
1519
1558
1570
1638
1596
1522
1649
1608
1534
1540
1549
1535
1614
1530
1658
1401
1541
1605
1580
1589
1546
1504
1579
1601
1538
1602
1574
1510
1550
1499
1509
1618
1462
1600
1522
1500
1476
1537
1492
1558
1580
1574
1596
1551
1562
1500
1520
1496
1553
1513
1605
1576
1547
1463
1616
1543
1499
1604
1491
1534
1647
1584
1623
1505
1598
1597
1419
1500
1530
1447
1595
1505
1435
1570
1531
1506
1570
1539
1604
1566
1589
1579
1614
1536
1499
1604
1670
1637
1573
1536
1582
1557
1517
1510
1484
1493
1526
1638
1574
1550
1521
1581
1645
1634
1629
1564
1586
1646
1581
1550
1595
1512
1577
1621
1550
1554
1579
1627
1548
1558
1658
1336
1649
1519
1572
1587
1542
1586
1576
1448
1528
1576
1621
1681
1478
1513
1618
1567
1660
1501
1521
1591
1655
1567
1645
1572
1593
1511
1568
1584
1540
1600
1612
1562
1608
1515
1581
1508
1468
1539
1556
1644
1525
1547
1661
1553
1654
1624
1685
1655
1578
1626
1549
1594
1595
1551
1491
1622
1639
1597
1638
1638
1606
1537
1622
1682
1622
1534
1541
1649
1634
1503
1669
1629
1665
1549
1612
1612
1622
1554
1569
1564
1643
1563
1650
1631
1637
1621
1592
1580
1576
1628
1587
1621
1579
1577
1594
1623
1567
1612
1559
1497
1480
1478
1595
1541
1517
1417
1528
1686
1488
1594
1652
1561
1546
1647
1534
1586
1488
1582
1649
1617
1681
1460
1597
1547
1599
1588
1536
1476
1556
1649
1637
1629
1540
1681
1624
1547
1666
1563
1624
1691
1596
1583
1584
1587
1636
1591
1500
1580
1740
1545
1500
1673
1607
1580
1639
1509
1548
1545
1612
1577
1652
1601
1673
1745
1626
1644
1587
1617
1750
1629
1730
1601
1541
1655
1680
1592
1658
1690
1635
1741
1703
1662
1677
1722
1674
1733
1734
1668
1665
1789
1775
1696
1602
1717
1742
1673
1644
1770
1768
1839
1804
1765
1694
1729
1746
1679
1820
1709
1778
1776
1800
1693
1817
1709
1826
1715
1736
1824
1716
1755
1787
1781
1773
1888
1870
1867
1797
1838
1914
1684
1912
1867
1854
1890
1841
1916
1878
1921
1992
1966
1859
1986
2043
2015
1918
1933
1858
1978
1822
1853
1905
1988
1971
1963
2062
1957
2016
2064
1884
1978
1924
1990
1856
1972
1957
1997
1990
1981
2184
2128
2005
2100
2081
2128
2179
2047
1880
2152
2152
2172
2132
2235
2253
2174
2138
2156
2073
2076
2141
2186
2221
2205
2139
2110
2151
2153
2143
2120
2141
2130
2132
2202
2197
2191
2293
2215
2202
2181
2262
2051
2030
2176
2091
2121
2285
2151
2129
2165
2228
2191
2250
2247
2319
2224
2178
2292
2331
2183
2226
2238
2271
2326
2301
2388
2338
2342
2246
2361
2347
2281
2395
2346
2418
2393
2426
2536
2533
2447
2607
2406
2543
2451
2490
2627
2583
2711
2717
2518
2645
2634
2647
2672
2637
2667
2692
2592
2492
2569
2308
2398
2415
2566
2686
2688
2607
2700
2516
2642
2533
2667
2660
2776
2780
2737
2594
2434
2516
2613
2760
2754
2850
2877
2977
2906
2728
2745
2618
2630
2676
2723
2700
2709
2749
2611
2558
2521
2538
2424
2681
2788
2767
2775
2655
2638
2861
2827
2662
2622
2677
2798
2966
2794
2853
2694
2676
2681
2688
2768
2770
2832
2801
2750
2743
2507
2536
2576
2483
2707
2654
2804
2793
2804
2669
2545
2745
2790
3013
3084
2973
2932
2942
2818
2921
2948
2912
2903
2793
2907
2751
2843
2682
2873
2952
3058
3241
3179
3417
3328
3120
2868
2918
2880
2869
2948
2928
2950
2916
2830
2713
2713
2659
2858
3126
3219
2978
2820
2753
2774
2841
2719
2700
2654
2825
2888
3002
2995
2904
2960
3356
3323
3187
3217
3361
3297
3031
2932
2758
2778
2695
2900
2862
2928
2992
3132
2975
3003
3240
3529
3544
3115
3178
3090
3104
2962
3122
3276
3302
3125
3311
3235
2964
2953
3129
3128
2907
2975
3114
2860
2677
2780
3138
3328
3227
3047
3109
3188
3092
3134
2995
2875
2726
2856
2929
2922
2971
2974
3076
2701
2847
3046
3031
2907
2908
2881
2729
2878
2910
3063
3243
3301
3106
3078
3137
2957
3141
3090
3117
3035
3174
3203
3283
3272
3116
3010
2852
3053
3005
3053
3289
3379
3186
3102
2798
2836
3004
3009
3154
3133
3239
3359
3481
3105
2922
3139
3446
3675
3575
3387
3275
3037
3002
3140
3102
3001
3146
3177
3255
3049
2930
3208
3159
3220
3396
3120
3206
2936
2970
3036
3196
3153
3181
3252
3100
3192
3403
3222
2925
3165
3215
3122
2880
2957
2695
3109
3312
3187
3113
3006
3119
3197
3149
3226
3181
3185
3096
3258
3031
3180
3101
3164
3200
3126
3205
3245
3206
3081
2918
3087
3109
3353
3384
3461
3347
3118
3045
2952
2753
2945
3222
3347
3039
3074
3229
3139
3088
3021
3123
3068
3492
3327
3375
3251
3554
3628
3068
2795
2996
2821
3216
3067
2966
3142
3217
3289
3053
3189
3335
3539
3261
3307
3364
3360
3164
3014
3016
3171
3224
3304
3286
3230
3227
3090
3149
3212
3293
3334
3281
3140
3097
3051
2998
3117
3392
3231
3124
3394
3461
3264
3371
2903
2940
3063
3485
3280
3039
3141
3271
3076
3241
3262
3228
3361
3429
3329
3073
3100
3069
2931
3018
3295
3497
3349
3418
3201
2940
2937
3046
3057
2976
3300
3385
3551
3118
3183
2876
2946
3177
3162
3564
3364
3240
2941
2875
3195
3550
3428
3443
3319
2985
2843
2961
3227
3180
3139
3233
3104
2909
3225
3191
3071
3207
3105
3071
3206
3380
3411
3313
3347
3426
3352
3224
3078
3052
2958
3198
3197
3121
3060
3072
2997
2969
2927
2920
3013
2951
3077
3247
3217
3194
3158
3111
3470
3589
3530
3411
3375
3278
3536
3441
3342
3165
3128
2980
3075
3155
3366
3277
3193
3132
3175
3101
3070
3022
3340
3305
3309
3594
3599
3645
3451
3399
3072
3015
2753
2981
3121
3193
3124
3100
3197
2905
2961
3052
3084
3165
2955
2919
2935
3084
3062
3129
3086
3219
3411
3003
2867
3072
3039
3278
3283
3301
3333
3473
3283
2836
2973
3309
3066
3125
3224
3165
3295
3337
3434
3479
3336
3279
3059
3080
3152
3071
3113
3231
3122
3304
3170
3464
3546
3533
3208
3189
3241
3456
3417
3139
3264
3276
3159
3250
3366
3436
3437
3101
3255
3133
3227
3077
3253
3334
3302
3387
3245
3261
3457
3204
2890
3024
3000
3116
3046
2865
2777
2902
3107
3234
3213
3034
2912
3243
3364
3467
3376
3236
3146
3101
3022
3105
3139
3064
3066
3367
3227
3163
3246
3176
2985
3026
3010
3108
3161
3236
3149
3188
3154
3099
3232
3189
3241
3296
3178
3208
3498
3445
3209
3405
3394
3253
3135
2941
3059
2925
3277
3350
3160
3208
3300
3295
3089
2874
2977
3318
3535
3371
3174
3109
3070
3045
3118
3474
3508
3386
3076
3105
3153
3407
3700
3622
3330
3187
3281
3412
3397
3364
3408
3357
3350
3283
3158
3216
3192
3314
3433
3093
3008
3275
3335
3488
3395
3366
3286
3314
3191
3053
3248
3062
3411
3512
3514
3246
3028
2886
2989
3017
3146
3260
3201
3183
3127
3174
3274
3139
3026
3250
3394
3738
3764
3355
3354
3444
3645
3575
3474
3482
3322
3075
3319
3407
3584
3375
3288
3117
3044
3160
3235
3480
3405
3445
3376
3428
3190
3090
3040
3202
3193
3270
3507
3565
3808
3565
3384
3545
3718
3837
3646
3607
3438
3236
3218
3198
3559
3737
3412
3404
3357
3447
3651
3519
3412
3412
3471
3376
3249
3570
3400
3448
3584
3478
3502
3353
3461
3282
3311
3146
3520
3564
3643
3372
3474
3569
3317
3329
3246
3299
3232
3307
3437
3497
3541
3369
3389
3112
3088
3431
3647
3765
3699
3381
3507
3457
3444
3374
3518
3615
3546
3482
3471
3759
3658
3564
3645
3603
3523
3483
3384
3477
3656
3580
3414
3703
3733
3653
3419
3561
3610
3405
3198
3400
3293
3349
3272
3591
3641
3679
4001
3899
3901
3644
3585
3648
3916
3974
3794
3993
3710
3433
3332
3144
3290
3245
3362
3476
3643
3675
3597
3745
3997
3858
3683
3508
3607
3644
3626
3533
3417
3299
3631
3681
3679
3649
3513
3781
4033
3738
3597
3572
3871
4186
4199
3908
3751
3742
3858
3966
3780
3794
3956
3906
3910
3887
3910
3944
4008
3838
3770
3967
3901
3960
4294
4317
4306
4240
3981
4154
4320
4039
4159
4298
4627
4656
4499
4352
4286
4299
4544
4480
4535
4546
4628
4330
4081
4573
4742
4690
4772
4788
4987
5055
4597
4610
4618
5164
5205
5513
5284
4761
4817
5053
5208
5193
4879
4857
5119
5457
5696
5531
6020
5832
5738
5663
5576
5794
6018
5930
5730
5749
6286
6532
6480
7256
6570
6556
6673
7033
7954
8188
6668
7141
7227
7973
8024
8188
10153
9942
9482
10290
10990
13039
13478
12416
10786
9314
9662
9704
9896
10777
11144
10807
10510
11432
12432
10843
11041
15526
14836
14677
14217
14205
16943
16669
15066
14090
18806
15218
12096
13291
21385
23356
22200
18358
16018
19973
20630
21780
19993
21973
19958
22571
22154
20596
17764
21996
23948
25460
23113
17540
26268
27949
30552
25973
29083
24486
22852
21700
20277
23154
17736
27908
25740
20921
22676
24372
27522
29382
24311
26272
24238
30162
22586
21108
20116
22596
20534
21340
17820
21260
19008
16792
18848
16319
19212
17073
14845
19749
15704
16411
17680
17235
18394
18982
17038
16502
14601
16426
17370
17154
18345
17252
15045
15500
19305
15110
12950
14438
20116
17001
17258
22125
24614
32774
30922
24602
20012
18120
18290
18504
23837
24724
23423
26315
27840
29343
24763
23188
24008
20632
18118
15417
16394
18084
17278
17979
15664
14574
11723
12492
12270
11805
10335
8614
7594
8148
7878
7908
7612
6873
6177
6612
6243
6771
6040
6095
5823
5844
5818
4673
5317
5821
5049
5001
5261
5141
4986
4944
4938
4701
5023
4990
4931
4966
4934
4930
4970
4760
4983
4873
4747
4546
4415
4331
4417
4357
4674
5253
4850
4190
4227
4404
4521
4250
4383
4229
4533
4346
4473
4413
4396
4299
4205
3959
4055
4048
4149
3921
3857
4195
4105
4422
4565
4434
3975
4034
3799
3673
3814
3995
3992
3844
3854
3954
3687
3629
3837
3760
3751
3698
3740
3988
4115
3931
3793
3633
3473
3607
3724
3881
3863
3965
3933
3784
3580
3465
3518
3271
3286
3504
3681
3400
3563
3585
3758
3771
3590
3673
3680
3526
3564
3607
3606
3640
3545
3423
3703
3634
3179
3300
3365
3537
3764
3973
3701
3699
3502
3327
3684
3863
3663
3818
3735
3512
3485
3646
3641
3524
3500
3324
3170
3606
3772
3727
3676
3586
3479
3688
3582
3564
3390
3505
3484
3364
3108
3239
3542
3686
3527
3156
3056
3380
3483
3817
3517
3627
3573
3351
3470
3290
3157
3024
3151
3436
3591
3361
3337
3303
3659
3590
3491
3479
3430
3429
3386
3570
3569
3440
3284
3492
3621
3600
3281
3220
3400
3448
3423
3508
3728
3635
3325
3370
3660
3748
3622
3593
3780
3737
3620
3535
3468
3282
3461
3497
3592
3397
3185
3287
3318
3387
3437
3399
3306
3218
3169
3367
3304
3357
3200
3133
3236
3419
3399
3250
3123
3117
3259
3402
3305
3267
3376
3127
3227
3245
3520
3410
3420
3298
3412
3338
3265
3164
3228
3198
3187
3144
3351
3299
3539
3436
3627
3484
3262
3287
3381
3479
3303
3209
3314
3502
3360
3294
3101
3128
3255
3329
3360
3395
3247
3323
3204
3340
3452
3385
3159
3187
3095
3096
3000
3054
3154
2946
3157
3024
2950
2993
3190
3313
3201
3103
3303
3369
3183
3405
3521
3682
3709
3561
3421
3113
3356
3533
3333
3290
3209
3210
3246
3456
3393
3102
3086
3090
3178
3138
3187
3275
3460
3212
3186
3192
3141
3408
3540
3370
3152
3183
3191
3165
3066
3251
3400
3264
3185
3307
3064
3423
3236
3285
3270
3246
3226
3138
3287
3209
3214
3361
3041
3167
3039
2864
3055
3031
3435
3433
3296
3392
3321
3099
3187
3141
3207
3157
3206
3316
3070
3128
2956
2812
2886
2982
3130
3202
3259
3180
3047
3107
3332
3218
3195
3165
3353
3206
3066
3149
2982
3098
3257
3300
2993
3191
3213
3437
3369
3219
3113
3177
3011
3026
3028
3215
3223
3257
3052
2939
2920
2897
3100
3353
3204
3140
3290
3402
3437
3484
3211
3032
2982
3142
3201
3202
3248
3239
3183
3227
3083
2914
3131
3275
3202
2957
3150
3127
3220
3297
3235
3541
3255
3053
2912
2789
3009
2929
3086
3071
3076
3120
3123
3092
3028
2978
2941
3282
3162
2984
2928
2967
2929
3159
3457
3474
3252
3133
3271
3123
3076
3100
3148
3326
3548
3191
3081
2969
2998
3146
2939
2907
2917
3094
3025
3018
3045
2959
3091
3255
3053
2942
2972
2973
3091
3137
3320
3427
3201
3300
3179
3136
3201
3124
3149
3193
3028
2996
2938
2989
3081
3169
3145
3200
3102
3009
3175
3258
3218
3410
3227
3148
3147
2975
3065
3038
3207
3573
3606
3656
3200
3373
3110
3079
3077
3041
2897
3090
3095
3116
3185
3163
3157
2962
3054
3365
3205
3069
3163
3104
3217
3061
3066
3163
3077
3009
3090
3087
2972
3120
2943
2909
2886
3072
3196
3196
3226
3463
3314
3101
2858
2926
2858
2900
3021
3075
3067
3021
3007
3086
2973
2932
2821
3021
3166
3085
3061
3027
3011
3049
3042
3011
3113
3237
3369
3106
2947
3018
3115
3196
3328
3379
3315
3143
3168
3343
3584
3259
2990
3052
2931
2917
2942
2937
2767
2915
2923
2843
2825
2844
2921
3235
3228
3001
2948
3043
2883
2736
2832
2934
2960
2965
3072
3056
3170
3026
3119
2985
3071
3134
3061
3027
3145
3269
3381
3261
3064
3006
2941
2995
3036
3074
2868
2729
2923
2954
2946
3050
2815
2961
3054
3156
3244
3072
3192
2968
2864
2887
3074
3201
3101
3141
3106
3069
3159
3013
3173
3176
3033
2900
3047
3083
3222
3037
2916
3203
3435
3282
3227
2992
2742
2985
3179
3017
3028
2981
3230
3100
2923
2974
3027
3114
3035
2802
2951
2863
2800
2819
2867
2856
2951
3171
3092
2938
2818
2988
3120
3048
3106
3045
2888
3152
3266
3271
3156
3162
3085
3057
2940
3066
3067
3022
3189
3109
2996
3252
3223
3045
3300
3240
3192
2951
2945
2882
3028
3071
3028
3004
2858
2867
2836
2982
2987
3005
2903
2858
2684
2912
3075
3214
3031
3092
2976
3143
2861
2782
2804
3010
3059
3060
3209
3303
3202
2940
2760
3020
3052
3089
3060
3045
3167
3158
2991
2937
3000
2996
2933
3007
2963
2978
3031
3202
3073
2800
3008
3070
2978
2825
2945
2896
3068
2900
3026
2968
2905
2999
3001
2796
2856
2969
2929
2907
3053
3196
3128
2942
2877
2862
2879
2884
2846
2902
3207
3286
2908
3030
3030
3043
3044
3060
2824
2735
2850
2944
2893
2893
2900
3051
3193
3192
3268
3252
3281
3130
3268
3124
3126
2879
2882
3050
2823
2846
2801
3037
2965
2771
2799
2796
2773
3045
3316
3254
3045
2937
3010
3204
3153
3222
3052
3029
2984
2702
3073
3078
3159
2880
2704
2731
2929
3256
3188
2862
2699
2924
3111
3105
2989
2748
2759
2725
2759
2694
2761
3042
3047
2922
2756
2563
2418
2735
2934
2909
2719
2840
2775
2925
2904
3086
3101
3143
3104
3074
3143
3208
2995
2897
2949
2876
2990
3072
2980
2794
2791
2923
2974
2983
2942
2925
2924
2842
2976
2962
2818
2906
2931
2961
2925
2955
3037
2976
3091
3291
3232
2884
2974
2961
3198
3177
3357
3265
3051
2881
2943
3310
3106
2947
3067
3133
3152
3022
3180
2981
2898
2768
2758
2875
2864
2914
2861
2879
2988
2801
2885
2987
3005
3053
2798
2871
2591
2890
2805
2878
2884
2840
2699
2770
2936
3010
2943
2839
2945
2760
2738
2757
2714
2767
2626
2799
2687
2628
2601
2842
2778
2974
3038
3081
3182
3047
2681
2960
2941
3110
2948
3142
3184
2935
2833
2753
2925
3002
3094
3129
3055
2877
2753
2936
3044
2973
2984
3198
3112
3042
2818
2881
2971
3006
2954
3227
3149
2997
2973
3328
3032
2954
2862
2922
2850
2868
2981
3058
2692
2593
2742
2752
2689
2718
2862
3285
3129
3099
2839
2869
2762
2769
2900
2886
2771
2832
2796
2895
2849
2895
2926
3071
2988
2790
2625
2712
2870
3041
3058
2970
2889
2827
3033
3005
3088
2928
3073
2971
2811
2838
2726
3010
3125
3236
3193
3301
3181
2907
2723
2914
2840
2954
2733
2646
2812
2823
2729
2902
2884
2882
2700
2701
2910
2808
2891
3071
3097
3247
2988
3114
3064
3024
2891
2699
2852
2858
2866
2924
2814
2805
2867
2780
3039
3126
3053
3040
3036
3174
3038
3129
3060
3107
3067
2978
3070
2835
2594
2763
2731
2787
2852
2815
2989
2928
2755
2997
2998
2918
3073
3193
3301
3206
3182
