1132
1178
1119
1123
1229
1122
1145
1245
1030
1190
1134
1105
1106
1076
1105
1204
1272
1209
1145
1226
1156
1208
1295
1204
1225
1248
1250
1158
1298
1160
1144
1180
1193
1246
1104
1128
1115
1182
1196
1240
1165
1253
1151
1056
1205
1215
1087
1155
1163
1224
1186
1154
1242
1172
1279
1148
1114
1199
1074
1151
1086
1154
1085
1209
1150
1236
1143
1233
1257
1205
1110
1164
1155
1171
1133
1140
1274
1260
1121
1190
1218
1132
1135
1123
1124
1171
1138
1207
1225
1247
1237
1210
1099
1151
1170
1122
1227
1125
1113
1115
1127
1184
1214
1227
1227
1115
1130
1131
1120
1166
1217
1152
1095
1133
1109
1110
1052
1206
1064
1229
1137
1200
1202
1191
1285
1063
1179
1237
1182
1144
1159
1151
1259
1184
1164
1216
1182
1100
1134
1116
1231
1099
1162
1192
1231
1186
1249
1246
1298
1084
1118
1128
1101
1313
1130
1209
1170
1275
1166
1314
1207
1181
1118
1140
1094
1133
1161
1269
1151
1096
1148
1156
1168
1198
1245
1156
1141
1122
1205
1222
1237
1190
1140
1156
1192
1212
1133
1190
1197
1092
1125
1213
1143
1237
1104
1177
1224
1162
1177
1208
1225
1085
1139
1171
1159
1246
1156
1228
1122
1189
1128
1199
1330
1248
1211
1129
1233
1213
1246
1158
1133
1170
1206
1176
1135
1105
1280
1105
1205
1175
1270
1108
1099
1198
1211
1171
1167
1167
1137
1183
1309
1204
1211
1175
1176
1161
1206
1174
1250
1317
1175
1211
1181
1145
1157
1143
1163
1127
1227
1139
1118
1140
1203
1160
1248
1242
1115
1144
1201
1097
1254
1123
1209
1164
1164
1206
1147
1105
1271
1246
1144
1211
1204
1146
1249
1256
1117
1230
1187
1166
1199
1166
1279
1113
1159
1211
1043
1267
1157
1187
1135
1126
1144
1127
1236
1147
1114
1208
1216
1253
1150
1149
1219
1293
1142
1354
1162
1134
1196
1189
1183
1111
1160
1158
1181
1239
1127
1270
1190
1208
1167
1191
1263
1175
1170
1272
1129
1153
1112
1160
1178
1215
1130
1209
1156
1127
1155
1203
1268
1167
1145
1117
1123
1126
1275
1184
1159
1106
1117
1175
1124
1232
1198
1165
1156
1191
1196
1143
1083
1152
1257
1080
1142
1148
1157
1158
1148
1119
1155
1146
1198
1264
1219
1195
1212
1193
1239
1238
1211
1219
1167
1243
1053
1193
1145
1071
1146
1317
1226
1168
1290
1183
1097
1141
1209
1173
1136
1123
1156
1088
1103
1246
1169
1167
1195
1145
1188
1175
1218
1152
1274
1230
1125
1180
1177
1141
1047
1164
1214
1179
1213
1134
1198
1146
1297
1188
1211
1154
1189
1154
1165
1235
1148
1152
1085
1098
1152
1101
1191
1132
1164
1102
1162
1149
1045
1156
1191
1232
1236
1169
1213
1289
1245
1122
1112
1139
1059
1154
1333
1153
1205
1235
1170
1094
1269
1173
1219
1254
1171
1137
1198
1220
1185
1148
1203
1174
1185
1143
1156
1161
1115
1161
1161
1215
1183
1217
1217
1154
1251
1108
1115
1207
1195
1150
1209
1234
1125
1283
1197
1105
1110
1121
1178
1180
1238
1151
1204
1178
1148
1147
1255
1139
1139
1270
1230
1225
1203
1105
1244
1108
1130
1191
1202
1226
1223
1226
1184
1178
1165
1040
1140
1183
1216
1130
1149
1191
1225
1170
1115
1227
1241
1240
1220
1226
1226
1231
1340
1108
1206
1139
1142
1215
1211
1095
1157
1225
1226
1238
1140
1190
1194
1144
1128
1242
1172
1342
1230
1110
1286
1080
1177
1229
1191
1140
1263
1148
1158
1224
1095
1280
1170
1123
1127
1124
1201
1238
1278
1197
1221
1181
1268
1211
1074
1242
1272
1202
1177
1230
1171
1215
1120
1224
1188
1196
1279
1213
1177
1162
1221
1177
1266
1108
1166
1190
1147
1099
1110
1179
1169
1307
1266
1214
1247
1141
1251
1270
1180
1198
1213
1261
1227
1141
1221
1111
1183
1191
1246
1171
1330
1195
1225
1212
1279
1116
1176
1203
1115
1142
1130
1231
1262
1183
1149
1131
1187
1115
1090
1135
1188
1147
1234
1232
1136
1143
1285
1221
1136
1115
1161
1288
1138
1124
1135
1147
1117
1202
1320
1145
1224
1214
1178
1212
1208
1128
1052
1173
1166
1208
1203
1260
1232
1157
1314
1183
1213
1177
1250
1184
1162
1162
1109
1145
1179
1125
1228
1069
1250
1117
1154
1147
1230
1090
1260
1280
1175
1203
1178
1200
1188
1315
1120
1221
1154
1186
1169
1152
1117
1080
1138
1226
1203
1184
1217
1159
1331
1186
1256
1178
1258
1156
1215
1130
1149
1115
1162
1117
1210
1170
1187
1186
1146
1173
1140
1132
1176
1173
1150
1179
1157
1178
1175
1239
1195
1169
1081
1200
1186
1177
1151
1151
1085
1296
1264
1132
1100
1223
1220
1315
1164
1206
1132
1157
1102
1161
1198
1159
1162
1175
1073
1162
1138
1187
1167
1129
1176
1171
1117
1189
1100
1182
1207
1105
1126
1237
1175
1240
1207
1101
1238
1125
1211
1078
1185
1194
1125
1127
1219
1161
1123
1126
1171
1143
1112
1091
1254
1154
1231
1176
1168
1197
1193
1202
1173
1080
1204
1196
1146
1085
1221
1129
1205
1229
1220
1124
1097
1159
1111
1254
1089
1226
1243
1226
1202
1250
1150
1180
1178
1333
1155
1309
1137
1157
1193
1105
1107
1172
1205
1204
1132
1088
1126
1194
1136
1095
1238
1153
1069
1258
1094
1211
1180
1222
1214
1184
1212
1173
1154
1148
1103
1213
1160
1020
1111
1214
1168
1197
1138
1211
1132
1111
1191
1130
1143
1272
1334
1131
1131
1167
1254
1134
1211
1031
1158
1003
1133
1146
1155
1200
1253
1172
1093
1211
1224
1157
1163
1198
1240
1161
1153
1212
1149
1213
1108
1117
1157
1229
1152
1214
1096
1171
1197
1242
1257
1221
1154
1098
1135
1143
1189
1173
1133
1171
1149
1050
1203
1151
1236
1115
1268
1191
1084
1169
1177
1145
1202
1191
1087
1071
1101
1213
1123
1190
1148
1087
1209
1251
1243
1201
1151
1283
1156
1254
1264
1169
1177
1083
1130
1125
1149
1281
1150
1200
1160
1179
1223
1344
1143
1273
1214
1231
1148
1116
1225
1218
1207
1205
1190
1165
1235
1288
1139
1234
1157
1171
1118
1085
1180
1197
1173
1155
1154
1235
1268
1196
1085
1029
1117
1212
1222
1269
1137
1210
1300
1169
1187
1224
1303
1154
1203
1154
1107
1059
1272
1269
1213
1251
1109
1070
1218
1224
1233
1217
1114
1144
1075
1200
1307
1199
1212
1143
1131
1217
1078
1101
1111
1131
1143
1134
1212
1202
1221
1159
1170
1031
1131
1270
1065
1201
1229
1056
1182
1233
1231
1228
1140
1056
1141
1170
1226
1142
1140
1180
1149
1122
1102
1246
1229
1212
1204
1166
1160
1111
1195
1256
1166
1179
1235
1208
1189
1142
1230
1192
1131
1163
1080
1233
1211
1188
1216
1162
1256
1186
1172
1175
1185
1133
1157
1234
1252
1144
1197
1207
1220
1172
1235
1101
1250
1188
1118
1238
1196
1224
1256
1242
1276
1178
1075
1159
1167
1077
1057
1177
1183
1152
1140
1183
1200
1244
1211
1369
1206
1207
1219
1262
1179
1128
1183
1106
1076
1104
1226
1118
1167
1204
1205
1254
1226
1249
1298
1173
1164
1150
1243
1141
1191
1132
1177
1109
1096
1150
1124
1065
1243
1133
1214
1252
1101
1154
1320
1123
1274
1151
1234
1108
1133
1154
1139
1191
1058
1154
1260
1158
1166
1105
1207
1164
1094
1295
1089
1274
1229
1111
1161
1078
1112
1055
1139
1127
1190
1071
1111
1139
1084
1141
1117
1157
1209
1188
1154
1158
1162
1131
1167
1126
1125
1189
1221
1267
1220
1091
1151
1165
1069
1246
1191
1151
1152
1191
1167
1135
1108
1182
1140
1294
1201
1131
1273
1148
1238
1209
1185
1288
1192
1170
1203
1142
1149
1129
1170
1180
1172
1240
1215
1192
1190
1152
1170
1175
1105
1138
1135
1216
1125
1200
1189
1069
1210
1241
1191
1127
1195
1213
1139
1229
1135
1115
1071
1121
1183
1063
1140
1105
1161
1190
1146
1229
1310
1095
1112
1177
1246
1227
1208
1166
1134
1217
1095
1205
1155
1103
1269
1140
1232
1247
1146
1258
1213
1235
1197
1143
1284
1190
1206
1108
1084
1191
1178
1137
1115
1248
1239
1192
1221
1272
1176
1195
1165
1144
1134
1160
1109
1294
1181
1247
1115
1206
1174
1218
1191
1205
1183
1155
1321
1176
1119
1134
1194
1131
1114
1035
1208
1130
1187
1170
1134
1175
1136
1251
1205
1147
1140
1181
1223
1228
1175
1187
1147
1198
1214
1173
1177
1116
1161
1178
1140
1170
1135
1210
1132
1177
1173
1158
1259
1271
1198
1262
1179
1280
1182
1185
1156
1171
1109
1109
1142
1175
1171
1130
1187
1148
1107
1190
1183
1179
1229
1321
1109
1258
1095
1205
1085
1167
1236
1244
1219
1182
1140
1211
1143
1263
1267
1215
1126
1148
1113
1126
1152
1239
1053
1262
1180
1197
1290
1190
1152
1152
1224
1210
1134
1100
1090
1149
1121
1217
1170
1080
1097
1245
1214
1259
1245
1141
1194
1255
1084
1182
1197
1200
1187
1131
1206
1304
1171
1205
1167
1174
1137
1210
1166
1106
1209
1163
1209
1089
1214
1171
1199
1180
1201
1130
1190
1200
1210
1197
1225
1122
1052
1199
1214
1244
1195
1240
1102
1295
1171
1203
1217
1195
1211
1260
1191
1147
1136
1172
1231
1209
1098
1045
1143
1214
1239
1326
1167
1126
1191
1240
1181
1201
1179
1215
1170
1281
1145
1214
1191
1217
1091
1131
1069
1171
1169
1100
1067
1154
1238
1245
1075
1193
1185
1230
1189
1247
1292
1245
1126
1114
1166
1133
1206
1070
1116
1145
1107
1125
1181
1085
1208
1151
1253
1175
1278
1272
1256
1126
1066
1216
1247
1153
1187
1150
1172
1181
1170
1218
1112
1086
1125
1214
1191
1234
1247
1258
1225
1235
1123
1218
1182
1165
1115
1158
1094
1201
1112
1134
1193
1076
1254
1146
1194
1155
1269
1152
1203
1222
1153
1212
1142
1108
1208
1167
1172
1099
1128
1205
1170
1225
1254
1199
1196
1266
1113
1123
1237
1195
1179
1166
1137
1076
1163
1158
1199
1177
1218
1222
1243
1255
1161
1221
1236
1228
1275
1218
1143
1193
1199
1200
1147
1185
1168
1084
1129
1172
1184
1189
1255
1170
1212
1175
1226
1106
1244
1212
1162
1183
1116
1129
1166
1182
1106
1194
1193
1169
1254
1154
1153
1211
1169
1171
1124
1269
1226
1254
1235
1144
1264
1179
1260
1279
1181
1219
1159
1249
1166
1094
1200
1163
1205
1172
1225
1181
1193
1174
1139
1221
1205
1231
1251
1132
1049
1193
1281
1122
1182
1177
1175
1192
1146
1128
1272
1235
1224
1183
1221
1259
1185
1107
1133
1244
1207
1173
1176
1221
1174
1241
1267
1274
1244
1183
1292
1226
1193
1274
1280
1148
1257
1258
1209
1147
1147
1222
1130
1192
1127
1215
1264
1248
1184
1199
1239
1300
1265
1227
1232
1275
1204
1208
1285
1214
1320
1202
1183
1259
1194
1237
1226
1271
1233
1316
1229
1192
1228
1186
1126
1271
1166
1215
1308
1253
1270
1310
1184
1271
1374
1285
1345
1380
1231
1236
1247
1235
1295
1255
1287
1299
1316
1180
1290
1392
1280
1218
1288
1234
1285
1141
1345
1196
1282
1257
1311
1310
1220
1277
1263
1324
1290
1344
1265
1428
1290
1310
1345
1317
1388
1247
1270
1242
1279
1394
1316
1345
1357
1302
1371
1377
1323
1357
1393
1379
1317
1399
1397
1418
1439
1333
1319
1402
1372
1380
1357
1305
1416
1444
1378
1490
1493
1481
1543
1554
1412
1470
1564
1678
1502
1524
1383
1388
1445
1490
1443
1436
1532
1531
1529
1460
1560
1572
1610
1532
1613
1607
1563
1527
1644
1614
1585
1585
1619
1501
1576
1624
1595
1557
1648
1599
1719
1688
1693
1655
1794
1698
1704
1704
1621
1741
1730
1657
1726
1687
1716
1819
1728
1730
1760
1703
1783
1799
1763
1777
1836
1874
1817
1872
1856
1851
1835
1913
1792
1806
1904
1884
1891
1940
1980
1945
2024
2034
1931
2063
2110
1967
2143
2018
2003
1992
2148
2067
2134
2080
2110
2050
2177
2116
2204
2114
2275
2123
2109
2042
2217
2189
2167
2176
2159
2247
2229
2282
2188
2314
2235
2217
2237
2233
2326
2331
2416
2340
2412
2413
2427
2393
2413
2355
2500
2367
2540
2364
2588
2566
2455
2493
2550
2466
2510
2534
2710
2591
2519
2518
2709
2643
2651
2596
2626
2695
2701
2612
2754
2719
2876
2690
2777
2835
2890
2780
2973
2823
2902
2983
2799
2841
2844
2991
2854
2973
3012
2819
3066
3005
3150
3023
3212
3020
3059
3061
3105
3024
3129
3054
3188
3218
3149
3283
3281
3129
3209
3227
3239
3305
3215
3161
3195
3287
3434
3293
3417
3322
3358
3398
3351
3437
3390
3554
3332
3425
3589
3489
3590
3366
3494
3506
3630
3712
3572
3564
3577
3500
3591
3619
3680
3715
3544
3662
3633
3688
3826
3798
3756
3579
3817
3812
3795
3801
3777
3851
3906
3939
4026
3732
3933
3769
3729
3759
3849
3929
3875
4017
4077
3903
3985
4071
4009
3971
3996
4016
4103
3997
4179
4089
4135
4089
4084
4090
4129
3825
4057
4106
4011
4013
4174
4202
4084
4193
4182
4184
4257
4246
4234
4215
4297
4320
4112
4076
4246
4188
4108
4311
4180
4155
4276
4117
4181
4150
4240
4118
4224
4243
4105
4126
4396
4094
4322
4292
4332
4294
4138
4213
4297
4295
4130
4311
4180
4268
4253
4177
4214
4224
4188
4045
4272
4072
4192
4123
4183
4124
4209
4238
4111
4220
4119
4083
4089
4173
4276
4095
4054
4153
4151
4161
4070
3910
4129
3845
3870
4052
3845
3938
4045
4066
3907
3912
3950
3899
3831
3937
4024
3936
3831
3872
3786
3864
3762
3860
3798
3811
3751
3920
3832
3805
3726
3723
3532
3654
3642
3530
3435
3616
3598
3567
3428
3487
3598
3570
3513
3678
3452
3555
3554
3547
3373
3433
3551
3368
3528
3366
3285
3482
3236
3348
3332
3234
3117
3171
3144
3171
3243
3168
3238
3149
3208
3294
3147
3054
3117
3023
3090
3047
3121
3025
2998
2984
2982
2959
2816
2922
2842
2775
2932
2827
2832
2854
2749
2901
2732
2888
2781
2681
2765
2640
2790
2765
2638
2595
2696
2641
2644
2521
2634
2589
2492
2551
2543
2458
2433
2398
2496
2427
2432
2400
2235
2353
2292
2274
2278
2350
2320
2289
2351
2195
2296
2319
2168
2220
2290
2102
2150
2050
2130
2167
2155
2158
2122
1949
2114
2048
2105
1921
2123
2038
2018
1985
1821
1983
1994
1919
2030
1928
1807
1890
1847
1904
1706
1766
1733
1894
1812
1866
1762
1815
1705
1784
1709
1739
1828
1640
1755
1602
1726
1717
1606
1621
1661
1527
1707
1610
1623
1608
1569
1475
1560
1527
1549
1607
1667
1573
1575
1548
1531
1508
1526
1410
1494
1432
1455
1499
1544
1444
1535
1475
1485
1412
1404
1445
1429
1393
1393
1472
1424
1490
1419
1426
1327
1383
1349
1426
1318
1367
1335
1323
1336
1404
1344
1390
1303
1381
1437
1335
1357
1393
1276
1336
1358
1244
1192
1255
1319
1250
1229
1309
1209
1354
1219
1224
1199
1316
1277
1249
1301
1243
1307
1155
1175
1260
1162
1201
1329
1200
1233
1227
1218
1202
1251
1260
1298
1291
1242
1153
1155
1148
1178
1255
1228
1202
1167
1186
1162
1231
1267
1313
1298
1295
1288
1215
1245
1262
1300
1197
1189
1232
1226
1213
1226
1072
1291
1276
1219
1243
1308
1262
1217
1298
1243
1145
1193
1259
1184
1121
1204
1184
1157
1178
1073
1133
1180
1155
1182
1165
1238
1188
1231
1233
1195
1218
1178
1239
1209
1126
1205
1108
1113
1127
1141
1207
1248
1177
1290
1223
1214
1271
1141
1217
1247
1050
1087
1137
1150
1249
1172
1199
1119
1166
1171
1159
1113
1287
1230
1239
1206
1231
1155
1250
1157
1220
1174
1178
1120
1157
1218
1258
1245
1234
1259
1166
1222
1206
1186
1192
1182
1124
1180
1142
1165
1226
1191
1128
1251
1232
1115
1229
1130
1207
1292
1162
1202
1268
1159
1176
1280
1168
1165
1218
1219
1210
1208
1193
1196
1243
1163
1219
1226
1135
1358
1086
1193
1202
1227
1230
1257
1042
1229
1309
1176
1246
1307
1240
1183
1151
1222
1172
1228
1189
1204
1205
1114
1129
1190
1139
1233
1234
1206
1121
1294
1255
1269
1132
1113
1186
1194
1144
1141
1122
1210
1115
1175
1157
1130
1173
1139
1211
1173
1121
1274
1235
1270
1136
1234
1138
1157
1201
1133
1240
1027
1186
1205
1160
1154
1092
1160
1138
1198
1243
1166
1201
1192
1307
1278
1286
1319
1210
1196
1134
1201
1171
1209
1245
1140
1078
1113
1219
1190
1092
1068
1180
1216
1178
1233
1140
1250
1169
1161
1183
1206
1151
1265
1105
1094
1124
1122
1174
1132
1163
1273
1249
1183
1153
1129
1154
1246
1274
1127
1085
1130
1257
1040
1024
1065
1177
1197
1202
1265
1132
1176
1164
1235
1275
1158
1116
1109
1058
1156
1145
1237
1162
1149
1104
1063
1100
1191
1080
1158
1144
1240
1148
1237
1268
1209
1076
1081
1129
1167
1176
1133
1210
1279
1172
1139
1164
1205
1192
1206
1325
1124
1216
1221
1167
1152
1295
1285
1175
1153
1172
1242
1211
1318
1121
1111
1193
1164
1238
1225
1164
1249
1176
1214
1320
1130
1247
1214
1258
1271
1153
1224
1146
1192
1129
1191
1148
1213
1211
1152
1223
1188
1229
1143
1165
1203
1240
1172
1159
1234
1227
1106
1143
1176
1093
1145
1154
1198
1230
1282
1235
1228
1185
1277
1144
1246
1220
1246
1206
1162
1225
1217
1256
1173
1195
1173
1128
1121
1247
1192
1186
1272
1192
1179
1164
1245
1191
1282
1193
1101
1199
1242
1181
1215
1240
1215
1176
1238
1168
1328
1218
1188
1156
1268
1218
1207
1237
1299
1255
1188
1106
1203
1201
1193
1154
1086
1208
1084
1201
1252
1139
1189
1197
1183
1018
1144
1189
1235
1298
1213
1101
1202
1155
1186
1213
1245
1082
1127
1180
1151
1210
1217
1246
1210
1235
1217
1172
1197
1202
1207
1181
1243
1095
1245
1221
1163
1117
1191
1219
1187
1159
1174
1170
1276
1203
1194
1107
1095
1229
1180
1208
1134
1254
1112
1153
1162
1180
1253
1263
1194
1200
1159
1173
1135
1312
1231
1264
1187
1197
1154
1217
1293
1192
1184
1191
1178
1156
1308
1114
1218
1200
1062
1115
1146
1124
1189
1102
1136
1149
1181
1125
1244
1260
1236
1243
1203
1254
1210
1144
1159
1252
1178
1211
1197
1143
1118
1152
1176
1137
1303
1249
1194
1275
1184
1147
1112
1102
1226
1207
1184
1206
1234
1201
1169
1007
1204
1208
1215
1161
1215
1161
1213
1206
1153
1230
1153
1255
1208
1187
1245
1078
1255
1255
1168
1125
1304
1086
1125
1181
1261
1240
1127
1198
1130
1144
1181
1182
1177
1172
1195
1305
1231
1202
1071
1088
1170
1110
1103
1153
1259
1205
1277
1190
1200
1223
1191
1160
1148
1143
1117
1164
1160
1085
1202
1150
1091
1247
1102
1108
1180
1163
1256
1163
1184
1162
1190
1182
1185
1159
1215
1143
1200
1220
1241
1177
1301
1150
1140
1171
1146
1234
1160
1158
1111
1136
1266
1142
1282
1169
1163
1202
1217
1156
1143
1215
1104
1156
1167
1228
1051
1187
1200
1196
1061
1165
1261
1184
1182
1207
1171
1196
1328
1129
1098
1233
1221
1096
1192
1204
1116
1261
1191
1074
1219
1174
1128
1243
1156
1148
1254
1184
1227
1207
1193
1209
1141
1157
1219
1096
1218
1207
1158
1173
1152
1193
1189
1140
1267
1240
1141
1185
1314
1094
1219
1097
1204
1088
1136
1088
1126
1186
997
1228
1173
1252
1270
1097
1129
1254
1199
1189
1274
1167
1114
1150
1192
1160
1172
1222
1278
1205
1184
1248
1312
1129
1240
1197
1271
1204
1245
1152
1254
1194
1227
1141
1174
1201
1097
1163
1193
1066
1201
1168
1168
1253
1207
1277
1230
1222
1200
1242
1160
1211
1180
1165
1011
1158
1200
1358
1153
1056
1266
1142
1185
1094
1164
1145
1207
1106
1315
1177
1130
1042
1062
1158
1129
1207
1258
1202
1127
1162
1276
1159
1195
1157
1195
1184
1121
1169
1201
1125
1228
1169
1109
1187
1114
1206
1194
1145
1179
1172
1170
1135
1252
1212
1182
1185
1170
1194
1167
1212
1163
1226
1149
1197
1188
1245
1230
1332
1184
1179
1157
1207
1273
1109
1176
1268
1205
1175
1164
1240
1120
1167
1139
1073
1216
1193
1141
1203
1192
1161
1153
1233
1169
1180
1180
1149
1159
1155
1127
1099
1158
1251
1199
1189
1213
1123
1180
1308
1256
1123
1153
1195
1222
1189
1166
1136
1211
1100
1146
1196
1120
1192
1189
1155
1108
1027
1304
1179
1119
1063
1177
1167
1078
1208
1118
1133
1142
1185
1180
1257
1082
1189
1093
1091
1190
1175
1175
1221
1228
1111
1119
1206
1153
1104
1284
1193
1302
1172
1020
1148
1161
1145
1253
1210
1262
1157
1197
1101
1188
1215
1129
1070
1207
1165
1178
1115
1120
1310
1233
1205
1164
1199
1222
1184
1204
1197
1144
1164
1178
1268
1074
1142
1277
1257
1200
1194
1181
1148
1228
1134
1199
1122
1138
1139
1180
1069
1172
1246
1162
1206
1146
1175
1209
1087
1292
1118
1147
1217
1175
1170
1151
1189
1150
1195
1108
1076
1157
1176
1181
1168
1327
1234
1177
1292
1135
1095
1096
1168
1119
1196
1130
1129
1189
1186
1189
1203
1172
1260
1276
1185
1064
1195
1135
1237
1178
1157
1210
1084
1158
1156
1197
1286
1236
1181
1123
1168
1111
1099
1132
1115
1086
1147
1098
1215
1138
1167
1061
1074
1134
1106
1350
1276
1212
1187
1153
1114
1195
1136
1220
1109
1190
1094
1130
1228
1235
1231
1245
1191
1180
1179
1183
1133
1129
1137
1140
1090
1223
1191
1227
1250
1172
1244
1167
1240
1083
1067
1111
1126
1176
1086
1182
1047
1191
1100
1114
1198
1181
1197
1244
1173
1249
1287
1237
1115
1223
1062
1128
1084
1132
1269
1154
1172
1114
1224
1147
1207
1250
1277
