1167
1075
1121
1137
1245
1121
1208
1202
1139
1143
1133
1172
1152
1241
1182
1192
1170
1114
1181
1319
1095
1202
1195
1202
1206
1157
1213
1091
1232
1143
1197
1041
1219
1187
1153
1174
1141
1241
1153
1184
1115
1285
1244
1199
1240
1210
1052
1116
1049
1103
1151
1183
1182
1133
1163
1183
1173
1135
1223
1179
1273
1140
1221
1175
1227
1245
1262
1069
1099
1182
1115
1188
1084
1219
1229
1200
1187
1158
1113
1137
1163
1242
1212
1178
1138
1092
1151
1115
1133
1270
1137
1185
1172
1152
1335
1186
1089
1226
1137
1138
1178
1111
1208
1185
1096
1165
1192
1092
1167
1164
1175
1138
1057
1118
1214
1194
1116
1120
1179
1187
1174
1182
1219
1218
1256
1252
1065
1233
1192
1249
1226
1205
1198
1197
1273
1070
1133
1122
1186
1156
1203
1226
1222
1210
1222
1164
1148
1108
1169
1200
1106
1166
1206
1236
1208
1224
1125
1165
1137
1126
1225
1205
1161
1103
1175
1212
1236
1182
1198
1194
1193
1136
1200
1171
1169
1131
1247
1116
1181
1347
1146
1201
1169
1174
1109
1201
1148
1247
1184
1239
1224
1181
1151
1095
1102
1285
1138
1188
1246
1184
1140
1177
1245
1203
1143
1191
1243
1158
1132
1117
1196
1133
1197
1182
1173
1243
1246
1161
1232
1101
1136
1124
1135
1063
1179
1246
1234
1097
1129
1150
1084
1278
1282
1220
1135
1146
1059
1168
1157
1108
1085
1096
1119
1208
1141
1296
1070
1172
1247
1230
1148
1206
1097
1200
1050
1191
1134
1174
1090
1106
1133
1305
1052
1143
1150
1139
1146
1219
1149
1173
1242
1182
1228
1137
1182
1185
1153
1190
1272
1046
1118
1169
1197
1178
1195
1228
1205
1163
1210
1234
1201
1220
1263
1224
1137
1095
1114
1101
1046
1106
1160
1131
1145
1171
1154
1172
1182
1184
1146
1145
1193
1282
1215
1234
1225
1189
1270
1109
1182
1223
1196
1101
1179
1075
1178
1051
1209
1068
1227
1134
1220
1140
1202
1288
1234
1203
1181
1213
1178
1128
1117
1169
1208
1228
1143
1199
1136
1235
1293
1064
1196
1109
1145
1173
1116
1167
1132
1166
1195
1238
1190
1165
1160
1152
1250
1154
1202
1216
1202
1190
1275
1300
1204
1182
1217
1225
1297
1208
1235
1186
1291
1135
1204
1200
1202
1219
1305
1165
1214
1206
1136
1145
1220
1220
1153
1173
1110
1159
1207
1131
1055
1055
1141
1066
1212
1182
1115
1211
1118
1124
1176
1117
1179
1230
1150
1227
1186
1140
1174
1207
1215
1119
1070
1218
1181
1064
1130
1203
1147
1293
1126
1186
1164
1238
1141
1186
1193
1242
1169
1207
1244
1105
1106
1053
1233
1250
1221
1087
1139
1181
1268
1179
1125
1184
1236
1165
1239
1182
1144
1160
1166
1219
1073
1132
1007
1157
1134
1108
1201
1143
1171
1195
1112
1166
1241
1218
1211
1296
1261
1220
1208
1278
1191
1123
1146
1222
1213
1127
1112
1192
1146
1154
1192
1111
1157
1183
1167
1176
1074
1119
1257
1265
1181
1237
1213
1242
1160
1120
1286
1273
1140
1165
1177
1122
1213
1167
1102
1258
1201
1315
1212
1117
1290
1121
1311
1109
1150
1164
1185
1243
1091
1265
1223
1173
1118
1162
1288
1145
1151
1137
1216
1173
1129
1213
1203
1195
1067
1235
1113
1139
1139
1209
1128
1152
1075
1197
1317
1201
1112
1214
1187
1199
1164
1176
1207
1147
1151
1231
1216
1219
1217
1174
1070
1146
1087
1223
1127
1051
1143
1110
1225
1243
1264
1280
1267
1181
1261
1225
1184
1147
1060
1179
1164
1180
1183
1114
1272
1242
1318
1179
1161
1272
1286
1153
1193
1141
1209
1188
1134
1164
1183
1216
1145
1082
1098
1112
1192
1282
1183
1221
1169
1164
1138
1186
1231
1194
1265
1135
1118
1168
1130
1076
1183
1213
1269
1239
1201
1222
1130
1230
1215
1086
1169
1190
1176
1187
1076
1171
1276
1115
1232
1113
1079
1141
1211
1126
1264
1194
1103
1252
1159
1177
1066
1160
1176
1185
1140
1164
1076
1167
1173
1142
1056
1236
1188
1115
1139
1100
1092
1189
1217
1239
1102
1126
1117
1076
1042
1243
1120
1079
1208
1234
1178
1132
1222
1280
1277
1225
1149
1205
1213
1157
1156
1159
1117
1125
1139
1168
1100
1225
1189
1238
1158
1274
1186
1247
1136
1153
1169
1152
1189
1227
1142
1181
1209
1150
1190
1215
1221
1180
1206
1147
1161
1165
1160
1181
1165
1194
1189
1121
1205
1231
1266
1133
1152
1114
1183
1163
1189
1163
1180
1225
1295
1118
1135
1144
1164
1149
1166
1196
1270
1103
1167
1175
1227
1161
1175
1213
1304
1178
1233
1123
1103
1168
1167
1176
1220
1165
1167
1154
1187
1193
1097
1163
1200
1139
1155
1110
1225
1127
1028
1260
1180
1189
1165
1164
1243
1223
1198
1245
1152
1139
1139
1160
1245
1208
1166
1276
1221
1168
1171
1265
1216
1206
1208
1151
1209
1186
1202
1081
1176
1112
1036
1164
1256
1110
1176
1214
1228
1216
1159
1168
1145
1244
1157
1242
1170
1121
1212
1184
1243
1196
1085
1234
1154
1213
1138
1051
1114
1049
1113
1134
1225
1130
1184
1207
1107
1180
1248
1191
1195
1154
1173
1165
1195
1035
1175
1199
1156
1157
1234
1107
1179
1145
1230
1177
1185
1176
1206
1203
1146
1156
1236
1116
1279
1202
1153
1142
1208
1235
1180
1159
1091
1138
1106
1187
1094
1136
1225
1205
1182
1193
1242
1088
1121
1188
1210
1156
1086
1124
1187
1138
1200
1046
1289
1199
1148
1139
1173
1200
1151
1075
1218
1231
1059
1166
1163
1095
1204
1193
1106
1239
1142
1121
1132
1116
1151
1159
1213
1191
1194
1206
1201
1146
1257
1307
1107
1117
1214
1221
1226
1080
1111
1163
1200
1166
1172
1051
1115
1261
1182
1158
1202
1215
1288
1185
1223
1135
1172
1176
1170
1145
1083
1183
1200
1155
1110
1079
1162
1344
1234
1164
1140
1333
1195
1135
1189
1171
1260
1170
1184
1206
1215
1293
1197
1161
1201
1195
1027
1193
1234
1188
1209
1140
1276
1241
1251
1211
1267
1227
1184
1175
1271
1163
1238
1216
1155
1207
1222
1117
1154
1110
1251
1143
1184
1160
1228
1188
1177
1284
1227
1145
1119
1123
1173
1256
1120
1135
1233
1154
1171
1200
1241
1260
1271
1209
1209
1152
1154
1267
1131
1112
1094
1128
1154
1241
1160
1182
1151
1121
1139
1190
1239
1226
1189
1135
1188
1195
1209
1187
1192
1170
1170
1163
1103
1066
1183
1213
1276
1122
1185
1187
1207
1166
1244
1200
1201
1186
1195
1181
1098
1208
1102
1162
1107
1130
1140
1183
1185
1268
1215
1213
1256
1171
1163
1231
1205
1227
1197
1240
1314
1192
1119
1147
1163
1167
1116
1106
1186
1175
1285
1140
1232
1264
1214
1206
1254
1184
1254
1343
1244
1123
1186
1183
1110
1122
1236
1129
1185
1111
1273
1186
1153
1202
1202
1110
1188
1201
1226
1196
1232
1205
1170
1146
1118
1211
1193
1240
1138
1186
1225
1150
1243
1227
1274
1249
1111
1182
1142
1168
1131
1224
1156
1161
1154
1191
1214
1215
1206
1222
1222
1157
1224
1213
1290
1206
1163
1132
1127
1083
1149
1184
1083
1257
1183
1251
1159
1202
1170
1204
1173
1123
1253
1042
1132
1186
1066
1072
1201
1142
1144
1100
1270
1184
1178
1156
1310
1191
1132
1265
1195
1235
1159
1229
1174
1138
1104
1166
1192
1306
1158
1120
1170
1300
1211
1078
1185
1073
1225
1135
1246
1168
1160
1199
1118
1150
1207
1138
1109
1125
1199
1135
1208
1175
1152
1249
1259
1342
1154
1123
1229
1151
1137
1163
1200
1272
1157
1140
1243
1122
1224
1257
1281
1213
1221
1055
1178
1167
1161
1303
1220
1187
1154
1162
1180
1200
1160
1168
1141
1100
1146
1243
1241
1222
1141
1285
1145
1218
1203
1153
1280
1141
1144
1183
1169
1132
1222
1224
1176
1124
1224
1163
1152
1213
1222
1150
1314
1240
1221
1121
1136
1178
1230
1156
1238
1264
1211
1213
1122
1258
1180
1221
1218
1249
1214
1163
1146
1266
1181
1205
1185
1067
1195
1126
1155
1126
1162
1251
1141
1152
1254
1253
1195
1221
1194
1146
1179
1209
1250
1178
1119
1131
1154
1194
1157
1269
1082
1173
1188
1157
1166
1127
1184
1198
1173
1170
1233
1178
1169
1252
1131
1128
1141
1094
1116
1154
1197
1133
1133
1068
1131
1173
1172
1243
1184
1182
1090
1233
1204
1203
1236
1179
1223
1197
1164
1213
1127
1242
1324
1085
1197
1110
1082
1155
1200
1141
1165
1211
1208
1285
1171
1253
1158
1188
1124
1288
1200
1294
1228
1177
1117
1186
1162
1199
1240
1227
1119
1193
1206
1170
1239
1147
1139
1134
1204
1265
1168
1228
1140
1257
1115
1087
1158
1125
1187
1197
1115
1195
1199
1249
1123
1254
1270
1071
1202
1176
1230
1182
1230
1155
1113
1219
1177
1193
1227
1273
1126
1302
1189
1165
1228
1178
1229
1140
1159
1178
1212
1070
1188
1158
1155
1214
1150
1057
1241
1153
1243
1148
1073
1164
1159
1206
1149
1083
1215
1202
1190
1177
1260
1111
1183
1156
1240
1236
1109
1220
1198
1183
1082
1177
1162
1154
1093
1024
1098
1153
1209
1202
1183
1089
1300
1124
1162
1206
1123
1304
1210
1213
1062
1200
1177
1159
1263
1191
1247
1194
1157
1159
1211
1201
1162
1239
1093
1250
1226
1142
1164
1133
1228
1096
1142
1254
1085
1140
1144
1163
1285
1149
1205
1105
1188
1230
1174
1187
1219
1239
1238
1130
1230
1119
1254
1137
1119
1195
1197
1186
1106
1261
1101
1173
1099
1156
1123
1280
1138
1198
1144
1101
1198
995
1215
1179
1215
1171
1125
1261
1179
1158
1200
1147
1125
1158
1143
1191
1243
1133
1248
1117
1154
1255
1213
1196
1293
1195
1375
1115
1116
1258
1167
1171
1170
1210
1188
1186
1142
1060
1103
1087
1153
1147
1132
1162
1195
1116
1162
1162
1275
1175
1049
1143
1040
1248
1226
1258
1236
1164
1222
1191
1268
1267
1222
1215
1210
1234
1026
1177
1178
1141
1160
1106
1133
1135
1184
1218
1165
1194
1207
1124
1123
1244
1157
1149
1093
1192
1141
1151
1210
1190
1118
1240
1213
1122
1142
1141
1208
1126
1191
1188
1175
1179
1220
1247
1248
1227
1242
1250
1272
1209
1131
1263
1191
1280
1225
1177
1212
1198
1225
1182
1189
1181
1237
1156
1196
1200
1326
1255
1189
1299
1241
1245
1168
1251
1168
1172
1182
1195
1132
1244
1181
1206
1316
1175
1279
1271
1276
1237
1183
1243
1245
1088
1182
1167
1344
1205
1144
1082
1286
1149
1304
1178
1324
1271
1278
1315
1232
1273
1355
1255
1193
1266
1193
1243
1155
1210
1254
1213
1203
1234
1244
1190
1210
1241
1301
1237
1232
1257
1314
1225
1207
1175
1275
1226
1244
1170
1313
1230
1203
1215
1155
1262
1169
1322
1259
1224
1245
1165
1313
1309
1203
1309
1288
1242
1259
1313
1281
1281
1253
1246
1214
1165
1385
1249
1267
1207
1193
1216
1329
1308
1274
1308
1309
1246
1241
1363
1303
1232
1301
1233
1352
1216
1250
1278
1342
1301
1260
1201
1304
1344
1256
1371
1372
1297
1348
1374
1304
1270
1315
1350
1326
1295
1266
1437
1263
1430
1332
1350
1401
1194
1373
1257
1358
1408
1365
1350
1355
1315
1300
1387
1406
1369
1376
1402
1394
1461
1413
1403
1431
1441
1405
1512
1473
1330
1417
1350
1380
1458
1344
1483
1389
1544
1413
1426
1445
1478
1530
1378
1478
1511
1520
1454
1471
1439
1442
1502
1458
1531
1434
1532
1628
1551
1637
1531
1534
1566
1716
1669
1493
1593
1534
1438
1594
1594
1518
1655
1511
1641
1617
1614
1749
1723
1793
1820
1722
1709
1650
1724
1747
1681
1607
1567
1726
1675
1709
1645
1759
1881
1819
1696
1783
1855
1788
1787
1931
1870
1913
1887
1846
1814
1866
1818
1812
1960
1791
1969
1937
1957
1943
1950
1942
1937
1983
2056
2052
1966
1922
2017
1994
2050
2030
2060
2109
2167
2038
2117
2148
2179
2068
2240
2105
2065
2113
2142
2253
2207
2089
2198
2193
2204
2174
2289
2247
2182
2213
2340
2304
2356
2448
2505
2330
2438
2406
2420
2425
2486
2533
2340
2408
2332
2409
2435
2532
2441
2521
2376
2489
2507
2588
2554
2682
2652
2615
2550
2679
2756
2764
2803
2630
2731
2623
2701
2709
2807
2788
2668
2782
2819
2830
2744
2867
2829
2955
2934
2879
2985
2929
2995
3062
2966
3061
3077
2903
2945
2987
3053
2984
3044
3023
3196
3185
3124
3158
3223
3173
3162
3282
3281
3206
3288
3454
3387
3165
3249
3224
3328
3266
3371
3326
3507
3514
3248
3502
3354
3509
3414
3422
3511
3533
3522
3488
3495
3528
3603
3604
3639
3560
3719
3693
3629
3514
3696
3671
3613
3608
3707
3653
3669
3613
3720
3832
3705
3838
3758
3873
3689
3712
3741
3898
3731
4007
3881
3841
3957
3833
3803
3931
3892
3867
4119
3957
3988
4039
3988
3913
4107
4091
3995
3995
4134
4154
3958
4086
4221
4045
4058
4051
4072
4012
4104
4135
4243
4169
4301
4144
4101
4099
4218
4259
4230
4309
4365
4256
4244
4241
4281
4273
4293
4107
4118
4287
4246
4136
4244
4306
4259
4231
4431
4403
4311
4431
4387
4286
4316
4417
4322
4394
4365
4275
4421
4338
4317
4273
4151
4224
4140
4340
4426
4250
4284
4404
4253
4301
4412
4389
4323
4290
4452
4405
4172
4193
4270
4300
4229
4241
4164
4323
4268
4281
4241
4234
4236
4369
4202
4356
4273
4178
4238
4271
4239
4085
4204
4118
4156
4040
4160
3985
4033
4157
4207
4049
4110
4029
4029
3978
3962
3848
3914
4122
3991
3936
3937
3951
3933
4075
3906
3872
3815
3867
3763
3828
3586
3662
3638
3595
3784
3677
3590
3809
3813
3640
3748
3523
3725
3719
3656
3661
3672
3549
3558
3565
3465
3511
3530
3440
3521
3443
3433
3481
3572
3252
3299
3470
3424
3296
3234
3266
3239
3234
3334
3245
3195
3248
3244
3087
3288
3259
3222
3211
3125
2993
2903
3079
3111
3002
2986
3009
2883
3009
3045
2870
2802
2853
2860
2837
2890
2830
2800
2731
2795
2971
2842
2643
2754
2637
2733
2789
2663
2599
2634
2633
2746
2546
2598
2725
2550
2503
2572
2452
2495
2483
2384
2458
2583
2298
2391
2370
2290
2361
2354
2313
2277
2204
2193
2227
2221
2251
2202
2154
2166
2093
2229
2181
2039
2148
2015
2101
2100
2036
2011
2016
1981
2029
2033
1896
1960
1947
1965
1874
1997
2046
1945
1820
1802
1886
1871
1766
1905
1809
1795
1754
1769
1836
1715
1744
1737
1809
1809
1769
1680
1599
1702
1629
1615
1628
1679
1662
1613
1651
1693
1655
1621
1497
1634
1628
1515
1626
1600
1544
1597
1513
1586
1590
1559
1507
1468
1475
1440
1541
1502
1489
1416
1447
1451
1409
1423
1366
1396
1446
1443
1436
1389
1360
1430
1302
1310
1359
1286
1331
1262
1312
1395
1207
1286
1338
1242
1356
1294
1314
1360
1255
1329
1310
1241
1268
1362
1267
1164
1390
1373
1218
1277
1176
1208
1260
1272
1239
1348
1290
1283
1295
1318
1355
1225
1404
1247
1399
1277
1199
1343
1262
1174
1190
1114
1195
1199
1125
1228
1368
1203
1220
1272
1286
1212
1196
1294
1250
1253
1196
1198
1074
1295
1087
1235
1206
1238
1176
1220
1275
1341
1155
1063
1244
1299
1266
1134
1148
1160
1212
1183
1175
1236
1171
1146
1057
1229
1241
1256
1191
1244
1198
1291
1188
1150
1119
1185
1197
1218
1166
1178
1143
1105
1251
1227
1305
1250
1243
1216
1203
1296
1252
1221
1344
1193
1207
1212
1065
1180
1118
1160
1236
1197
1157
1187
1122
1290
1277
1143
1272
1184
1247
1302
1312
1253
1234
1203
1152
1186
1201
1162
1176
1104
1163
1118
1135
1158
1114
1183
1144
1268
1113
1162
1201
1243
1258
1124
1206
1117
1142
1214
1187
1232
1214
1285
1206
1197
1196
1133
1177
1164
1188
1172
1218
1176
1234
1137
1143
1263
1138
1142
1177
1226
1257
1173
1164
1203
1204
1193
1188
1163
1231
1139
1134
1208
1198
1173
1069
1188
1101
1137
1201
1181
1245
1221
1231
1119
1137
1242
1068
1202
1074
1148
1102
1238
1239
1201
1152
1218
1146
1179
1177
1183
1163
1164
1226
1273
1158
1222
1187
1175
1125
1181
1129
1216
1239
1161
1205
1221
1229
1197
1169
1250
1267
1228
1271
1187
1110
1292
1245
1208
1185
1241
1162
1220
1129
1157
1221
1162
1136
1089
1131
1119
1214
1194
1187
1215
1205
1248
1189
1183
1130
1108
1123
1218
1194
1202
1159
1269
1307
1140
1216
1134
1139
1133
1171
1130
1123
1223
1249
1173
1226
1229
1215
1169
1211
1217
1202
1231
1163
1177
1183
1184
1142
1197
1185
1150
1238
1158
1167
1104
1155
1180
1140
1160
1250
1195
1216
1201
1220
1198
1091
1250
1317
1175
1136
1143
1079
1261
1129
1132
1180
1175
1289
1143
1199
1259
1168
1135
1166
1206
1162
1139
1164
1188
1138
1169
1095
1173
1254
1202
1183
1173
1248
1285
1200
1220
1262
1247
1128
1085
1221
1248
1146
1194
1250
1170
1159
1168
1244
1206
1215
1149
1245
1265
1149
1253
1120
1182
1159
1205
1156
1143
1070
1126
1104
1185
1145
1207
1233
1208
1215
1138
1155
1200
1145
1225
1185
1143
1147
1173
1186
1237
1186
1284
1112
1208
1161
1206
1285
1181
1173
1218
1189
1128
1131
1231
1155
1036
1167
1205
1225
1173
1190
1274
1138
1205
1278
1275
1110
1128
1207
1210
1092
1154
1161
1170
1127
1021
1134
1192
1221
1213
1192
1168
1290
1186
1165
1188
1181
1158
1164
1180
1244
1158
1297
1125
1241
1217
1216
1158
1087
1101
1175
1234
1218
1191
1260
1206
1207
1202
1230
1281
1279
1131
1154
1149
1224
1110
1118
1191
1301
1049
1200
1235
1229
1194
1154
1264
1167
1299
1134
1185
1122
1240
1109
1234
1156
1159
1164
1129
1107
1181
1158
1262
1341
1201
1246
1279
1093
1182
1130
1216
1200
1232
1222
1171
1243
1220
1255
1237
1191
1146
1211
1136
1242
1089
1172
1153
1199
1232
1208
1099
1176
1169
1156
1220
1169
1136
1230
1254
1239
1131
1202
1231
1220
1381
1255
1205
1144
1192
1275
1100
1074
1146
1179
1150
1174
1200
1180
1161
1079
1157
1161
1192
1274
1171
1167
1100
1160
1145
1151
1230
1291
1172
1221
1220
1198
1179
1293
1112
1103
1117
1153
1100
1200
1166
1176
1264
1210
1265
1200
1279
1237
1205
1237
1279
1197
1033
1123
1155
1036
1123
1111
1124
1099
1171
1215
1213
1109
1172
1205
1205
1236
1213
1290
1211
1182
1190
1240
1182
1188
1125
1193
1215
1221
1193
1167
1131
1247
1250
1252
1244
1119
1247
1221
1137
1248
1101
1117
1240
1130
1164
1135
1130
1189
1207
1195
1145
1182
1239
1237
1125
1149
1190
1176
1191
1208
1211
1079
1209
1236
1164
1155
1118
1180
1110
1219
1168
1206
1100
1124
1214
1070
1152
1133
1171
1142
1265
1187
1178
1223
1161
1175
1224
1265
1303
1162
1163
1124
1230
1235
1084
1278
1166
1177
1171
1157
1199
1192
1177
1193
1235
1235
1190
1123
1192
1201
1162
1250
1175
1197
1178
1126
1231
1146
1179
1121
1226
1181
1093
1141
1107
1089
1174
1180
1138
1219
1103
1180
1188
1203
1185
1160
1189
1164
1175
1281
1086
1187
1266
1204
1237
1260
1165
1285
1152
1077
1245
1170
1181
1114
1244
1212
1154
1170
1166
1216
1155
1120
1201
1202
1244
1124
1253
1174
1218
1212
1257
1215
1186
1189
1121
1183
1122
1164
1084
1123
1176
1204
1079
1187
1222
1253
1256
1212
1184
1270
1210
1287
1260
1161
1230
1138
1155
1163
1186
1125
1166
1223
1169
1157
1187
1161
1078
1056
1207
1095
1228
1219
1114
1202
1189
1172
1127
1156
1239
1087
1112
1178
1186
1171
1217
1143
1148
1123
1104
1263
1247
1141
1261
1205
1184
1174
1235
1065
1197
1180
1275
1186
1122
1135
1208
1180
1144
1189
1155
1213
1097
1148
1212
1150
1136
1255
1147
1150
1129
1146
1080
1212
1140
1091
1207
1256
1191
1266
1224
1238
1239
1171
1254
1148
1179
1118
1110
1079
1144
1112
1075
1054
1222
1153
1170
1140
1057
1185
1242
1238
1219
1070
1227
1250
1153
1216
1192
1109
1197
1219
1196
1230
1175
1177
1198
1143
1038
1173
1200
1163
1259
1126
1132
1246
1208
1194
1111
1162
1124
1106
1080
1165
1111
1111
1194
1270
1138
1166
1192
1212
1286
1217
1284
1264
1209
1239
1232
1183
1164
1181
1178
1064
1114
1237
1136
1009
1230
1224
1155
1245
1183
1133
1260
1275
1163
1227
1187
1189
1145
1248
1161
1130
1139
1117
1202
1179
1172
1088
1262
1216
1177
1224
1201
1125
1222
1235
1227
1190
1146
1172
1219
1186
1140
1171
1143
1207
1154
1187
1232
1190
1141
1241
1236
1129
1245
1263
1248
1151
1188
1278
1214
1225
1252
1158
990
1093
1238
1170
1186
1259
1238
1123
1255
1167
1248
1188
1179
1127
1176
1171
1133
1191
1207
1201
1164
1152
1152
1146
1236
1161
1257
1186
1224
1184
1128
1233
1242
1149
1166
1152
1220
1159
1050
1043
1105
1201
1152
1234
1142
1184
1232
1232
1138
1176
1235
1129
1244
1087
1214
1096
1163
1012
1111
1242
1177
1284
1226
1190
1235
1246
1218
1225
1145
1158
1138
1252
1115
1150
1071
1158
1198
1224
1137
1180
1186
1101
1165
1202
1232
1255
1218
1233
1197
1319
1265
1226
1274
1155
1119
1192
1160
1228
1102
1222
1204
1199
1182
1194
1243
1139
1207
1195
1217
1122
1190
1143
1080
1122
1145
1152
1297
1197
1162
1166
1210
1166
1192
1287
1182
1199
1208
1220
1035
1200
1118
1140
1209
1091
1140
1138
1204
1194
1181
1268
1141
1191
1116
1150
1136
1139
1261
1213
1215
1259
1190
1283
1205
1300
1241
1227
1276
1209
1279
1184
1188
1198
1116
1154
1164
1142
1099
1127
1247
