1277
1175
1178
1159
1161
1198
1245
1201
1258
1165
1109
1177
1129
1193
1191
1152
1160
1111
1143
1131
1113
1164
1201
1163
1202
1241
1130
1273
1240
1201
1176
1269
1175
1261
1194
1086
1247
1181
1141
1244
1215
1227
1203
1083
1141
1261
1192
1140
1239
1114
1165
1170
1132
1254
1163
1208
1207
1131
1161
1252
1172
1176
1112
1163
1115
1252
1156
1191
1235
1133
1184
1179
1241
1190
1189
1128
1292
1201
1261
1138
1227
1316
1143
1259
1089
1217
1136
1153
1098
1217
1147
1134
1156
1144
1225
1170
1247
1143
1178
1174
1095
1054
1132
1114
1178
1143
1186
1148
1225
1225
1185
1239
1198
1153
1153
1239
1284
1084
1205
1211
1124
1099
1141
1108
1236
1100
1016
1258
1030
1088
1170
1157
994
1176
1185
1191
1220
1124
1147
1151
1139
1183
1189
1266
1150
1137
1184
1102
1099
1180
1135
1187
1042
1214
1227
1236
1221
1150
1175
1219
1182
1158
1234
1218
1257
1237
1135
1219
1175
1235
1075
1190
1192
1135
1149
1242
1150
1162
1296
1216
1237
1229
1186
1133
1103
1236
1086
1106
1122
1210
1232
1189
1176
1257
1133
1254
1277
1308
1219
1280
1241
1228
1192
1241
1128
1173
1208
1162
1164
1270
1202
1122
1236
1228
1255
1271
1148
1242
1227
1210
1225
1332
1195
1159
1173
1080
1206
1243
1163
1120
1205
1298
1078
1223
1191
1148
1139
1205
1153
1180
1153
1212
1141
1161
1168
1142
1160
1224
1183
1238
1130
1204
1023
1132
1142
1144
1093
1167
1143
1254
1263
1220
1236
1218
1185
1162
1261
1147
1163
1199
1150
1203
1140
1194
1193
1043
1241
1155
1156
1260
1174
1239
1147
1080
1166
1202
1103
1111
1267
1104
1143
1209
1213
1200
1180
1232
1226
1225
1191
1162
1167
1183
1207
1293
1241
1213
1295
1086
1089
1195
1207
1172
1228
1217
1045
1259
1098
1223
1167
1288
1181
1252
1195
1215
1135
1108
1274
1181
1118
1171
1243
1159
1170
1173
1255
1195
1242
1077
1186
1137
1136
1092
1159
1178
1117
1186
1164
1047
1242
1154
1121
1188
1201
1290
1194
1101
1203
1198
1129
1253
1141
1158
1202
1180
1190
1197
1247
1215
1147
1189
1091
1175
1182
1184
1300
1256
1118
1184
1193
1157
1130
1236
1174
1128
1264
1063
1198
1146
1214
1101
1186
1193
1207
1296
1162
1229
1270
1174
1106
1141
1262
1139
1171
1196
1130
1088
1150
1245
1079
1205
1153
1137
1193
1070
1168
1196
1253
1122
1167
1150
1155
1271
1147
1127
1211
1048
1208
1094
1156
1088
1203
1172
1207
1119
1223
1159
1185
1170
1243
1171
1201
1226
1188
1108
1188
1207
1242
1187
1132
1060
1271
1126
1280
1181
1163
1190
1253
1163
1194
1217
1153
1153
1093
1206
1207
1108
1031
1143
1178
1206
1194
1207
1148
1182
1311
1177
1224
1203
1207
1181
1204
1196
1156
1133
1103
1243
1244
1190
1090
1155
1096
1178
1142
1208
1156
1198
1165
1188
1104
1068
1214
1287
1236
1248
1173
1129
1178
1130
1092
1113
1264
1180
1233
1220
1097
1222
1103
1142
1182
1186
1135
1205
1234
1159
1150
1114
1205
1133
1221
1222
1210
1183
1125
1154
1268
1234
1133
1215
1130
1190
1167
1092
1217
1205
1139
1149
1303
1169
1163
1294
1198
1144
1150
1178
1195
1145
1145
1206
1056
1273
1219
1258
1217
1160
1116
1194
1234
1205
1221
1252
1227
1282
1158
1176
1205
1283
1085
1227
1188
1174
1126
1239
1181
1102
1130
1133
1156
1139
1216
1162
1176
1124
1148
1224
1237
1162
1201
1156
1153
1223
1135
1273
1134
1162
1243
1152
1257
1188
1285
1190
1098
1183
1260
1130
1241
1188
1207
1143
1175
1179
1152
1168
1246
1145
1131
1183
1138
1096
1153
1121
1129
1084
1208
1127
1272
1207
1191
1204
1120
1180
1220
1240
1194
1184
1141
1263
1278
1217
1245
1199
1236
1236
1239
1253
1241
1128
1204
1226
1235
1112
1221
1288
1247
1226
1191
1227
1158
1258
1282
1171
1192
1134
1179
1227
1181
1236
1231
1221
1174
1259
1189
1250
1327
1196
1229
1176
1143
1270
1162
1137
1235
1131
1244
1298
1199
1243
1198
1165
1133
1191
1175
1277
1259
1170
1193
1156
1240
1191
1271
1277
1154
1264
1268
1189
1197
1219
1172
1218
1213
1192
1182
1159
1193
1163
1145
1131
1259
1110
1153
1188
1209
1261
1198
1120
1264
1238
1127
1195
1234
1254
1121
1166
1169
1168
1096
1173
1193
1185
1260
1173
1165
1174
1188
1217
1232
1281
1190
1203
1120
1355
1261
1225
1243
1219
1137
1170
1130
1145
1307
1169
1115
1121
1194
1261
1206
1081
1131
1139
1146
1172
1245
1183
1203
1174
1241
1241
1267
1179
1198
1165
1271
1226
1217
1211
1188
1208
1234
1104
1166
1094
1190
1211
1188
1153
1085
1285
1182
1230
1279
1278
1167
1159
1190
1210
1178
1194
1133
1067
1229
1076
1109
1113
1153
1134
1245
1226
1254
1193
1234
1184
1246
1229
1183
1135
1183
1149
1101
1160
1119
1189
1185
1224
1173
1232
1141
1188
1151
1163
1116
1058
1246
1168
1213
1189
1169
1179
1211
1165
1169
1232
1142
1169
1123
1158
1264
1276
1110
1210
1199
1229
1184
1268
1304
1111
1080
1154
1246
1163
1199
1091
1313
1205
1163
1219
1187
1207
1234
1274
1285
1138
1186
1241
1171
1234
1280
1203
1157
1182
1219
1177
1156
1183
1178
1203
1205
1291
1124
1154
1174
1218
1152
1207
1210
1216
1241
1169
1231
1100
1166
1135
1154
1211
1154
1284
1149
1207
1113
1174
1226
1077
1173
1201
1148
1150
1140
1182
1172
1183
1140
1256
1260
1270
1194
1181
1324
1234
1165
1202
1092
1080
1159
1152
1194
1194
1164
1106
1228
1200
1090
1219
1210
1183
1224
1140
1096
1204
1159
1166
1092
1226
1203
1164
1176
1204
1259
1087
1237
1318
1129
1217
1261
1172
1198
1254
1157
1214
1030
1104
1269
1331
1187
1183
1182
1231
1155
1256
1186
1104
1203
1314
1191
1202
1186
1162
1139
1226
1099
1135
1245
1173
1195
1237
1217
1196
1123
1131
1134
1165
1160
1164
1188
1193
1233
1158
1202
1243
1170
1228
1144
1087
1050
1106
1187
1180
1083
1177
1106
1225
1219
1195
1228
1142
1108
1173
1217
1078
1227
1125
1197
1225
1220
1194
1190
1189
1294
1172
1259
1272
1259
1255
1187
1194
1188
1198
1174
1249
1229
1240
1110
1148
1207
1225
1236
1205
1191
1173
1197
1187
1231
1149
1134
1205
1120
1189
1244
1137
1144
1157
1191
1206
1173
1177
1103
1078
1163
1122
1152
1137
1172
1235
1180
1285
1186
1269
1156
1249
1229
1203
1139
1153
1221
1224
1162
1149
1229
1216
1198
1178
1157
1183
1294
1194
1101
1098
1109
1155
1175
1240
1110
1190
1241
1168
1167
1255
1202
1158
1217
1119
1139
1130
1092
1080
1183
1109
1213
1098
1231
1172
1245
1212
1174
1159
1283
1232
1234
1153
1176
1162
1287
1201
1162
1124
1167
1154
1146
1225
1171
1226
1205
1140
1087
1179
1207
1169
1129
1232
1133
1329
1235
1189
1212
1183
1179
1181
1190
1185
1183
1238
1122
1202
1181
1193
1180
1212
1256
1188
1137
1256
1246
1090
1172
1247
1125
1139
1151
1218
1169
1156
1172
1287
1176
1119
1118
1144
1151
1224
1267
1255
1263
1175
1169
1311
1140
1278
1207
1281
1164
1209
1190
1182
1133
1146
1150
1208
1174
1135
1144
1205
1270
1225
1233
1259
1237
1263
1090
1122
1235
1154
1217
1197
1145
1275
1191
1107
1224
1181
1139
1228
1217
1167
1294
1194
1207
1255
1262
1236
1156
1151
1208
1214
1134
1199
1143
1064
1204
1274
1196
1158
1199
1155
1208
1164
1161
1144
1165
1137
1175
1261
1151
1326
1176
1230
1190
1182
1256
1280
1161
1125
1144
1208
1235
1226
1238
1155
1247
1219
1216
1179
1213
1185
1179
1188
1271
1232
1236
1179
1315
1152
1140
1243
1228
1100
1172
1126
1240
1247
1201
1159
1222
1161
1232
1239
1149
1192
1207
1181
1143
1145
1212
1217
1095
1255
1201
1170
1275
1261
1238
1183
1243
1222
1271
1149
1223
1182
1158
1137
1255
1272
1164
1129
1109
1123
1175
1178
1099
1301
1135
1244
1120
1235
1199
1190
1097
1216
1259
1220
1203
1236
1114
1090
1147
1169
1137
1172
1258
1213
1197
1292
1238
1188
1217
1198
1104
1206
1104
1305
1160
1205
1138
1124
1218
1188
1171
1275
1136
1254
1209
1226
1186
1189
1119
1083
1198
1100
1255
1181
1118
1211
1199
1173
1229
1267
1187
1144
1226
1166
1237
1276
1229
1214
1293
1168
1205
1170
1118
1097
1133
1129
1235
1203
1124
1172
1196
1128
1097
1129
1098
1111
1181
1180
1153
1187
1121
1139
1186
1125
1255
1158
1088
1152
1152
1194
1149
1155
1195
1214
1238
1174
1115
1209
1200
1219
1117
1115
1134
1187
1261
1220
1230
1143
1161
1310
1203
1131
1183
1238
1235
1136
1181
1242
1191
1176
1039
1148
1175
1188
1079
1210
1126
1230
1182
1210
1192
1193
1099
1148
1204
1245
1181
1095
1158
1124
1228
1167
1166
1274
1188
1104
1200
1178
1147
1236
1239
1145
1162
1213
1198
1130
1099
1158
1154
1165
1203
1163
1221
1197
1182
1292
1115
1278
1238
1162
1189
1226
1197
1143
1090
1145
1198
1237
1146
1182
1291
1209
1183
1235
1195
1208
1172
1175
1271
1222
1198
1230
1199
1307
1155
1170
1233
1177
1284
1033
1238
1184
1188
1179
1188
1148
1144
1138
1220
1146
1206
1159
1179
1252
1190
1193
1153
1200
1117
1232
1206
1126
1126
1119
1072
1205
1118
1180
1206
1233
1210
1172
1159
1129
1226
1121
1152
1180
1193
1231
1203
1162
1193
1224
1230
1181
1226
1195
1194
1267
1213
1195
1237
1275
1185
1187
1119
1203
1202
1109
1177
1243
1155
1177
1217
1121
1183
1203
1201
1297
1184
1210
1105
1206
1167
1182
1088
1085
1085
1211
1126
1229
1178
1194
1224
1182
1360
1256
1215
1199
1260
1229
1195
1329
1149
1203
1135
1183
1138
1196
1229
1223
1226
1133
1213
1274
1248
1169
1225
1218
1261
1249
1242
1111
1132
1174
1102
1085
1109
1062
1119
1157
1223
1211
1290
1229
1212
1218
1148
1240
1171
1094
1170
1155
1203
1176
1170
1044
1220
1140
1207
1205
1229
1280
1240
1250
1352
1394
1178
1226
1245
1138
1169
1160
1280
1183
1236
1151
1130
1166
1171
1238
1222
1148
1251
1196
1230
1266
1225
1213
1308
1298
1272
1207
1292
1182
1154
1141
1224
1182
1261
1259
1291
1239
1264
1237
1219
1296
1313
1208
1272
1224
1278
1159
1358
1257
1277
1289
1113
1277
1230
1138
1162
1220
1205
1287
1341
1283
1167
1273
1246
1275
1303
1286
1261
1170
1256
1237
1253
1284
1220
1210
1282
1305
1167
1270
1276
1243
1340
1235
1378
1254
1269
1190
1279
1206
1275
1312
1273
1300
1187
1220
1236
1162
1264
1216
1126
1359
1244
1241
1277
1317
1424
1358
1321
1347
1368
1375
1316
1323
1236
1341
1259
1274
1320
1240
1284
1235
1225
1319
1357
1307
1439
1308
1401
1350
1279
1330
1375
1335
1273
1314
1300
1381
1373
1443
1423
1436
1415
1393
1443
1324
1425
1398
1367
1315
1353
1415
1360
1404
1389
1352
1481
1346
1477
1460
1439
1455
1366
1473
1482
1496
1456
1414
1528
1352
1491
1407
1405
1498
1409
1404
1524
1536
1522
1488
1464
1476
1653
1644
1544
1471
1602
1497
1442
1569
1571
1571
1495
1686
1533
1658
1565
1588
1648
1735
1646
1724
1705
1724
1609
1657
1621
1730
1791
1644
1731
1690
1621
1635
1735
1733
1743
1706
1749
1916
1787
1752
1784
1866
1886
1821
1928
1759
1796
1870
1750
1860
1867
1959
1900
1977
1951
1978
1907
1907
2002
1941
1894
2153
2047
2092
2179
2106
1950
1975
2048
2023
1942
2103
2087
2082
2109
2161
2288
2112
2165
2221
2178
2206
2231
2249
2229
2243
2305
2158
2315
2249
2217
2380
2368
2354
2409
2377
2402
2263
2366
2373
2354
2410
2541
2315
2218
2406
2509
2575
2496
2557
2563
2537
2551
2583
2567
2647
2639
2655
2515
2665
2715
2681
2818
2826
2724
2648
2655
2870
2637
2719
2836
2847
2878
2863
2840
2814
3031
2971
2850
2937
3000
2969
2980
2910
2970
3086
2933
3075
3180
3054
3107
3074
3084
3174
3150
3099
3225
3328
3261
3086
3179
3129
3273
3260
3310
3286
3349
3356
3291
3356
3414
3335
3401
3416
3471
3522
3467
3519
3535
3551
3658
3391
3514
3504
3627
3617
3630
3589
3546
3664
3753
3703
3684
3757
3724
3912
3736
3575
3726
3727
3814
4024
3839
3944
3798
3830
3940
3787
3823
4058
3981
4044
4038
4040
3982
3952
4150
4136
4150
4111
4090
4141
4089
4257
4112
4216
4314
4121
4277
4111
4344
4212
4315
4278
4219
4248
4328
4277
4363
4450
4378
4094
4356
4429
4397
4391
4404
4258
4392
4424
4509
4404
4283
4407
4536
4595
4559
4554
4611
4559
4656
4454
4357
4560
4430
4586
4662
4652
4604
4700
4605
4579
4725
4662
4818
4762
4925
4759
4574
4716
4748
4699
4605
4680
4738
4688
4627
4713
4686
4614
4769
4767
4752
4693
4716
4820
4697
4677
4706
4610
4550
4647
4800
4748
4729
4871
4840
4681
4717
4623
4749
4777
4680
4866
4732
4851
4692
4696
4848
4871
4884
4613
4742
4662
4741
4736
4512
4557
4698
4751
4676
4834
4780
4646
4702
4579
4692
4655
4646
4694
4823
4611
4511
4588
4603
4518
4559
4609
4707
4597
4576
4509
4564
4591
4489
4535
4543
4471
4424
4534
4271
4632
4525
4395
4328
4354
4436
4296
4403
4313
4476
4386
4420
4160
4140
4183
4280
4104
4345
4017
4087
4262
4054
4032
4129
4070
3957
3981
4091
4122
4041
4186
4012
4147
4132
4088
4008
4102
3832
3909
3769
3844
3792
3763
3839
3791
4051
3837
3733
3778
3825
3639
3718
3711
3621
3710
3626
3648
3420
3630
3483
3504
3460
3447
3416
3438
3446
3484
3390
3529
3448
3309
3414
3275
3352
3294
3134
3127
3211
3095
3146
3155
3174
3216
3200
3043
3165
3037
3043
2951
3106
3036
3055
2894
2998
3010
2954
2977
2949
2753
2798
2819
2783
2667
2819
2719
2774
2786
2689
2760
2722
2581
2710
2662
2567
2671
2588
2654
2599
2436
2496
2555
2471
2483
2585
2420
2378
2566
2539
2326
2448
2410
2316
2302
2253
2348
2189
2288
2178
2155
2243
2141
2063
2125
2116
2085
2088
2180
2155
2056
2140
2061
2079
1970
2009
1986
2025
1969
2005
1953
1873
1842
1984
1917
1896
1931
1878
1851
1874
1854
1728
1865
1810
1866
1810
1675
1740
1755
1774
1767
1605
1674
1714
1800
1725
1652
1741
1610
1617
1629
1589
1608
1596
1475
1576
1653
1500
1587
1559
1569
1514
1471
1469
1558
1516
1505
1542
1424
1435
1379
1441
1493
1454
1364
1407
1468
1364
1410
1383
1515
1387
1418
1416
1454
1359
1428
1403
1380
1301
1341
1361
1395
1315
1311
1362
1346
1386
1343
1370
1432
1303
1348
1266
1317
1334
1398
1206
1349
1298
1283
1299
1199
1373
1113
1336
1219
1233
1266
1331
1196
1223
1146
1260
1245
1225
1217
1200
1365
1311
1203
1184
1254
1313
1329
1242
1303
1278
1183
1235
1197
1184
1226
1299
1157
1232
1254
1234
1154
1193
1269
1163
1123
1105
1269
1116
1180
1164
1262
1222
1264
1158
1232
1159
1237
1310
1254
1152
1260
1229
1161
1229
1208
1252
1238
1238
1224
1190
1187
1175
1119
1107
1209
1165
1178
1066
1223
1134
1293
1112
1275
1164
1125
1235
1157
1199
1205
1151
1246
1233
1153
1146
1190
1161
1247
1175
1094
1254
1208
1153
1094
1226
1110
1228
1076
1162
1324
1135
1201
1179
1202
1178
1290
1211
1192
1221
1270
1212
1153
1220
1122
1111
1113
1219
1217
1115
1176
1158
1086
1183
1172
1210
1136
1112
1066
1202
1211
1191
1134
1219
1200
1115
1156
1208
1221
1200
1221
1185
1198
1218
1213
1178
1147
1097
1221
1213
1196
1184
1150
1101
1208
1121
1215
1274
1093
1163
1181
1120
1208
1181
1193
1181
1316
1229
1185
1216
1166
1253
1103
1235
1097
1230
1153
1267
1125
1154
1177
1125
1157
1179
1196
1160
1133
1174
1263
1297
1119
1291
1223
1216
1209
1315
1217
1209
1197
1201
1207
1174
1142
1223
1188
1125
1185
1161
1174
1127
1256
1213
1201
1251
1245
1300
1233
1233
1179
1197
1079
1233
1293
1256
1108
1179
1187
1210
1202
1293
1211
1277
1210
1376
1204
1209
1297
1265
1236
1100
1114
1208
1165
1209
1168
1164
1203
1212
1176
1230
1210
1216
1162
1127
1191
1156
1238
1092
1190
1181
1116
1147
1123
1172
1130
1205
1233
1279
1122
1150
1172
1137
1170
1266
1242
1218
1273
1053
1238
1162
1048
1210
1111
1072
1229
1241
1190
1132
1231
1169
1221
1276
1214
1201
1204
1219
1221
1193
1163
1208
1140
1208
1220
1114
1182
1262
1216
1134
1134
1097
1151
1195
1195
1208
1175
1313
1174
1147
1209
1136
1268
1166
1210
1068
1132
1207
1207
1155
1170
1263
1209
1187
1154
1141
1189
1144
1238
1151
1182
1103
1105
1132
1218
1084
1086
1109
1183
1310
1064
1204
1153
1184
1142
1105
1134
1198
1208
1193
960
1108
1171
1105
1265
1141
1164
1217
1117
1151
1123
1200
1058
1186
1237
1159
1076
1270
1239
1225
1228
1175
1219
1127
1163
1240
1101
1170
1258
1199
1290
1158
1166
1293
1173
1336
1165
1279
1166
1125
1252
1183
1024
1180
1180
1188
1274
1136
1274
1146
1282
1193
1188
1210
1183
1164
1253
1241
1158
1161
1171
1150
1106
1239
1137
1176
1273
1147
1168
1183
1209
1177
1281
1260
1182
1188
1227
1123
1153
1170
1199
1130
1244
1075
1143
1183
1160
1157
1227
1161
1242
1113
1194
1201
1246
1205
1144
1129
1260
1143
1148
1144
1148
1100
1122
1186
1224
1237
1167
1076
1103
1229
1276
1189
1143
1172
1268
1147
1128
1186
1079
1114
1132
1199
1215
1176
1228
1170
1126
1108
1181
1165
1108
1080
1140
1263
1079
1069
1130
1149
1201
1090
1141
1099
1182
1224
1202
1223
1266
1265
1060
1293
1136
1159
1106
1076
1152
1257
1177
1210
1136
1260
1300
1172
1207
1102
1224
1193
1280
1178
1203
1156
1042
1128
1106
1201
1089
1171
1160
1136
1132
1131
1117
1232
1149
1110
1128
1196
1190
1127
1213
1079
1268
1134
1098
1151
1147
1184
1162
1217
1187
1228
1134
1153
1266
1152
1134
1117
1063
1195
1102
1155
1207
1250
1208
1268
1194
1276
1123
1222
1082
1263
1270
1065
1188
1306
1110
1154
1222
1240
1081
1177
1217
1132
1223
1217
1126
1133
1204
1246
1168
1169
1124
1227
1124
1247
1233
1133
1127
1243
1239
1235
1099
1221
1223
1269
1145
1229
1135
1284
1242
1308
1093
1272
1177
1155
1063
1148
1177
1204
1242
1211
1222
1189
1287
1154
1139
1174
1079
1102
1133
1213
1086
1100
1189
1263
1252
1147
1218
1200
1276
1229
1133
1171
1249
1177
1205
1241
1172
1168
1101
1284
1200
1130
1183
1068
1174
1228
1194
1212
1220
1301
1238
1250
1214
1173
1232
1129
1222
1225
1106
1173
1190
1151
1084
1178
1229
1186
1203
1204
1260
1250
1251
1254
1046
1171
1245
1121
1047
1227
1252
1105
1171
1208
1269
1147
1130
1147
1244
1168
1194
1214
1185
1252
1125
1183
1132
1195
1057
1115
1124
1172
1097
1210
1223
1203
1217
1159
1181
1125
1172
1169
1139
1248
1218
1255
1121
1152
1217
1130
1136
1095
1064
1120
1343
1121
1192
1226
1163
1176
1156
1230
1225
1261
1257
1221
1180
1190
1156
1186
1163
1178
1179
1266
1130
1214
1188
1304
1182
1270
1308
1191
1328
1216
1232
1160
1132
1175
1116
1196
1121
1239
1202
1144
1207
1228
1228
1154
1164
1248
1163
1274
1156
1172
1216
1220
1229
1164
1251
1311
1095
1112
1170
1134
1158
1143
1234
1192
1257
1286
1244
1315
1213
1204
1259
1243
1113
1151
1227
1108
1140
1214
1036
1201
1124
1180
1211
1242
1221
1178
1271
1163
1163
1260
1086
1088
1113
1116
1159
1137
1176
1241
1152
1188
1164
1223
1166
1167
1043
1231
1041
1073
1238
1281
1221
1201
1220
1211
1208
1276
1157
1146
1168
1126
1138
1253
1220
1255
1183
1150
1264
1151
1199
1165
1185
1212
1208
1142
1189
1184
1192
1225
1169
1174
1251
1274
1154
1099
1159
1289
1193
1145
1182
1196
1197
1149
1149
1151
1085
1145
1247
1197
1255
1149
1109
1273
1167
1227
1197
1171
1213
1180
1175
1175
1173
1236
1133
1140
1186
1196
1082
1205
1117
1292
1159
1319
1160
1223
1201
1146
1312
1183
1210
1028
1157
1214
1229
1355
1143
1147
1235
1204
1078
1097
1119
1180
1260
1188
1186
1182
1141
1188
1172
1185
1161
1294
1111
1201
1140
1219
1131
1219
1180
1146
984
1222
1222
1132
1122
1206
1250
1220
1220
1228
1165
1155
1188
1202
1196
1143
1206
1191
1151
1053
1199
1182
1218
1189
1136
1247
1229
1359
1232
1238
1239
1256
1245
1226
1162
1096
1201
1202
1182
1110
1035
1195
1174
1253
1190
1223
1240
1198
1189
1136
1212
1279
1289
1162
1184
1251
1305
1114
1199
1125
1128
1207
1163
1180
1197
1047
1191
1181
1175
1167
1198
1209
1150
1204
1112
1215
1159
1137
1315
1257
1172
1164
1164
1244
1205
1183
1116
1153
1140
1196
1121
1154
1155
1136
1185
1123
1111
1191
1126
1098
1157
1134
1224
1174
1200
1221
1181
1229
1205
1217
1204
1168
1192
1092
1115
1117
1148
1160
1144
1164
1152
1254
1157
1229
1184
1249
1167
1182
1174
1057
1148
1129
1082
1078
1145
1229
1265
1224
1177
1313
1141
1185
1171
1199
1170
1162
1260
1189
1202
1213
1209
1254
1112
1188
1164
1132
1172
1198
1087
1190
1128
1218
1132
1190
1089
1150
1168
1234
1163
1165
1202
