1172
1194
1154
1180
1246
1138
1186
1149
1247
1147
1305
1178
1183
1105
1101
1198
1203
1228
1139
1227
1072
1237
1198
1258
1105
1155
1095
1235
1148
1178
1250
1124
1205
1290
1244
1140
1150
1113
1247
1196
1173
1191
1034
1117
1181
1107
1227
1068
1232
1198
1189
1142
1173
1194
1170
1141
1121
1127
1105
1282
1172
1192
1099
1208
1136
1167
1142
1171
1198
1185
1163
1189
1103
1188
1192
1182
1104
1141
1149
1258
1241
1227
1121
1248
1215
1183
1207
1090
1158
1296
1136
1166
1175
1037
1213
1112
1228
1162
1199
1098
1117
1096
1180
1228
1245
1254
1236
1093
1174
1251
1139
1140
1102
1146
1198
1116
1205
1121
1147
1164
1291
1120
1257
1152
1062
1108
1206
1084
1063
1200
1165
1150
1153
1127
1116
1093
1188
1047
1182
1282
1099
1254
1204
1183
1172
1163
1104
1252
1188
1196
1142
1194
1154
1069
1169
1101
1196
1206
1179
1230
1268
1047
1255
1135
1221
1286
1193
1219
1199
1140
1241
1157
1092
1221
1153
1178
1219
1312
1270
1220
1189
1182
1146
1231
1150
1129
1126
1187
1250
1054
1198
1210
1218
1148
1263
1150
1294
1183
1087
1195
1177
1255
1220
1035
1038
1152
1275
1227
1268
1204
1196
1222
1193
1203
1075
1079
1193
1199
1200
1158
1042
1238
1075
1158
1174
1162
1137
1179
1208
1110
1095
1111
1263
1190
1207
1199
1113
1197
1073
1033
1156
1208
1197
1185
1241
1144
1171
1221
1133
1135
1173
1182
1217
1175
1192
1140
1195
1127
1111
1116
1157
1123
1170
1093
1083
1145
1193
1172
1112
1126
1122
1206
1191
1126
1159
1159
1169
1159
1200
1125
1126
1166
1118
1176
1111
1185
1221
1251
1246
1230
1300
1079
1214
1142
1104
1118
1095
1155
1123
1112
1158
1053
1157
1145
1208
1085
1210
1174
1242
1262
1165
1277
1177
1089
1243
1145
1110
1128
1194
1114
1148
1235
1160
1257
1193
1226
1277
1197
1259
1183
1234
1138
1217
1234
1085
1203
1154
1183
1151
1091
1185
1140
1130
1198
1181
1167
1123
1230
1195
1191
1145
1204
1235
1223
1037
1058
1157
1186
1142
1152
1174
1121
1202
1162
1156
1219
1144
1225
1199
1131
1221
1292
1220
1149
1071
1176
1213
1158
1168
1128
1202
1145
1180
1191
1108
1160
1161
1186
1239
1233
1184
1138
1204
1209
1151
1108
1227
1171
1216
1128
1165
1152
1193
1221
1204
1141
1097
1157
1183
1091
1285
1210
1159
1289
1096
1177
1120
1234
1172
1160
1172
1194
1127
1175
1172
1237
1276
1123
1240
1228
1201
1197
1181
1262
1153
1225
1195
1152
1062
1292
1208
1238
1188
1304
1280
1136
1152
1172
1165
1236
1130
1229
1196
1199
1170
1134
1258
1299
1210
1227
1179
1114
1100
1152
1163
1258
1210
1224
1154
1218
1073
1239
1205
1150
1227
1238
1181
1149
1170
1130
1116
1080
1116
1170
1205
1203
1202
1253
1215
1224
1228
1202
1199
1248
1272
1254
1182
1297
1186
1165
1252
1154
1069
1173
1122
1119
1135
1100
1105
1091
1194
1248
1254
1234
1219
1247
1238
1263
1242
1213
1173
1106
1145
1226
1185
1256
1178
1219
1269
1208
1254
1143
1239
1268
1242
1271
1173
1179
1101
1156
1216
1150
1207
1305
1234
1265
1166
1167
1289
1145
1224
1204
1129
1140
1150
1134
1154
1136
1175
1161
1184
1196
1132
1149
1207
1095
1151
1141
1128
1231
1247
1185
1212
1165
1346
1104
1251
1112
1231
1125
1253
1137
1135
1141
1159
1164
1115
1174
1243
1142
1175
1146
1186
1159
1180
1167
1130
1200
1165
1128
1238
1119
1093
1121
1222
1125
1167
1024
1128
1223
1085
1146
1239
1141
1190
1175
1102
1224
1277
1178
1262
1189
1240
1235
1137
1243
1231
1186
1280
1128
1213
1176
1191
1255
1269
1221
1161
1200
1300
1266
1229
1096
1093
1234
1175
1110
1110
1182
1164
1194
1216
1148
1182
1310
1161
1249
1247
1240
1120
1144
1188
1149
1100
1152
1220
1164
1069
1210
1235
1163
1185
1276
1131
1219
1112
1132
1228
1221
1155
1163
1062
1097
1216
1120
1148
1117
1103
1208
1211
1260
1235
1167
1175
1195
1217
1220
1189
1167
1221
1196
1227
1286
1180
1257
1168
1243
1181
1217
1160
1083
1238
1222
1156
1263
1251
1183
1197
1173
1198
1193
1154
1186
1212
1088
1122
1094
1105
1137
1173
1170
1216
1259
1121
1185
1131
1190
1199
1153
1134
1112
1074
1205
1161
1171
1102
1214
1108
1135
1214
1176
1234
1167
1165
1203
1146
1098
1091
1175
1160
1102
1143
1165
1119
1074
1085
1225
1139
1130
1227
1196
1237
1195
1124
1080
1217
1175
1213
1047
1226
1317
1131
1204
1106
1173
1095
1202
1218
1221
1059
1159
1162
1317
1173
1166
1256
1187
1207
1260
1101
1285
1059
1203
1176
1280
1099
1196
1132
1228
1235
1129
1233
1194
1248
1201
1157
1133
1257
1158
1114
1122
1171
1159
1110
1166
1244
1176
1217
1254
1201
1123
1126
1156
1198
1187
1213
1139
1181
1140
1194
1195
1170
1055
1229
1150
1191
1172
1229
1185
1262
1177
1330
1266
1167
1165
1165
1137
1118
1131
1184
1277
1249
1219
1239
1247
1129
1120
1177
1248
1203
1159
1213
1181
1198
1261
1216
1175
1302
1240
1244
1136
1170
1238
1164
1042
1201
1151
1211
1213
1142
1165
1114
1102
1148
1155
1130
1101
1206
1246
1145
1117
1262
1305
1204
1142
1206
1253
1242
1217
1122
1189
1153
1215
1209
1149
1183
1136
1129
1143
1177
1184
1160
1174
1206
1103
1181
1105
1153
1185
1088
1157
1158
1190
1228
1274
1224
1148
1116
1152
1109
1247
1165
1158
1154
1187
1202
1166
1202
1139
1173
1284
1194
1201
1165
1208
1239
1300
1244
1198
1195
1037
1173
1150
1116
1127
1206
1162
1173
1102
1207
1284
1146
1181
1138
1189
1191
1209
1188
1223
1167
1169
1192
1147
1216
1318
1207
1099
1142
1136
1142
1126
1125
1217
1182
1168
1124
1156
1226
1103
1217
1185
1167
1213
1154
1126
1166
1218
1287
1051
1188
1212
1166
1271
1230
1133
1198
1255
1173
1267
1183
1111
1125
1131
1223
1105
1092
1103
1211
1246
1111
1116
1073
1187
1225
1160
1172
1163
1219
1177
1128
1222
1295
1137
1052
1189
1088
1195
1188
1071
1165
1037
1083
1149
1208
1263
1125
1144
1188
1217
1206
1205
1239
1150
1241
1115
1244
1271
1198
1209
1177
1215
1163
1113
1097
1278
1200
1100
1156
1341
1218
1205
1213
1180
1144
1215
1239
1151
1125
1143
1081
1152
1214
1085
1192
1205
1158
1250
1233
1228
1150
1182
1115
1174
1180
1217
1204
1213
1211
1162
1175
1172
1162
1154
1219
1117
1101
1183
1161
1301
1157
1115
1088
1235
1244
1163
1140
1293
1139
1184
1165
1154
1184
1082
1148
1178
1269
1199
1253
1122
1222
1149
1225
1164
1266
1131
1134
1153
1217
1224
1157
1080
1220
1203
1285
1137
1067
1150
1195
1154
1156
1143
1176
1140
1130
1247
1166
1093
1205
1206
1251
1211
1198
1269
1136
1148
1160
1204
1165
1171
1183
1127
1183
1253
1232
1232
1159
1125
1157
1231
1223
1069
1246
1156
1132
1126
1158
1170
1139
1156
1271
1154
1179
1132
1210
1158
1135
1122
1191
1131
1264
1137
1238
1192
1257
1134
1230
1161
1232
1157
1175
1154
1173
1162
1171
1200
1126
1197
1143
1235
1176
1218
1213
1196
1181
1300
1188
1258
1246
1316
1173
1276
1170
1082
1127
1095
1100
1216
1115
1098
1184
1262
1236
1100
1268
1152
1256
1195
1248
1188
1117
1188
1195
1186
1117
1113
1093
1152
1260
1143
1138
1139
1228
1126
1201
1187
1212
1117
1259
1261
1287
1135
1113
1202
1140
1175
1270
1155
1177
1223
1097
1196
1134
1102
1215
1210
1174
1256
1173
1174
1134
1156
1164
1081
1157
1184
1172
1169
1177
1220
1064
1239
1170
1064
1120
1214
1194
1226
1210
1156
1239
1142
1137
1100
1048
1136
1154
1091
1166
1153
1164
1099
1256
1219
1178
1210
1221
1239
1269
1103
1159
1265
1217
1125
1183
1149
1201
1192
1128
1321
1218
1117
1147
1135
1182
1178
1131
1211
1218
1176
1162
1284
1023
1209
1323
1230
1149
1143
1200
1187
1134
1288
1196
1226
1155
1135
1219
1290
1269
1238
1165
1164
1173
1121
1240
1168
1185
1202
1222
1211
1274
1099
1237
1141
1116
1195
1130
1207
1217
1208
1258
1194
1199
1167
1115
1204
1226
1265
1180
1263
1148
1204
1116
1101
1174
1156
1169
1169
1280
1157
1150
1169
1186
1254
1164
1222
1196
1202
1200
1160
1165
1173
1124
1181
1079
1138
1289
1191
1278
1253
1166
1192
1154
1138
1278
1176
1151
1135
1222
1231
1149
1236
1169
1175
1218
1230
1193
1273
1247
1104
1187
1156
1212
1162
1159
1149
1164
1187
1160
1115
1124
1262
1193
1118
1289
1316
1207
1263
1175
1151
1314
1090
1161
1243
1163
1112
1178
1219
977
1201
1193
1210
1109
1152
1230
1145
1325
1141
1293
1097
1242
1277
1172
1147
1224
1162
1171
1124
1154
1161
1249
1030
1208
1094
1198
1154
1305
1218
1317
1194
1203
1140
1211
1229
1175
1172
1252
1166
1151
1092
1073
1296
1206
1209
1182
1083
1242
1191
1155
1198
1171
1208
1214
1084
1161
1096
1230
1235
1168
1189
1180
1123
1175
1202
1200
1198
1285
1188
1244
1223
1200
1188
1197
1130
1129
1186
1066
1139
1117
1157
1209
1177
1131
1170
1266
1250
1177
1246
1317
1175
1254
1273
1244
1312
1266
1149
1275
1196
1229
1216
1140
1179
1253
1168
1147
1206
1268
1143
1253
1262
1197
1263
1147
1178
1178
1166
1060
1126
1104
1108
1150
1107
1209
1161
1060
1079
1290
1159
1174
1219
1256
1171
1123
1193
1200
1167
1231
1172
1201
1196
1204
1144
1192
1225
1294
1163
1167
1192
1128
1158
1275
1164
1228
1089
1165
1092
1207
1098
1204
1158
1215
1234
1146
1247
1208
1107
1176
1159
1179
1149
1186
1239
1184
1261
1222
1150
1101
1271
1304
1081
1164
1125
1247
1180
1188
1150
1180
1152
1191
1227
1219
1241
1125
1224
1171
1216
1186
1119
1180
1233
1248
1182
1222
1301
1182
1077
1237
1243
1192
1160
1132
1183
1191
1168
1201
1212
1290
1212
1170
1226
1172
1288
1237
1143
1208
1274
1201
1245
1166
1193
1135
1096
1159
1191
1127
1142
1193
1186
1224
1217
1326
1236
1279
1238
1245
1187
1190
1232
1227
1193
1149
1228
1158
1193
1136
1234
1238
1202
1270
1316
1167
1073
1259
1206
1233
1175
1232
1153
1158
1230
1286
1120
1186
1279
1295
1161
1173
1197
1285
1187
1258
1233
1233
1076
1180
1154
1300
1177
1280
1138
1223
1244
1290
1196
1263
1230
1292
1246
1218
1249
1252
1246
1265
1261
1198
1192
1249
1290
1267
1257
1233
1292
1199
1243
1202
1275
1275
1167
1231
1169
1210
1288
1241
1247
1287
1224
1310
1240
1330
1189
1243
1130
1197
1253
1237
1318
1225
1280
1258
1295
1221
1338
1286
1343
1268
1215
1294
1323
1299
1310
1335
1330
1359
1288
1233
1409
1280
1343
1189
1199
1292
1239
1259
1324
1282
1289
1311
1388
1351
1323
1335
1326
1461
1367
1320
1292
1334
1277
1340
1220
1277
1267
1354
1467
1321
1335
1349
1308
1391
1275
1335
1363
1335
1409
1377
1268
1297
1324
1392
1427
1492
1287
1383
1449
1408
1378
1459
1417
1470
1410
1509
1536
1423
1439
1496
1532
1335
1382
1458
1420
1459
1493
1573
1520
1588
1477
1524
1551
1597
1636
1565
1570
1589
1578
1548
1508
1598
1538
1598
1627
1660
1640
1638
1612
1577
1661
1620
1668
1625
1666
1695
1632
1691
1643
1558
1702
1731
1698
1665
1751
1698
1737
1855
1708
1732
1652
1716
1821
1816
1773
1750
1652
1805
1907
1870
1820
1891
1821
1896
1918
1972
1947
1901
1896
1888
1877
1955
1930
2032
1983
1899
2042
1925
2088
1930
2041
2062
2013
2136
2041
2039
2127
2012
2159
2081
2051
2118
2119
2094
2154
2130
2244
2142
2146
2329
2370
2155
2282
2245
2352
2158
2193
2259
2265
2371
2429
2407
2326
2256
2351
2250
2419
2368
2479
2509
2529
2516
2495
2486
2507
2512
2589
2425
2564
2602
2561
2699
2615
2620
2604
2607
2624
2612
2707
2693
2711
2788
2769
2814
2799
2831
2699
2710
2800
2798
2792
2936
2870
2940
2838
2973
2832
2888
2933
2953
3039
2784
3047
2948
2967
3108
3140
3073
3099
3095
2963
3152
3016
3017
3211
3205
3119
3071
3173
3260
3241
3243
3283
3270
3272
3432
3355
3414
3442
3286
3332
3458
3374
3494
3429
3412
3369
3640
3427
3428
3394
3512
3512
3566
3485
3765
3600
3506
3612
3722
3556
3575
3592
3634
3670
3516
3604
3729
3713
3829
3898
3623
3788
3798
3763
3740
3742
3708
3852
3791
3746
4034
3966
3875
3896
3848
3903
3890
3871
3824
3926
3950
3879
3915
4078
4016
4110
4022
3949
4182
4094
4098
4044
4149
3929
4140
4202
4235
4015
4150
4212
4248
4257
4232
4241
4176
4306
4254
4366
4186
4208
4144
4161
4155
4289
4191
4257
4334
4290
4448
4369
4115
4314
4391
4521
4404
4107
4349
4258
4255
4209
4430
4359
4321
4405
4234
4341
4332
4422
4357
4308
4341
4403
4345
4324
4408
4378
4477
4391
4406
4466
4332
4282
4392
4458
4393
4340
4345
4327
4476
4444
4325
4393
4224
4364
4179
4299
4232
4157
4363
4173
4327
4510
4302
4161
4347
4203
4235
4271
4186
4185
4168
4166
4141
4191
4375
4219
4164
4189
4214
4187
4053
4117
4218
4067
4180
4078
3902
4040
4074
4053
4087
3962
3994
3899
3988
4088
4069
4045
4025
3880
3895
4012
3914
3815
3688
3750
3699
3752
3724
3690
3630
3819
3686
3690
3696
3557
3908
3728
3692
3690
3724
3629
3709
3604
3676
3618
3675
3430
3553
3549
3565
3508
3495
3520
3361
3455
3463
3520
3381
3449
3502
3229
3427
3222
3275
3299
3202
3080
3089
3193
3032
3180
3151
3204
2998
3206
3106
2971
2939
3004
3044
2834
2957
2932
2978
2964
2872
2907
2932
2872
2952
2759
2636
2738
2819
2726
2744
2675
2745
2732
2546
2760
2707
2703
2735
2617
2579
2484
2583
2539
2570
2502
2418
2561
2451
2398
2520
2455
2452
2407
2324
2341
2417
2411
2341
2327
2387
2248
2149
2270
2198
2288
2160
2292
2186
2125
2202
2117
2159
2080
2157
2072
2105
2183
2117
1998
2132
1918
2014
1953
2055
1965
1918
2019
1982
1905
1851
1844
1895
1763
1926
1747
1824
1818
1832
1733
1746
1954
1871
1728
1833
1735
1762
1710
1773
1650
1654
1720
1649
1653
1609
1634
1627
1683
1605
1593
1666
1689
1519
1645
1532
1578
1543
1453
1523
1578
1611
1480
1551
1523
1620
1363
1497
1468
1381
1438
1414
1396
1416
1445
1486
1410
1442
1404
1444
1372
1276
1364
1434
1343
1377
1401
1387
1386
1338
1378
1315
1489
1351
1261
1276
1335
1289
1252
1344
1355
1282
1344
1267
1262
1323
1298
1267
1271
1349
1192
1272
1240
1279
1276
1266
1245
1225
1250
1150
1227
1194
1251
1264
1131
1323
1222
1231
1284
1215
1164
1305
1219
1220
1231
1265
1151
1207
1229
1291
1220
1207
1276
1111
1164
1176
1193
1175
1249
1197
1275
1203
1281
1254
1234
1172
1293
1146
1200
1166
1196
1147
1203
1209
1216
1284
1224
1121
1154
1131
1216
1205
1229
1197
1278
1191
1071
1201
1187
1171
1224
1193
1298
1157
1157
1291
1215
1273
1098
1225
1172
1227
1155
1237
1272
1238
1268
1167
1212
1268
1181
1237
1225
1264
1175
1114
1139
1287
1255
1259
1161
1245
1138
1129
1190
1255
1179
1255
1114
1107
1182
1195
1190
1117
1140
1158
1201
1166
1230
1205
1223
1130
1236
1190
1219
1146
1088
1100
1104
1254
1243
1198
1180
1309
1186
1242
1252
1227
1246
1166
1126
1306
1223
1201
1119
1267
1117
1188
1175
1240
1187
1196
1142
1167
1249
1271
1311
1237
1274
1279
1189
1173
1240
1175
1282
1159
1103
1181
1228
1187
1218
1258
1099
1182
1212
1179
1068
1144
1211
1229
1144
1225
1218
1128
1229
1146
1151
1127
1276
1167
1100
1137
1203
1122
1203
1186
1248
1242
1127
1271
1179
1248
1208
1113
1206
1160
1133
1282
1209
1260
1062
1167
1131
1088
1158
1141
1137
1230
1191
1154
1161
1166
1149
1225
1267
1213
1166
1107
1142
1181
1108
1231
1067
1113
1097
1166
1123
1219
1261
1267
1146
1125
1212
1305
1151
1212
1177
1239
1186
1254
1210
1124
1204
1115
1168
1251
1137
1263
1161
1127
1190
1179
1238
1232
1168
1278
1161
1118
1155
1126
1154
1114
1244
1228
1247
1144
1158
1200
1234
1165
1213
1158
1190
1087
1183
1114
1099
1159
1235
1202
1112
1162
1247
1225
1206
1161
1308
1226
1115
1173
1166
1249
1207
1074
1087
1108
1222
1158
1058
1162
1138
1193
1115
1169
1207
1153
1143
1201
1141
1199
1220
1124
1186
1087
1196
1228
1193
1173
1154
1155
1134
1177
1121
1140
1169
1166
1212
1127
1263
1146
1188
1239
1258
1182
1249
1203
1123
1176
1228
1098
1194
1056
1128
1165
1181
1257
1149
1268
1189
1139
1257
1221
1222
1156
1090
1160
1196
1167
1229
1159
1114
1111
1157
1141
1074
1206
1044
1205
1164
1106
1181
1102
1183
1196
1061
1127
1272
1188
1259
1134
1160
1189
1109
1268
1180
1184
1144
1222
1194
1197
1126
1181
1172
1221
1213
1164
1208
1284
1216
1240
1172
1207
1295
1076
1182
1250
1191
1105
1169
1107
1154
1059
1234
1133
1236
1183
1265
1255
1096
1311
1249
1113
1192
1248
1253
1121
1178
1158
1105
1178
1135
1066
1153
1187
1162
1184
1130
1073
1128
1186
1220
1147
1182
1265
1163
1264
1259
1149
1252
1084
1272
1073
1109
1196
1101
1073
1082
1105
1224
1164
1177
1246
1142
1252
1140
1218
1195
1245
1163
1153
1121
1107
1194
1081
1133
1156
1237
1049
1103
1150
1207
1312
1203
1274
1167
1216
1189
1283
1208
1108
1108
1190
1120
1154
1143
1262
1092
1133
1274
1220
1132
1236
1273
1193
1252
1244
1167
1175
1092
1238
1181
1097
1102
1060
1088
1192
1077
1203
1218
1224
1307
1244
1316
1254
1296
1244
1161
1118
1183
1209
1122
1219
1149
1252
1194
1202
1149
1228
1322
1259
1222
1354
1250
1258
1218
1218
1216
1195
1109
1163
1166
1101
1202
1176
1200
1184
1150
1140
1140
1243
1268
1314
1171
1130
1163
1298
1109
1186
1196
1201
1173
1211
1141
1217
1132
1151
1150
1304
1205
1104
1303
1204
1239
1095
1194
1197
1204
1186
1191
1178
1213
1072
1122
1114
1206
1214
1115
1097
1197
1270
1132
1217
1176
1123
1105
1189
1189
1247
1150
1139
1189
1243
1196
1238
1159
1178
1223
1160
1188
1147
1117
1197
1193
1198
1186
1150
1267
1131
1144
1172
1103
1244
1175
1259
1152
1069
1220
1157
1118
1204
1135
1257
1283
1232
1248
1078
1189
1219
1134
1254
1140
1204
1164
1267
1306
1156
1195
1205
1093
1201
1183
1194
1275
1218
1142
1257
1163
1228
1250
1173
1153
1129
1206
1196
1156
1208
1167
1203
1186
1203
1206
1303
1157
1233
1271
1245
1196
1232
1155
1106
1169
1144
1164
1071
1168
1098
1239
1207
1130
1073
1195
1079
1171
1232
1060
1240
1213
1143
1180
1225
1188
1186
1304
1090
1250
1159
1196
1196
1158
1157
1162
1170
1126
1267
1205
1250
1168
1219
1193
1204
1159
1182
1146
1291
1149
1245
1239
1239
1123
1263
1239
1213
1142
1129
1276
1172
1139
1181
1157
1238
1217
1229
1250
1176
1178
1220
1149
1110
1158
1220
1212
1179
1146
1204
1232
1214
1136
1106
1154
1141
1174
1136
1092
1223
1123
1114
1284
1214
1224
1157
1069
1171
1154
1193
1123
1117
1176
1135
1101
1080
1073
1079
1137
1276
1179
1124
1202
1245
1188
1128
1130
1189
1165
1128
1134
1218
1256
1152
1182
1138
1165
1167
1215
1195
1211
1168
1110
1232
1267
1154
1181
1063
1127
1175
1136
1234
1168
1118
1153
1263
1233
1129
1244
1094
1191
1157
1179
1147
1200
1151
1202
1166
1112
1133
1130
1203
1211
1307
1304
1123
1175
1134
1244
1142
1266
1144
1100
1185
1169
1173
1121
1076
1171
1215
1115
1203
1192
1163
1174
1185
1188
1281
1219
1117
1194
1215
1183
1168
1181
1173
1108
1140
1141
1185
1183
1226
1177
1217
1263
1085
1177
1171
1092
1136
1196
1204
1193
1140
1211
1168
1212
1175
1135
1095
1121
1069
1032
1209
1133
1211
1125
1222
1197
1345
1227
1123
1178
1173
1129
1138
1214
1179
1086
1129
1203
1132
1149
1102
1121
1175
1169
1193
1151
1210
1171
1295
1163
1236
1270
1178
1141
1181
1102
1158
1247
1218
1034
1146
1169
1159
1235
1226
1236
1160
1222
1148
1184
1212
1132
1217
1143
1136
1119
1103
1115
1172
1116
1095
1172
1112
1192
1242
1279
1265
1230
1246
1171
1212
1200
1101
1206
1137
1165
1040
1175
1120
1142
1137
1169
1100
1172
1243
1152
1290
1349
1182
1174
1261
1121
1204
1274
1139
1095
1105
1145
1143
1127
1149
1102
1158
1148
1143
1166
1217
1239
1124
1196
1153
1234
1231
1137
1300
1082
1185
1151
1079
1207
1150
1140
1152
1268
1142
1214
1159
1226
1164
1232
1172
1181
1208
1047
1207
1209
1014
1072
1189
1195
1036
1205
1151
1270
1173
1216
1145
1334
1163
1252
1158
1153
1161
1210
1128
1180
1058
1243
1160
1168
1100
1248
1191
1183
1140
1074
1174
1280
1138
1190
1075
1213
1111
1096
1129
1151
1136
1151
1216
1156
1197
1285
1102
1136
1059
1215
1215
1132
1107
1250
1112
1231
1241
1234
1238
1282
1177
1220
1158
1165
1133
1185
1083
1213
1141
1231
1174
1303
1238
1199
1197
1145
1268
1186
1062
1245
1133
1173
1194
1207
1179
1183
1165
1103
1179
1086
1229
1090
1273
1078
1226
1210
