1122
1159
1125
1223
1266
1192
1132
1231
1147
1208
1145
1161
1104
1360
1165
1153
1152
1169
1068
1153
1139
1205
1138
1094
1155
1220
1103
1131
1297
1220
1169
1260
1107
1122
1183
1220
1102
1140
1107
1204
1193
1133
1350
1234
1252
1218
1195
1194
1180
1172
1132
1057
1209
1199
1227
1141
1195
1215
1113
1131
1201
1195
1192
1202
1194
1120
1075
1161
1197
1192
1178
1049
1192
1266
1214
1198
1229
1249
1195
1212
1178
1273
1209
1240
1078
1140
1029
1179
1149
1236
1184
1069
1141
1153
1177
1114
1147
1200
1065
1175
1245
1172
1188
1080
1196
1205
1257
1157
1202
1101
1268
1209
1221
1205
1226
1251
1175
1193
1198
1184
1093
1136
1191
1258
1198
1079
1159
1150
1231
1183
1151
1204
1193
1226
1311
1210
1198
1238
1208
1175
1211
1222
1175
1233
1150
1244
1181
1251
1150
1160
1245
1170
1177
1136
1116
1128
1145
1217
1208
1221
1166
1145
1165
1194
1248
1248
1169
1262
1218
1146
1149
1182
1201
1115
1142
1185
1184
1164
1203
1244
1188
1244
1198
1152
1148
1186
1167
1146
1107
1228
1182
1219
1224
1161
1246
1239
1192
1204
1256
1141
1154
1189
1072
1074
1244
1230
1154
1141
1161
1213
1236
1255
1177
1137
1179
1145
1239
1205
1214
1194
1255
1173
1168
1135
1172
1266
1117
1206
1277
1193
1251
1229
1233
1215
1234
1239
1146
1146
1228
1206
1136
1193
1153
1141
1182
1075
1118
1155
1149
1288
1205
1217
1154
1162
1163
1213
1250
1252
1239
1194
1235
1332
1129
1146
1135
1157
1211
1250
1263
1157
1252
1204
1094
1228
1166
1150
1297
1215
1167
1242
1197
1286
1191
1197
1146
1251
1152
1148
1198
1163
1262
1203
1172
1187
1227
1257
1195
1254
1266
1117
1214
1276
1158
1164
1144
1167
1104
1174
1125
1134
1232
1185
1266
1272
1251
1144
1219
1227
1231
1180
1212
1158
1272
1188
1178
1149
1165
1163
1183
1227
1136
1251
1307
1190
1235
1254
1167
1223
1156
1088
1094
1118
1120
1066
1203
1236
1185
1239
1199
1154
1276
1226
1278
1137
1160
1267
1090
1202
1214
1189
1180
1274
1117
1117
1197
1260
1176
1272
1299
1244
1161
1227
1187
1138
1301
1134
1278
1190
1299
1158
1268
1192
1177
1299
1142
1084
1213
1239
1163
1200
1270
1105
1234
1186
1123
1130
1208
1123
1094
1182
1047
1236
1205
1252
1179
1183
1185
1109
1225
1210
1233
1140
1188
1102
1060
1235
1076
1162
1152
1167
1112
1295
1250
1280
1221
1112
1247
1251
1294
1229
1221
1202
1131
1131
1280
1170
1127
1138
1206
1083
1141
1273
1126
1203
1190
1197
1225
1196
1174
1243
1143
1180
1170
1189
1185
1191
1175
1116
1204
1206
1280
1255
1174
1222
1195
1193
1282
1349
1223
1216
1158
1154
1141
1197
1167
1132
1179
1233
1137
1161
1213
1253
1192
1175
1244
1343
1151
1126
1129
1232
1141
1213
1133
1273
1212
1285
1142
1181
1195
1149
1142
1204
1272
1237
1251
1246
1218
1175
1265
1230
1233
1268
1280
1269
1188
1202
1107
1206
1204
1106
1225
1136
1204
1186
1237
1246
1244
1214
1217
1107
1210
1248
1169
1161
1203
1153
1231
1163
1213
1167
1163
1279
1118
1238
1246
1237
1298
1105
1214
1199
1226
1194
1218
1179
1092
1211
1187
1125
1143
1153
1205
1249
1254
1190
1239
1293
1231
1246
1252
1308
1262
1241
1237
1198
1178
1257
1213
1137
1225
1146
1143
1210
1181
1207
1247
1096
1127
1204
1188
1248
1139
1269
1265
1108
1207
1162
1263
1220
1211
1129
1126
1278
1210
1233
1132
1316
1273
1134
1132
1159
1117
1188
1196
1171
1214
1168
1152
1204
1209
1235
1225
1248
1153
1223
1198
1120
1180
1098
1223
1123
1203
1114
1224
1182
1103
1238
1135
1155
1272
1258
1262
1169
1239
1166
1211
1225
1226
1125
1247
1144
1261
1201
1219
1217
1152
1223
1297
1216
1251
1260
1258
1163
1136
1171
1121
1268
1195
1222
1125
1214
1242
1162
1195
1208
1148
1146
1233
1235
1270
1210
1207
1146
1134
1236
1269
1191
1150
1229
1117
1186
1139
1282
1149
1161
1153
1262
1148
1209
1271
1057
1153
1199
1209
1095
1207
1275
1105
1127
1095
1140
1208
1112
1152
1190
1154
1207
1153
1208
1166
1287
1174
1310
1242
1241
1184
1139
1288
1286
1195
1202
1146
1162
1215
1160
1159
1117
1100
1126
1124
1162
1203
1154
1306
1247
1236
1215
1178
1239
1202
1230
1168
1194
1221
1155
1115
1263
1190
1223
1212
1178
1233
1139
1182
1156
1182
1159
1169
1149
1139
1229
1197
1096
1123
1211
1189
1165
1166
1156
1256
1255
1169
1227
1200
1208
1234
1233
1281
1202
1141
1158
1178
1174
1204
1219
1193
1177
1164
1131
1235
1220
1225
1220
1109
1236
1167
1361
1311
1185
1125
1106
1215
1145
1138
1255
1173
1193
1100
1192
1160
1220
1090
1202
1132
1163
1164
1184
1246
1225
1180
1065
1232
1182
1223
1150
1155
1228
1165
1133
1286
1107
1225
1244
1165
1237
1292
1218
1139
1184
1105
1162
1171
1233
1114
1170
1298
1223
1189
1269
1165
1068
1159
1217
1063
1194
1181
1124
1084
1124
1161
1163
1234
1237
1244
1214
1277
1134
1086
1252
1178
1202
1234
1163
1271
1199
1226
1238
1165
1276
1242
1272
1228
1273
1209
1185
1202
1196
1201
1166
1204
1250
1121
1257
1235
1136
1228
1145
1237
1191
1127
1220
1303
1248
1173
1189
1233
1229
1248
1165
1336
1146
1272
1142
1132
1143
1258
1285
1215
1209
1130
1240
1154
1192
1181
1190
1109
1127
1162
1192
1210
1162
1143
1148
1118
1210
1242
1295
1180
1090
1169
1155
1167
1120
1088
1201
1161
1141
1174
1217
1116
1212
1224
1151
1276
1297
1158
1183
1248
1172
1148
1135
1240
1182
1202
1278
1180
1125
1109
1175
1188
1122
1150
1171
1147
1269
1210
1144
1121
1211
1251
1229
1140
1174
1215
1230
1083
1215
1279
1251
1240
1275
1251
1266
1230
1239
1115
1197
1284
1219
1254
1305
1130
1180
1227
1258
1229
1228
1068
1193
1133
1203
1128
1172
1190
1214
1199
1104
1233
1127
1239
1202
1186
1200
1273
1174
1290
1236
1258
1207
1174
1173
1156
1214
1170
1130
1067
1197
1156
1191
1174
1165
1156
1106
1188
1181
1273
1197
1192
1129
1213
1232
1222
1181
1212
1242
1164
1122
1221
1262
1207
1200
1146
1125
1167
1229
1166
1214
1198
1256
1172
1129
1255
1225
1221
1267
1193
1203
1137
1210
1125
1174
1128
1244
1186
1227
1140
1257
1273
1125
1204
1225
1128
1179
1183
1249
1218
1262
1151
1232
1268
1146
1176
1215
1244
1160
1185
1153
1205
1232
1164
1254
1173
1259
1171
1122
1165
1249
1236
1274
1167
1122
1160
1134
1198
1093
1223
1097
1177
1069
1190
1258
1239
1254
1205
1201
1202
1191
1258
1271
1181
1166
1184
1201
1193
1141
1163
989
1132
1274
1173
1274
1083
1195
1132
1268
1179
1281
1255
1137
1213
1243
1217
1180
1276
1169
1115
1192
1174
1192
1095
1174
1192
1194
1179
1146
1272
1183
1262
1188
1204
1166
1288
1208
1139
1271
1174
1301
1161
1176
1225
1252
1238
1241
1119
1249
1172
1155
1219
1180
1196
1180
1089
1146
1188
1196
1218
1114
1264
1228
1257
1227
1235
1226
1111
1146
1144
1199
1181
1188
1135
1144
1182
1183
1261
1177
1209
1221
1129
1229
1254
1115
1239
1170
1173
1150
1188
1280
1297
1154
1199
1262
1243
1271
1289
1273
1200
1177
1182
1266
1139
1202
1218
1157
1128
1262
1176
1190
1218
1274
1219
1268
1194
1194
1158
1214
1157
1161
1199
1213
1212
1267
1200
1060
1090
1242
1119
1154
1266
1263
1109
1217
1183
1164
1182
1233
1271
1252
1210
1196
1158
1255
1183
1145
1197
1107
1129
1200
1232
1137
1290
1279
1146
1226
1187
1133
1148
1281
1240
1157
1265
1182
1203
1272
1226
1178
1260
1190
1171
1159
1280
1139
1192
1236
1178
1211
1209
1201
1221
1134
1163
1237
1187
1116
1182
1189
1195
1101
1102
1130
1121
1222
1176
1226
1192
1176
1204
1214
1132
1134
1118
1258
1175
1193
1217
1185
1207
1275
1219
1243
1184
1139
1223
1110
1146
1170
1147
1302
1202
1252
1132
1111
1088
1072
1245
1134
1123
1209
1105
1293
1228
1231
1154
1249
1236
1273
1198
1168
1266
1304
1191
1163
1143
1194
1090
1197
1205
1269
1174
1163
1244
1267
1095
1212
1136
1118
1215
1203
1185
1157
1163
1158
1254
1204
1238
1179
1145
1129
1165
1161
1152
1209
1150
1117
1110
1199
1046
1084
1261
1150
1257
1228
1181
1199
1225
1164
1235
1213
1135
1210
1170
1183
1316
1184
1130
1089
1136
1119
1261
1128
1136
1196
1190
1257
1291
1254
1222
1197
1175
1279
1137
1140
1194
1204
1271
1123
1205
1226
1122
1205
1189
1152
1220
1192
1258
1181
1279
1149
1163
1120
1242
1174
1158
1147
1098
1170
1143
1168
1203
1268
1221
1280
1250
1226
1239
1251
1193
1180
1228
1080
1098
1147
1207
1125
1148
1087
1160
1195
1256
1213
1232
1164
1103
1302
1236
1183
1216
1209
1200
1161
1172
1138
1157
1197
1251
1214
1306
1182
1203
1160
1236
1168
1171
1132
1267
1298
1187
1174
1056
1176
1229
1156
1173
1244
1229
1193
1181
1207
1129
1213
1207
1177
1066
1131
1133
1122
1220
1166
1234
1150
1236
1136
1319
1166
1149
1174
1156
1143
1238
1261
1194
1193
1147
1214
1292
1181
1266
1289
1195
1249
1132
1177
1309
1257
1217
1224
1144
1066
1104
1047
1260
1139
1259
1280
1170
1122
1211
1152
1294
1248
1173
1195
1169
1366
1294
1194
1134
1175
1259
1175
1208
1201
1229
1109
1208
1147
1289
1144
1227
1163
1182
1224
1178
1161
1235
1257
1182
1232
1168
1156
1176
1174
1233
1147
1152
1207
1188
1246
1205
1177
1248
1194
1163
1216
1128
1216
1292
1057
1164
1185
1244
1262
1249
1158
1202
1199
1257
1146
1092
1330
1143
1131
1156
1246
1235
1173
1168
1291
1231
1140
1195
1249
1295
1222
1199
1261
1248
1196
1182
1226
1155
1122
1229
1128
1153
1262
1175
1293
1224
1214
1193
1260
1227
1306
1240
1240
1260
1185
1222
1157
1194
1191
1053
1174
1263
1258
1196
1251
1224
1126
1201
1201
1213
1141
1271
1218
1172
1165
1225
1190
1170
1200
1212
1137
1122
1173
1175
1128
1145
1168
1275
1129
1219
1223
1239
1266
1222
1198
1167
1176
1172
1136
1182
1172
1190
1111
1085
1221
1169
1231
1257
1305
1272
1309
1176
1210
1258
1165
1237
1144
1245
1152
1143
1200
1172
1195
1142
1269
1295
1196
1194
1210
1215
1268
1265
1304
1216
1262
1096
1224
1216
1164
1238
1310
1243
1232
1285
1336
1240
1336
1254
1255
1262
1207
1335
1226
1160
1319
1291
1208
1278
1275
1302
1179
1304
1244
1323
1238
1310
1210
1250
1236
1307
1201
1283
1294
1234
1311
1192
1296
1338
1322
1296
1407
1151
1362
1272
1304
1283
1296
1193
1248
1325
1275
1266
1284
1280
1269
1114
1332
1332
1342
1224
1337
1330
1317
1280
1387
1344
1433
1236
1361
1335
1260
1384
1274
1359
1322
1300
1318
1396
1374
1318
1318
1369
1283
1328
1395
1334
1344
1319
1309
1373
1352
1397
1419
1361
1399
1376
1362
1370
1399
1305
1318
1413
1338
1423
1389
1382
1400
1470
1358
1399
1439
1514
1377
1369
1380
1460
1424
1400
1477
1456
1564
1577
1531
1508
1471
1458
1592
1455
1484
1528
1499
1420
1476
1538
1449
1489
1496
1461
1453
1525
1610
1616
1556
1656
1536
1537
1618
1590
1596
1558
1622
1706
1628
1695
1642
1626
1679
1631
1560
1572
1686
1778
1664
1703
1746
1684
1762
1778
1810
1644
1721
1676
1696
1720
1761
1918
1886
1797
1890
1906
1802
1767
1804
1893
1788
1855
1878
1777
1836
1946
1880
1904
2002
1900
1909
1792
2023
1955
1988
2047
1895
2137
2023
2047
2052
2058
2005
2017
2093
2124
2076
2008
2124
2030
2068
2109
2040
2090
2131
2174
2089
2314
2288
2262
2180
2143
2251
2196
2293
2305
2210
2246
2292
2332
2381
2354
2397
2373
2373
2456
2448
2280
2361
2458
2464
2465
2450
2422
2409
2526
2464
2629
2451
2477
2599
2524
2520
2636
2534
2593
2630
2580
2618
2617
2717
2647
2713
2717
2593
2746
2686
2700
2711
2767
2943
2879
2765
2697
2777
2857
2868
2860
2894
2820
2798
2960
2873
3001
2782
3023
2924
3055
2978
2939
3169
3232
3116
3058
3218
3013
3033
3110
3097
3092
3195
3215
3315
3150
3270
3233
3257
3250
3158
3340
3413
3380
3426
3363
3386
3308
3438
3511
3332
3386
3504
3263
3373
3469
3346
3515
3467
3556
3562
3457
3623
3500
3541
3574
3493
3712
3587
3630
3682
3581
3680
3709
3605
3761
3703
3755
3638
3697
3820
3714
3871
3641
3796
3731
3883
3705
3749
3864
3955
3755
3788
3999
3962
3817
3812
3888
3928
4057
3772
3973
3927
3949
3903
3994
4042
3901
3798
4018
4029
4100
3990
4008
4130
4017
4075
4011
3976
4100
4176
4005
4174
4223
4131
3991
4216
4169
4106
4040
4115
4210
4163
4154
4270
4265
3947
4210
4105
4098
4158
4102
4164
4195
4154
4075
4188
4119
4202
4164
4203
4240
4054
4112
4179
3983
3978
4137
4055
4066
4090
4109
4153
4145
3996
4256
4117
4095
4057
4129
4083
4034
3894
4053
4023
4070
4024
4066
4055
4042
4025
4030
3974
3932
4104
4022
3969
4012
3929
3910
3960
4065
3976
3914
3842
3825
3785
3835
3753
3748
3959
3863
3904
3746
3794
3783
3887
3918
3738
3746
3777
3541
3640
3745
3500
3694
3458
3398
3562
3512
3672
3401
3492
3533
3388
3549
3522
3488
3557
3552
3515
3612
3408
3332
3365
3357
3412
3295
3207
3354
3370
3123
3355
3192
3239
3289
3309
3264
3137
3203
3206
3227
3136
3126
3179
3082
3025
3101
3138
2997
3032
2943
2978
2957
2962
2898
2909
2896
2861
2886
2811
2796
2963
2652
2803
2736
2813
2724
2754
2697
2706
2696
2584
2680
2726
2747
2690
2525
2646
2611
2729
2500
2499
2501
2406
2541
2491
2319
2381
2369
2366
2430
2371
2447
2350
2400
2306
2291
2313
2268
2243
2240
2105
2157
2389
2251
2287
2287
2113
2209
2143
2030
2120
2155
2010
2050
1994
2004
1952
2014
1922
2046
2047
1965
2021
2067
1977
1946
1913
1979
1890
1918
1841
1949
1906
1758
1879
1852
1806
1798
1876
1746
1698
1709
1751
1737
1680
1743
1585
1685
1713
1854
1714
1656
1652
1608
1644
1561
1617
1579
1549
1575
1486
1626
1510
1558
1498
1526
1475
1456
1604
1603
1604
1512
1399
1482
1432
1349
1415
1435
1449
1452
1520
1424
1374
1343
1407
1355
1371
1472
1443
1375
1418
1473
1236
1355
1396
1372
1315
1276
1326
1358
1320
1326
1278
1276
1258
1330
1384
1350
1348
1331
1308
1364
1229
1269
1221
1287
1224
1299
1359
1332
1236
1194
1292
1268
1209
1242
1282
1241
1241
1254
1267
1298
1323
1179
1202
1272
1285
1426
1326
1260
1371
1290
1342
1225
1158
1174
1223
1099
1096
1240
1205
1235
1246
1183
1257
1300
1269
1311
1213
1215
1358
1142
1113
1225
1212
1251
1180
1268
1226
1159
1169
1191
1116
1121
1213
1259
1237
1080
1189
1194
1131
1102
1263
1222
1262
1216
1219
1273
1197
1136
1252
1155
1139
1243
1155
1202
1235
1169
1229
1236
1185
1310
1189
1167
1231
1171
1174
1210
1215
1257
1249
1193
1212
1160
1136
1154
1178
1142
1056
1158
1215
1226
1165
1253
1153
1158
1213
1174
1191
1222
1208
1095
1142
1111
1156
1175
1195
1146
1201
1133
1146
1184
1180
1282
1300
1252
1184
1159
1182
1112
1120
1180
1135
1213
1263
1233
1201
1231
1050
1162
1270
1104
1164
1165
1214
1251
1121
1212
1172
1099
1107
1268
1087
1224
1179
1127
1224
1191
1218
1239
1204
1158
1165
1157
1097
1182
1255
1227
1159
1145
1219
1243
1263
1217
1219
1200
1203
1155
1224
1157
1142
1103
1106
1293
1245
1179
1082
1207
1238
1197
1226
1215
1209
1190
1194
1192
1104
1209
1219
1179
1318
1201
1305
1200
1259
1137
1189
1104
1184
1269
1179
1162
1118
1215
1145
1276
1143
1256
1212
1182
1181
1125
1076
1200
1005
1181
1192
1196
1193
1165
1177
1239
1204
1123
1137
1179
1196
1249
1170
1125
1291
1169
1247
1207
1098
1147
1211
1214
1215
1186
1176
1291
1207
1246
1212
1212
1223
1211
1260
1269
1258
1186
1168
1279
1230
1176
1136
1135
1113
1157
1150
1160
1175
1171
1216
1170
1161
1186
1162
1204
1246
1212
1246
1309
1356
1209
1143
1316
1260
1256
1169
1171
1252
1228
1254
1137
1123
1183
1193
1187
1217
1116
1206
1168
1202
1192
1225
1231
1199
1235
1283
1162
1194
1178
1227
1198
1193
1103
1211
1193
1207
1141
1236
1209
1175
1178
1248
1117
1166
1260
1194
1142
1213
1208
1169
1194
1124
1261
1201
1189
1198
1263
1214
1207
1252
1152
1132
1251
1264
1135
1203
1118
1243
1154
1198
1161
1203
1090
1063
1133
1235
1133
1157
1191
1147
1270
1093
1253
1194
1097
1217
1200
1141
1118
1282
1225
1167
1172
1084
1197
1090
1148
1236
1259
1216
1147
1185
1191
1145
1204
1095
1171
1085
1133
1070
1180
1199
1190
1226
1131
1270
1217
1083
1120
1243
1233
1225
1146
1157
1192
1224
1176
1105
1171
1126
1244
1045
1138
1209
1105
1160
1169
1143
1095
1169
1243
1154
1227
1097
1192
1178
1134
1102
1143
1148
1130
1134
1064
1113
1188
1178
1148
1238
1316
1159
1179
1115
1129
1182
1133
1157
1187
1231
1223
1152
1250
1185
1213
1231
1209
1216
1254
1206
1157
1224
1221
1150
1136
1181
1231
1274
1229
1241
1180
1195
1198
1168
1155
1134
1150
1160
1236
1159
1171
1114
1242
1165
1153
1145
1188
1191
1219
1157
1184
1129
1212
1211
1115
1148
1247
1184
1189
1144
1269
1197
1141
1130
1189
1132
1181
1168
1183
1115
1096
1103
1102
1179
1226
1073
1145
1157
1139
1209
1168
1210
1149
1215
1120
1234
1182
1142
1137
1120
1197
1096
1134
1186
1125
1146
1249
1195
1230
1206
1208
1141
1197
1144
1146
1237
1271
1197
1217
1237
1260
1233
1144
1207
1280
1272
1236
1310
1275
1162
1259
1174
1231
1144
1159
1212
1170
1179
1064
1102
1217
1074
1141
1233
1286
1128
1250
1162
1182
1171
1199
1171
1187
1202
1128
1175
1265
1065
1108
1131
1237
1144
1170
1170
1168
1170
1262
1189
1184
1268
1172
1111
1128
1189
1220
1217
1143
1218
1264
1142
1178
1190
1144
1126
1167
1228
1179
1178
1100
1135
1207
1183
1133
1224
1205
1177
1180
1170
1236
1176
1201
1133
1086
1257
1201
1226
1193
1213
1225
1232
1240
1223
1159
1297
1140
1067
1135
1171
1089
1192
1140
1106
1108
1179
1186
1114
1160
1201
1196
1151
1206
1131
1207
1179
1143
1333
1159
1076
1203
1219
1159
1189
1184
1185
1178
1119
1163
1185
1272
1158
1169
1172
1090
1245
1131
1198
1236
1133
1182
1264
1283
1128
1296
1109
1095
1143
1167
1138
1163
1200
1207
1135
1081
1185
1228
1170
1225
1173
1235
1188
1074
1103
1206
1216
1182
1114
1168
1257
1026
1110
1220
1155
1201
1145
1290
1244
1252
1137
1197
1212
1149
1160
1269
1199
1151
1167
1194
1093
1213
1167
1188
1129
1200
1230
1233
1201
1115
1153
1256
1176
1293
1198
1117
1140
1090
1098
1237
1124
1175
1154
1209
1197
1291
1218
1250
1242
1306
1229
1154
1165
1227
1232
1129
1162
1207
1256
1231
1115
1229
1150
1215
1219
1179
1215
1192
1122
1229
1224
1149
1185
1180
1097
1204
1222
1182
1157
1153
1207
1081
1227
1104
1168
1170
1184
1263
1209
1192
1281
1239
1107
1138
1152
1122
1283
1139
1158
1209
1172
1258
1170
1280
1095
1190
1202
1205
1248
1108
1178
1153
1216
1147
1130
1252
1140
1197
1240
1169
1146
1122
1182
1159
1167
1220
1127
1230
1203
1193
1135
1109
1185
1174
1118
1147
1259
1169
1079
1126
1180
1277
1123
1118
1051
1139
1070
1151
1156
1165
1255
1140
1185
1207
1166
1142
1190
1254
1263
1118
1208
1078
1155
1167
1271
1134
1152
1154
1248
1212
1223
1147
1105
1075
1142
1172
1235
1279
1034
1208
1170
1177
1229
1183
1151
1104
1186
1183
1172
1179
1208
1043
1176
1182
1202
1145
1199
1221
1166
1246
1143
1244
1174
1356
1219
1241
1223
1089
1039
1185
1104
1164
1187
1168
1225
1161
1193
1098
1225
1209
1232
1249
1284
1171
1225
1102
1137
1147
1125
1171
1112
1182
1222
1122
1167
1287
1202
1204
1291
1175
1252
1301
1292
1194
1018
1229
1123
1187
1105
1088
1212
1165
1161
1159
1169
1204
1183
1226
1204
1189
1215
1215
1179
1171
1184
1074
1130
1030
1154
1254
1206
1144
1216
1137
1213
1228
1178
1202
1171
1155
1233
1077
1167
1039
1248
1169
1091
1149
1132
1234
1211
1187
1220
1193
1247
1179
1198
1276
1133
1213
1129
1077
1014
1138
1073
1077
1131
1193
1093
1192
1260
1165
1183
1213
1177
1220
1078
1193
1275
1129
1205
1191
1204
1208
1128
1064
1186
1200
1260
1137
1237
1255
1228
1229
1166
1164
1219
1221
1273
1189
1284
1149
1207
1117
1256
1084
1093
1199
1197
1235
1207
1202
1233
1163
1143
1188
1227
1178
1202
1204
1202
1201
1232
1223
1149
1142
1061
1196
1095
1151
1150
1129
1205
1177
1252
1173
1184
1149
1189
1220
1131
1159
1168
1148
1182
1139
1171
1120
1165
1285
1189
1166
1232
1249
1180
1138
1214
1130
1141
1134
1117
1168
1132
1150
1166
1158
1170
1219
1233
1282
1216
1300
1237
1203
1252
1167
1097
1260
1244
1242
1093
1219
1095
1141
1115
1125
1117
1129
1167
1123
1157
1165
1135
