1137
1177
1215
1172
1179
1100
1222
1188
1206
1235
1185
1197
1202
1075
1224
1133
1173
1202
1198
1192
1207
1183
1230
1176
1195
1182
1232
1234
1220
1251
1334
1276
1259
1175
1153
1268
1245
1209
1287
1133
1270
1230
1225
1188
1276
1137
1174
1286
1160
1133
1112
1241
1144
1197
1217
1290
1343
1186
1119
1152
1268
1201
1259
1203
1200
1149
1220
1177
1185
1251
1188
1240
1166
1244
1285
1120
1186
1267
1321
1214
1227
1261
1250
1121
1294
1154
1176
1141
1299
1239
1187
1167
1250
1186
1250
1224
1113
1210
1166
1238
1186
1229
1157
1087
1252
1188
1146
1232
1137
1161
1103
1213
1268
1251
1211
1188
1314
1212
1205
1236
1169
1124
1070
1208
1213
1082
1188
1205
1261
1223
1100
1177
1229
1170
1108
1228
1203
1203
1235
1192
1221
1174
1095
1221
1162
1034
1149
1135
1190
1308
1244
1339
1235
1169
1213
1166
1191
1252
1247
1229
1179
1139
1169
1130
1231
1140
1181
1203
1043
1197
1168
1151
1199
1184
1214
1194
1271
1269
1203
1115
1173
1223
1230
1175
1190
1251
1235
1131
1306
1165
1217
1131
1173
1089
1127
1192
1248
1149
1208
1226
1206
1169
1118
1251
1158
1243
1163
1233
1182
1227
1267
1149
1159
1107
1171
1205
1229
1137
1126
1112
1172
1233
1166
1248
1172
1166
1145
1177
1111
1208
1278
1230
1208
1300
1169
1233
1174
1218
1259
1209
1145
1147
1221
1208
1284
1173
1228
1198
1275
1135
1216
1181
1211
1218
1185
1149
1186
1145
1079
1130
1180
1203
1253
1194
1227
1216
1151
1231
1152
1330
1145
1228
1307
1200
1234
1274
1236
1171
1166
1182
1133
1257
1120
1149
1186
1149
1189
1208
1156
1174
1198
1223
1180
1259
1149
1169
1202
1226
1178
1150
1151
1185
1322
1259
1141
1303
1207
1124
1255
1175
1012
1219
1187
1215
1199
1252
1301
1170
1232
1252
1277
1290
1271
1324
1133
1235
1247
1155
1152
1247
1283
1146
1120
1194
1208
1105
1281
1176
1275
1272
1158
1263
1115
1201
1302
1145
1181
1163
1163
1151
1134
1234
1214
1179
1104
1270
1249
1084
1173
1171
1207
1255
1148
1160
1189
1241
1230
1166
1177
1182
1174
1161
1236
1241
1130
1274
1298
1287
1207
1373
1301
1214
1200
1153
1137
1240
1186
1110
1170
1131
1233
1159
1129
1148
1269
1201
1202
1177
1150
1235
1131
1256
1179
1191
1311
1152
1223
1150
1175
1133
1250
1178
1206
1121
1114
1224
1327
1263
1222
1220
1205
1256
1153
1240
1214
1173
1198
1148
1225
1127
1218
1173
1113
1178
1170
1182
1245
1215
1243
1144
1227
1183
1159
1250
1169
1202
1132
1119
1183
1121
1195
1143
1136
1211
1168
1199
1271
1258
1194
1278
1354
1245
1139
1193
1193
1169
1229
1182
1208
1171
1250
1209
1219
1167
1248
1128
1201
1198
1230
1313
1223
1197
1239
1215
1134
1248
1114
1161
1163
1220
1182
1183
1225
1146
1294
1249
1282
1234
1179
1134
1220
1147
1262
1127
1208
1159
1119
1159
1210
1205
1180
1186
1248
1224
1204
1175
1203
1147
1232
1197
1317
1337
1170
1220
1182
1153
1100
1180
1137
1117
1124
1206
1167
1226
1283
1159
1130
1340
1249
1124
1266
1218
1218
1154
1157
1082
1234
1136
1150
1165
1156
1180
1236
1129
1170
1176
1194
1293
1120
1210
1221
1287
1134
1141
1180
1106
1112
1169
1276
1185
1127
1287
1184
1084
1301
1261
1217
1113
1089
1175
1079
1206
1139
1197
1184
1183
1149
1248
1219
1115
1312
1210
1247
1252
1201
1190
1265
1209
1201
1150
1184
1246
1194
1199
1215
1219
1156
1150
1221
1251
1277
1269
1250
1262
1185
1201
1170
1049
1264
1135
1280
1220
1119
1091
1213
1220
1245
1110
1187
1159
1183
1176
1154
1263
1227
1149
1106
1161
1145
1197
1233
1191
1192
1128
1159
1129
1214
1163
1134
1179
1108
1286
1161
1287
1159
1244
1263
1202
1210
1197
1073
1251
1143
1220
1281
1246
1165
1272
1157
1219
1294
1264
1215
1268
1307
1212
1252
1190
1208
1115
1226
1256
1133
1277
1179
1233
1263
1268
1202
1288
1251
1193
1182
1315
1209
1245
1280
1122
1206
1270
1201
1231
1066
1100
1270
1258
1117
1250
1151
1198
1271
1292
1198
1269
1138
1239
1228
1277
1332
1178
1171
1217
1250
1139
1181
1178
1116
1164
1168
1191
1211
1066
1180
1188
1205
1176
1237
1116
1207
1202
1196
1182
1260
1109
1152
1213
1191
1224
1088
1212
1208
1144
1235
1123
1230
1233
1247
1198
1224
1223
1124
1209
1257
1286
1244
1114
1243
1270
1217
1241
1072
1088
1220
1175
1206
1090
1203
1220
1238
1220
1347
1171
1231
1156
1312
1240
1271
1161
1198
1146
1138
1218
1113
1089
1185
1198
1176
1085
1216
1268
1212
1184
1250
1247
1356
1230
1251
1249
1189
1247
1191
1214
1131
1219
1254
1203
1209
1122
1231
1310
1164
1168
1272
1173
1147
1166
1145
1217
1236
1213
1217
1117
1253
1252
1164
1234
1188
1121
1256
1251
1182
1222
1119
1146
1151
1269
1172
1157
1180
1162
1146
1191
1127
1144
1134
1106
1043
1161
1215
1239
1183
1197
1192
1184
1229
1270
1249
1252
1191
1113
1233
1115
1117
1194
1144
1316
1166
1244
1247
1209
1222
1229
1224
1165
1172
1198
1250
1148
1209
1181
1226
1173
1284
1372
1148
1153
1264
1186
1203
1289
1182
1220
1190
1207
1188
1197
1298
1211
1274
1144
1301
1222
1210
1087
1187
1312
1232
1232
1272
1112
1182
1200
1190
1131
1171
1139
1199
1212
1214
1292
1140
1086
1207
1266
1177
1023
1268
1298
1190
1271
1189
1175
1241
1159
1196
1271
1133
1214
1193
1261
1231
1196
1199
1180
1191
1189
1210
1247
1238
1185
1258
1222
1110
1176
1166
1225
1150
1166
1240
1179
1149
1198
1159
1191
1242
1139
1302
1256
1260
1233
1191
1255
1174
1274
1276
1243
1092
1100
1148
1246
1206
1265
1284
1188
1177
1279
1235
1198
1219
1283
1219
1210
1201
1180
1160
1217
1285
1165
1264
1165
1214
1240
1232
1097
1154
1258
1151
1255
1261
1284
1232
1295
1207
1232
1124
1194
1250
1216
1279
1184
1227
1197
1214
1218
1186
1264
1180
1207
1251
1291
1164
1257
1133
1288
1228
1321
1243
1183
1207
1177
1273
1173
1189
1204
1156
1208
1175
1162
1187
1185
1203
1310
1169
1278
1213
1181
1241
1162
1262
1177
1204
1144
1177
1184
1265
1175
1213
1087
1199
1193
1181
1219
1148
1178
1269
1205
1225
1208
1193
1233
1230
1125
1239
1220
1261
1226
1123
1095
1244
1241
1101
1266
1188
1290
1115
1170
1147
1293
1122
1318
1150
1164
1242
1313
1245
1166
1231
1179
1088
1260
1238
1296
1142
1162
1184
1126
1108
1310
1175
1214
1235
1110
1310
1187
1208
1120
1171
1270
1188
1152
1253
1188
1277
1116
1366
1176
1134
1179
1262
1160
1189
1237
1219
1209
1217
1282
1154
1222
1175
1259
1205
1171
1185
1288
1202
1152
1117
1091
1135
1164
1178
1251
1192
1221
1220
1211
1266
1241
1166
1156
1162
1183
1148
1181
1150
1151
1176
1160
1167
1161
1198
1242
1244
1129
1246
1224
1199
1109
1338
1200
1168
1236
1250
1165
1215
1143
1146
1179
1257
1212
1182
1284
1178
1158
1253
1192
1253
1218
1248
1193
1226
1288
1155
1288
1190
1213
1206
1283
1150
1152
1348
1230
1191
1238
1167
1222
1265
1140
1243
1126
1191
1285
1207
1284
1195
1221
1180
1178
1177
1179
1175
1215
1234
1207
1155
1143
1280
1239
1246
1219
1204
1219
1221
1198
1215
1183
1097
1244
1187
1183
1243
1242
1207
1219
1235
1238
1182
1247
1182
1138
1155
1206
1171
1165
1231
1193
1210
1114
1180
1229
1160
1184
1169
1258
1225
1187
1160
1233
1198
1119
1207
1215
1175
1222
1115
1117
1200
1224
1128
1126
1193
1135
1245
1127
1109
1156
1211
1277
1159
1194
1289
1248
1230
1153
1167
1231
1103
1218
1186
1204
1277
1164
1254
1264
1150
1156
1261
1206
1228
1128
1224
1163
1226
1130
1192
1164
1204
1125
1170
1247
1212
1176
1250
1232
1354
1189
1287
1183
1245
1179
1105
1195
1087
1202
1176
1225
1168
1246
1295
1219
1231
1092
1236
1223
1271
1228
1209
1256
1281
1268
1181
1137
1213
1229
1113
1156
1154
1262
1215
1151
1244
1232
1168
1148
1136
1178
1145
1214
1207
1236
1236
1208
1181
1185
1229
1132
1231
1205
1210
1166
1214
1163
1207
1206
1152
1191
1226
1211
1301
1276
1330
1277
1251
1218
1189
1189
1245
1234
1247
1195
1230
1149
1266
1157
1155
1257
1174
1167
1188
1232
1205
1200
1215
1320
1213
1091
1159
1131
1227
1235
1046
1189
1183
1202
1183
1193
1253
1121
1186
1155
1161
1149
1111
1277
1139
1244
1142
1172
1224
1114
1215
1132
1155
1231
1287
1315
1205
1257
1278
1194
1244
1215
1169
1229
1161
1148
1261
1156
1276
1172
1196
1227
1156
1195
1082
1237
1143
1224
1315
1204
1223
1201
1130
1247
1197
1133
1227
1169
1161
1160
1204
1188
1236
1268
1148
1236
1263
1162
1226
1273
1215
1174
1220
1207
1184
1096
1161
1211
1139
1212
1223
1174
1143
1155
1287
1162
1262
1220
1230
1257
1175
1225
1134
1210
1292
1232
1154
1233
1194
1280
1273
1154
1214
1243
1245
1308
1225
1132
1160
1189
1239
1161
1183
1202
1229
1215
1178
1139
1211
1239
1138
1153
1220
1204
1277
1228
1100
1290
1243
1256
1212
1118
1105
1268
1239
1145
1141
1229
1278
1239
1218
1195
1271
1272
1200
1149
1214
1247
1157
1340
1245
1193
1198
1213
1144
1182
1167
1108
1227
1167
1209
1216
1236
1152
1325
1247
1284
1194
1141
1201
1130
1186
1219
1190
1244
1185
1110
1152
1161
1189
1250
1210
1300
1294
1241
1236
1165
1275
1202
1195
1193
1237
1213
1118
1174
1172
1213
1117
1205
1104
1142
1129
1215
1122
1199
1149
1243
1232
1175
1258
1195
1308
1190
1150
1184
1231
1162
1099
1205
1284
1290
1262
1239
1244
1325
1198
1199
1250
1221
1226
1128
1186
1167
1118
1178
1279
1105
1143
1263
1228
1300
1205
1205
1255
1216
1131
1196
1147
1168
1130
1200
1190
1237
1163
1257
1126
1249
1162
1118
1203
1250
1309
1301
1268
1280
1213
1242
1139
1252
1240
1151
1155
1203
1330
1221
1243
1184
1150
1186
1263
1178
1128
1266
1174
1165
1208
1207
1130
1243
1157
1234
1193
1213
1177
1190
1215
1101
1195
1234
1211
1185
1106
1213
1263
1224
1212
1218
1261
1246
1236
1086
1196
1178
1150
1280
1088
1165
1185
1193
1209
1222
1117
1242
1120
1170
1159
1203
1205
1223
1196
1101
1253
1290
1168
1232
1237
1280
1136
1160
1178
1205
1190
1174
1145
1239
1156
1147
1266
1185
1183
1261
1237
1241
1129
1165
1143
1173
1171
1277
1216
1264
1221
1164
1235
1202
1219
1287
1218
1150
1173
1162
1218
1171
1206
1193
1125
1180
1047
1142
1241
1176
1173
1171
1154
1222
1248
1226
1206
1303
1144
1238
1212
1116
1250
1230
1124
1227
1128
1223
1233
1284
1146
1269
1177
1201
1299
1231
1226
1237
1260
1225
1249
1215
1226
1196
1188
1033
1188
1274
1202
1197
1191
1175
1277
1198
1169
1222
1230
1230
1263
1188
1284
1225
1271
1272
1255
1245
1177
1150
1239
1166
1195
1203
1187
1281
1207
1209
1288
1224
1220
1228
1324
1243
1285
1210
1168
1160
1177
1179
1201
1238
1209
1259
1209
1219
1226
1254
1366
1224
1139
1287
1166
1204
1255
1278
1115
1194
1207
1232
1215
1239
1196
1169
1269
1212
1211
1308
1238
1173
1202
1129
1217
1217
1216
1186
1307
1261
1195
1154
1279
1191
1191
1177
1211
1292
1220
1300
1255
1279
1216
1183
1221
1297
1252
1182
1270
1250
1298
1235
1270
1183
1274
1259
1206
1297
1322
1272
1280
1172
1249
1215
1196
1240
1237
1261
1184
1139
1231
1236
1269
1220
1290
1301
1195
1255
1203
1261
1230
1256
1167
1229
1256
1128
1092
1206
1200
1188
1161
1221
1319
1266
1164
1197
1231
1279
1264
1222
1214
1255
1263
1170
1236
1190
1262
1172
1242
1257
1320
1332
1238
1258
1117
1225
1273
1161
1209
1272
1252
1301
1245
1167
1230
1290
1179
1210
1315
1315
1303
1242
1213
1218
1273
1197
1205
1318
1210
1207
1265
1257
1271
1284
1254
1334
1285
1207
1256
1257
1314
1145
1192
1196
1204
1183
1212
1162
1233
1167
1163
1291
1331
1287
1183
1246
1290
1179
1242
1302
1286
1211
1283
1152
1267
1219
1330
1289
1243
1158
1209
1292
1302
1294
1316
1361
1295
1218
1256
1303
1259
1306
1345
1223
1291
1299
1293
1405
1333
1285
1260
1357
1216
1348
1270
1360
1369
1340
1265
1331
1335
1253
1207
1303
1344
1293
1357
1389
1328
1330
1305
1235
1430
1186
1316
1314
1400
1284
1384
1322
1325
1345
1363
1286
1271
1238
1235
1353
1306
1316
1362
1293
1270
1350
1305
1338
1350
1417
1429
1347
1342
1390
1277
1266
1358
1327
1352
1325
1302
1374
1290
1464
1408
1315
1405
1408
1375
1455
1379
1311
1450
1452
1384
1430
1472
1494
1472
1383
1472
1483
1470
1454
1331
1379
1467
1519
1419
1432
1430
1518
1436
1470
1538
1500
1615
1611
1457
1524
1451
1481
1568
1487
1513
1625
1501
1476
1537
1520
1604
1560
1563
1655
1617
1570
1589
1680
1622
1640
1602
1519
1558
1576
1501
1562
1554
1582
1690
1656
1685
1614
1664
1724
1649
1579
1560
1672
1702
1780
1648
1601
1672
1643
1783
1809
1837
1823
1725
1848
1717
1791
1733
1657
1869
1809
1796
1791
1691
1866
1742
1874
1825
1780
1841
1735
1806
1829
1962
1892
1924
1993
1876
1840
1931
1943
1927
2012
1797
1959
2034
2058
2002
1942
2021
2041
1960
1951
2059
2033
2210
2162
1969
2126
2088
1997
2135
2097
2122
2087
2196
2245
2291
2208
2097
2119
2183
2242
2259
2156
2263
2246
2142
2311
2351
2309
2305
2313
2236
2366
2310
2413
2269
2480
2368
2398
2451
2407
2395
2472
2440
2541
2373
2520
2344
2560
2460
2629
2670
2527
2653
2714
2673
2699
2764
2759
2757
2736
2686
2853
2709
2744
2701
2878
2848
2956
2830
2962
2871
2923
2838
2984
3043
2995
3066
2948
2961
3071
3171
3107
3176
3130
3286
3117
3192
3159
3188
3147
3315
3460
3358
3458
3470
3525
3238
3462
3622
3443
3618
3407
3431
3527
3603
3627
3732
3769
3606
3629
3860
3795
3901
3643
4009
3873
3794
3923
3963
4011
3881
4013
4117
4181
4019
4262
4169
4198
4138
4379
4297
4329
4418
4385
4368
4475
4442
4483
4471
4707
4603
4649
4638
4792
4538
4782
4790
4666
5021
5022
4958
4944
4957
5216
5143
5117
5067
5168
5250
5393
5343
5254
5334
5534
5504
5582
5506
5611
5562
5946
5734
5899
5815
5999
5668
5793
5866
6090
5937
6068
6088
6198
6261
6276
6204
6179
6410
6293
6343
6564
6541
6673
6624
6658
6645
6668
6762
6455
6919
6974
7083
6857
6970
7025
6967
7125
7048
7039
6920
7004
7216
7275
7353
7261
7338
7346
7424
7632
7493
7400
7402
7543
7466
7626
7522
7639
7615
7698
7498
7514
7595
7834
7887
7897
7738
7713
7835
7725
7747
7821
7836
7930
7769
7765
7712
7912
7713
7895
7953
7887
7773
8042
7943
7801
7700
8104
7809
7770
7898
8007
7902
7978
7853
7841
7859
7798
8030
7690
7852
7474
7849
7854
7770
7638
7814
7517
7615
7483
7589
7723
7528
7469
7532
7478
7548
7405
7283
7355
7386
7165
7155
7259
7098
7213
7035
7215
7003
7110
6958
7034
6775
6842
6588
6820
6578
6669
6533
6532
6579
6494
6443
6365
6238
6305
6124
6210
6027
6150
6129
6106
5884
5845
6069
5808
5820
5824
5857
5692
5577
5607
5551
5597
5528
5215
5471
5339
5308
5273
5269
5138
5125
5026
5132
5106
5004
5041
4834
4833
4822
4575
4546
4534
4537
4527
4347
4369
4432
4578
4328
4207
4342
4233
4236
3970
3955
3819
3904
3907
3837
3777
3740
3795
3755
3574
3658
3618
3565
3437
3539
3366
3168
3170
3188
3189
3068
3146
3137
2998
2948
3025
2873
2826
2821
2996
2811
2689
2705
2628
2660
2577
2683
2551
2518
2420
2422
2447
2426
2270
2404
2370
2243
2342
2246
2190
2123
2125
2214
2121
2027
2118
2104
2072
1958
2098
1952
2015
1985
1793
1937
1970
1893
1888
1911
1880
1788
1743
1678
1612
1756
1658
1689
1638
1668
1603
1725
1636
1668
1639
1603
1712
1638
1556
1702
1588
1570
1490
1536
1530
1552
1478
1478
1411
1517
1581
1439
1531
1526
1381
1465
1496
1419
1390
1398
1443
1514
1527
1381
1412
1385
1373
1384
1245
1349
1510
1381
1458
1352
1339
1362
1303
1382
1387
1321
1400
1356
1290
1322
1414
1367
1362
1331
1340
1286
1355
1324
1323
1305
1334
1197
1239
1362
1334
1325
1270
1331
1456
1254
1389
1303
1294
1339
1201
1317
1228
1271
1245
1238
1266
1252
1258
1296
1209
1295
1255
1246
1322
1279
1334
1309
1288
1232
1210
1304
1249
1163
1166
1216
1274
1212
1173
1178
1292
1246
1214
1321
1360
1257
1239
1174
1370
1249
1191
1096
1201
1291
1263
1206
1224
1226
1224
1253
1211
1253
1156
1290
1225
1228
1187
1269
1217
1246
1217
1183
1186
1214
1281
1209
1201
1250
1218
1158
1146
1254
1283
1081
1263
1213
1197
1204
1213
1228
1157
1285
1242
1352
1227
1269
1170
1224
1165
1301
1185
1195
1239
1097
1180
1290
1161
1142
1215
1240
1195
1293
1186
1277
1259
1272
1297
1265
1154
1255
1198
1235
1255
1131
1188
1207
1242
1196
1220
1333
1209
1212
1163
1309
1171
1157
1238
1261
1108
1269
1198
1158
1132
1225
1195
1201
1242
1367
1195
1216
1262
1268
1280
1292
1204
1212
1130
1137
1223
1208
1283
1124
1162
1200
1280
1258
1188
1153
1351
1130
1209
1344
1227
1376
1297
1176
1331
1227
1128
1167
1250
1190
1139
1174
1202
1157
1235
1146
1178
1194
1216
1258
1187
1241
1222
1188
1253
1237
1194
1215
1276
1143
1101
1132
1175
1203
1126
1127
1182
1446
1308
1213
1214
1203
1226
1284
1231
1187
1234
1254
1176
1290
1201
1156
1062
1262
1193
1209
1162
1186
1235
1278
1197
1224
1148
1269
1095
1220
1260
1178
1268
1163
1188
1174
1246
1245
1287
1292
1248
1199
1233
1257
1214
1197
1085
1144
1162
1192
1142
1253
1267
1100
1299
1241
1180
1221
1221
1117
1258
1174
1252
1206
1241
1102
1265
1203
1274
1294
1227
1164
1224
1209
1258
1210
1159
1304
1346
1192
1107
1230
1157
1156
1319
1286
1172
1272
1120
1144
1199
1271
1166
1166
1115
1193
1174
1169
1187
1289
1240
1223
1293
1175
1147
1233
1192
1270
1188
1242
1229
1161
1203
1174
1171
1124
1191
1243
1092
1218
1139
1199
1139
1218
1256
1163
1273
1151
1094
1183
1126
1199
1232
1130
1159
1120
1280
1153
1156
1218
1245
1128
1179
1181
1216
1165
1177
1221
1169
1267
1253
1182
1109
1243
1161
1074
1109
1094
1186
1071
1125
1183
1204
1224
1139
1138
1184
1183
1226
1269
1269
1133
1260
1143
1235
1251
1183
1163
1133
1167
1220
1121
1151
1256
1228
1246
1157
1273
1215
1199
1232
1132
1277
1184
1166
1202
1185
1300
1194
1104
1198
1183
1225
1218
1217
1245
1229
1113
1203
1120
1154
1217
1235
1206
1171
1138
1158
1253
1189
1249
1235
1142
1183
1212
1298
1172
1189
1149
1138
1112
1139
1241
1222
1212
1191
1068
1178
1211
1116
1239
1202
1191
1196
1156
1194
1229
1259
1209
1131
1342
1265
1084
1185
1163
1157
1164
1149
1234
1125
1165
1180
1238
1224
1190
1203
1176
1202
1210
1182
1174
1295
1201
1240
1154
1158
1179
1136
1229
1129
1199
1251
1212
1290
1196
1232
1248
1138
1227
1155
1263
1196
1157
1190
1214
1114
1127
1226
1212
1172
1263
1295
1189
1231
1230
1203
1227
1170
1180
1226
1280
1274
1137
1105
1114
1106
1103
1211
1186
1212
1110
1088
1138
1254
1215
1232
1222
1139
1195
1209
1093
1220
1143
1220
1208
1219
1189
1233
1306
1219
1148
1242
1225
1216
1248
1197
1266
1251
1197
1175
1159
1273
1195
1202
1182
1239
1240
1196
1217
1206
1209
1229
1314
1210
1230
1198
1173
1256
1143
1218
1209
1271
1145
1183
1226
1334
1241
1126
1271
1245
1234
1230
1157
1231
1156
1099
1148
1299
1250
1179
1172
1137
1138
1292
1221
1247
1165
1271
1207
1210
1263
1122
1235
1170
1222
1069
1242
1202
1144
1208
1197
1125
1240
1177
1252
1114
1161
1191
1238
1243
1262
1256
1180
1200
1253
1153
1105
1289
1208
1138
1234
1190
1181
1107
1154
1147
1199
1197
1198
1185
1165
1258
1183
1207
1230
1317
1019
1223
1158
1205
1158
1219
1200
1235
1220
1219
1186
1121
1224
1145
1183
1083
1111
1142
1108
1218
1147
1095
1317
1211
1205
1111
1207
1208
1290
1180
1246
1207
1108
1222
1200
1143
1301
1175
1243
1250
1161
1127
1235
1134
1177
1243
1193
1272
1222
1203
1183
1200
1118
1285
1186
1036
1140
1146
1074
1258
1226
1251
1214
1181
1205
1240
1306
1156
1257
1145
1192
1194
1266
1131
1249
1229
1193
1199
1123
1147
1341
1158
1250
1224
1194
1093
1139
1255
1215
1236
1167
1090
1190
1141
1129
1253
1224
1200
1204
1319
1144
1181
1186
1288
1185
1238
1004
1239
1258
1159
1211
1159
1246
1308
1307
1155
1298
1222
1212
1210
1231
1298
1125
1182
1170
1051
1138
1213
1277
1156
1252
1141
1152
1249
1194
1119
1158
1224
1145
1181
1314
1144
1134
1116
1273
1204
1115
1088
1236
1153
1094
1193
1164
1200
1201
1241
1146
1243
1226
1204
1124
1235
1162
1145
1200
1131
1181
1181
1188
1223
1111
1162
1216
1246
1182
1169
1252
1198
1247
1249
1178
