1219
1226
1221
1093
1199
1210
1178
1107
1222
1314
1107
1165
1108
1232
1175
1230
1214
1169
1230
1201
1175
1208
1253
1140
1146
1259
1197
1163
1191
1235
1206
1154
1242
1278
1202
1111
1227
1325
1159
1162
1145
1137
1272
1287
1175
1187
1214
1237
1129
1265
1302
1291
1240
1219
1231
1164
1170
1215
1219
1195
1236
1316
1167
1221
1203
1107
1127
1196
1126
1212
1057
1137
1280
1248
1108
1263
1262
1210
1216
1222
1179
1113
1140
1251
1219
1172
1282
1206
1186
1162
1177
1066
1177
1242
1306
1262
1191
1231
1146
1217
1410
1098
1153
1142
1211
1200
1243
1193
1281
1176
1268
1246
1082
1277
1165
1098
1162
1206
1221
1199
1138
1171
1159
1221
1167
1220
1158
1248
1131
1169
1210
1205
1334
1097
1223
1188
1227
1156
1227
1232
1163
1167
1212
1188
1184
1160
1187
1270
1133
1165
1250
1154
1136
1199
1195
1220
1222
1202
1176
1080
1214
1248
1063
1155
1171
1139
1154
1197
1184
1172
1103
1190
1187
1212
1172
1163
1159
1141
1034
1137
1229
1133
1253
1246
1305
1314
1181
1255
1147
1186
1117
1117
1210
1154
1164
1255
1186
1156
1141
1295
1223
1182
1213
1173
1208
1207
1153
1213
1138
1149
1138
1169
1155
1182
1143
1145
1215
1239
1120
1221
1098
1183
1109
1091
1185
1171
1232
1203
1151
1121
1214
1245
1220
1247
1181
1193
1296
1154
1229
1242
1152
1166
1173
1073
1199
1167
1164
1207
1244
1207
1319
1170
1114
1137
1251
1104
1234
1180
1204
1136
1233
1178
1177
1112
1152
1266
1308
1159
1150
1219
1183
1196
1217
1165
1166
1190
1231
1125
1211
1197
1247
1210
1207
1245
1170
1275
1194
1228
1096
1217
1190
1192
1172
1155
1273
1159
1114
1170
1176
1211
1207
1226
1156
1204
1199
1127
1253
1192
1207
1178
1088
1194
1212
1152
1207
1333
1274
1309
1213
1238
1267
1198
1296
1158
1309
1230
1167
1225
1044
1017
1183
1208
1185
1325
1211
1252
1179
1148
1176
1115
1202
1154
1154
1213
1273
1152
1269
1150
1168
1170
1159
1193
1228
1180
1158
1193
1159
1028
1114
1119
1233
1184
1194
1148
1250
1178
1181
1204
1265
1178
1169
1100
1223
1255
1185
1165
1014
1172
1151
1205
1115
1208
1269
1138
1283
1161
1230
1197
1232
1192
1311
1167
1113
1194
1180
1197
1157
1145
1166
1250
1279
1210
1235
1119
1233
1115
1223
1205
1281
1189
1158
1283
1286
1170
1205
1119
1210
1124
1201
1229
1121
1118
1259
1093
1120
1242
1140
1199
1095
1197
1163
1220
1149
1170
1213
1162
1197
1217
1180
1203
1198
1256
1265
1156
1236
1306
1195
1296
1276
1276
1204
1165
1119
1179
1075
1156
1197
1306
1154
1261
1143
1221
1175
1239
1191
1228
1268
1231
1216
1220
1229
1111
1370
1031
1197
1167
1253
1247
1241
1229
1218
1249
1151
1147
1209
1199
1239
1295
1248
1261
1258
1183
1141
1286
1110
1207
1139
1098
1119
1206
1188
1082
1149
1241
1125
1202
1236
1224
1258
1292
1333
1299
1190
1197
1247
1199
1212
1128
1235
1050
1048
1044
1181
1187
1146
1158
1266
1253
1125
1162
1281
1252
1240
1214
1115
1273
1127
1198
1158
1139
1245
1220
1159
1115
1217
1207
1227
1231
1187
1283
1183
1279
1189
1145
1223
1194
1105
1165
1178
1140
1144
1134
1288
1162
1179
1146
1085
1168
1213
1286
1274
1204
1207
1177
1135
1201
1134
1121
1206
1116
1120
1166
1275
1230
1181
1238
1232
1231
1146
1267
1200
1248
1129
1109
1190
1150
1259
1157
1209
1196
1114
1111
1215
1219
1161
1207
1282
1179
1249
1262
1236
1193
1185
1166
1096
1316
1236
1139
1258
1216
1178
1143
1161
1216
1156
1233
1236
1288
1134
1148
1225
1125
1257
1226
1194
1209
1122
1275
1109
1203
1309
1277
1282
1203
1281
1134
1197
1160
1151
1272
1300
1204
1283
1205
1228
1090
1155
1218
1196
1159
1253
1178
1217
1218
1212
1194
1293
1266
1264
1221
1287
1118
1176
1240
1258
1210
1215
1167
1240
1186
1115
1220
1184
1227
1295
1210
1135
1156
1207
1263
1150
1275
1227
1137
1194
1234
1232
1322
1172
1143
1237
1241
1328
1180
1268
1234
1188
1247
1159
1264
1220
1236
1199
1179
1186
1219
1232
1237
1242
1213
1171
1202
1205
1150
1199
1247
1208
1230
1164
1178
1266
1175
1340
1173
1180
1220
1195
1284
1268
1258
1207
1216
1218
1209
1244
1172
1092
1182
1331
1242
1171
1202
1231
1157
1275
1166
1166
1191
1219
1212
1108
1175
1196
1247
1233
1213
1198
1334
1260
1287
1204
1226
1201
1168
1213
1140
1157
1242
1126
1135
1057
1268
1145
1178
1266
1189
1167
1269
1278
1191
1189
1179
1143
1302
1224
1152
1103
1096
1208
1142
1110
1222
1296
1182
1294
1294
1233
1266
1192
1207
1279
1155
1290
1244
1231
1155
1128
1104
1190
1247
1267
1252
1201
1239
1213
1218
1179
1183
1158
1282
1203
1151
1157
1150
1242
1160
1220
1215
1082
1136
1174
1241
1204
1159
1259
1308
1294
1136
1132
1248
1244
1160
1228
1144
1099
1171
1275
1229
1198
1209
1086
1281
1226
1225
1350
1288
1294
1226
1209
1291
1210
1178
1173
1159
1235
1255
1244
1135
1317
1241
1300
1203
1229
1118
1185
1263
1258
1307
1268
1115
1221
1233
1171
1194
1175
1231
1140
1168
1237
1238
1119
1197
1257
1224
1088
1182
1167
1130
1209
1269
1231
1181
1228
1253
1104
1254
1240
1275
1205
1129
1204
1243
1137
1242
1176
1227
1214
1128
1157
1197
1280
1267
1226
1165
1260
1199
1186
1238
1151
1158
1191
1133
1200
1185
1252
1288
1191
1249
1229
1179
1278
1173
1184
1213
1221
1201
1224
1240
1246
1349
1188
1209
1109
1158
1308
1180
1241
1227
1227
1314
1232
1265
1232
1149
1218
1196
1221
1298
1217
1225
1265
1232
1228
1199
1339
1194
1226
1217
1193
1220
1158
1283
1289
1193
1170
1195
1262
1152
1209
1211
1278
1256
1341
1267
1272
1169
1164
1201
1227
1165
1164
1213
1248
1139
1112
1193
1238
1236
1210
1225
1227
1210
1241
1258
1139
1358
1279
1195
1138
1122
1198
1246
1269
1189
1310
1186
1365
1139
1263
1162
1271
1242
1237
1108
1172
1143
1197
1204
1188
1264
1266
1346
1222
1199
1244
1067
1280
1229
1246
1162
1174
1250
1197
1234
1227
1200
1179
1191
1220
1204
1211
1202
1257
1170
1323
1245
1206
1189
1288
1161
1116
1173
1174
1235
1168
1165
1099
1137
1176
1205
1147
1193
1297
1192
1086
1139
1136
1283
1148
1276
1272
1116
1159
1248
1183
1178
1170
1158
1273
1183
1128
1213
1181
1205
1137
1284
1141
1282
1284
1133
1134
1271
1204
1231
1243
1229
1221
1247
1206
1288
1204
1230
1181
1199
1093
1208
1207
1191
1175
1167
1164
1266
1235
1139
1260
1121
1231
1094
1241
1185
1228
1253
1291
1188
1190
1174
1209
1113
1191
1217
1172
1127
1244
1362
1212
1230
1230
1226
1152
1235
1159
1206
1077
1073
1272
1209
1206
1291
1158
1268
1225
1228
1255
1258
1200
1248
1273
1220
1226
1152
1172
1220
1195
1126
1229
1281
1216
1305
1207
1198
1187
1141
1243
1252
1226
1250
1280
1212
1164
1315
1115
1178
1210
1171
1118
1215
1261
1225
1179
1252
1245
1179
1209
1181
1199
1206
1232
1232
1136
1197
1203
1208
1187
1291
1300
1223
1148
1196
1242
1245
1229
1245
1247
1239
1232
1190
1143
1259
1192
1270
1247
1193
1242
1320
1258
1231
1265
1219
1271
1024
1245
1326
1226
1205
1310
1204
1244
1191
1194
1268
1200
1130
1164
1280
1256
1244
1220
1167
1129
1178
1265
1123
1302
1135
1139
1254
1088
1234
1202
1268
1143
1248
1187
1257
1187
1221
1178
1174
1109
1137
1224
1358
1272
1088
1236
1223
1197
1177
1331
1297
1189
1228
1167
1210
1221
1140
1214
1211
1188
1238
1119
1170
1142
1119
1178
1264
1182
1114
1247
1204
1163
1285
1202
1268
1226
1132
1212
1173
1181
1296
1246
1197
1244
1180
1184
1138
1192
1093
1166
1195
1155
1210
1193
1185
1244
1297
1126
1272
1216
1174
1179
1235
1172
1126
1187
1230
1206
1183
1102
1240
1184
1143
1215
1225
1169
1188
1159
1177
1121
1248
1106
1089
1239
1178
1203
1151
1178
1160
1269
1199
1189
1087
1176
1268
1157
1153
1226
1173
1249
1217
1210
1143
1191
1171
1250
1175
1272
1273
1187
1239
1185
1151
1212
1182
1228
1198
1269
1098
1275
1274
1189
1190
1115
1166
1132
1170
1182
1155
1215
1195
1237
1259
1147
1185
1261
1215
1199
1184
1112
1167
1207
1173
1223
1186
1220
1206
1292
1189
1233
1214
1222
1232
1276
1252
1156
1223
1186
1299
1198
1108
1182
1195
1199
1181
1159
1291
1091
1273
1109
1129
1238
1156
1219
1195
1198
1259
1201
1182
1253
1222
1215
1246
1254
1338
1266
1066
1205
1191
1261
1230
1310
1188
1333
1303
1108
1156
1272
1319
1204
1170
1220
1180
1157
1224
1155
1206
1285
1245
1189
1156
1137
1238
1126
1239
1249
1279
1230
1156
1052
1197
1323
1164
1158
1200
1146
1164
1255
1249
1242
1208
1131
1132
1287
1317
1196
1122
1207
1283
1181
1299
1167
1158
1211
1139
1140
1228
1157
1121
1196
1215
1264
1170
1261
1253
1225
1198
1236
1234
1188
1199
1293
1198
1222
1201
1171
1268
1200
1116
1181
1175
1268
1186
1170
1229
1240
1215
1198
1179
1203
1308
1116
1207
1260
1227
1166
1160
1216
1118
1021
1134
1151
1270
1288
1135
1266
1314
1228
1172
1199
1181
1199
1229
1223
1204
1211
1314
1049
1144
1099
1216
1174
1286
1338
1124
1218
1252
1245
1165
1192
1194
1209
1193
1184
1194
1222
1118
1202
1267
1217
1279
1283
1292
1230
1221
1210
1270
1166
1214
1252
1140
1132
1170
1266
1132
1071
1054
1096
1182
1155
1208
1227
1248
1308
1293
1231
1306
1246
1227
1261
1419
1268
1190
1109
1254
1154
1186
1162
1166
1240
1233
1219
1210
1238
1275
1265
1279
1212
1198
1116
1159
1224
1229
1188
1124
1221
1114
1164
1209
1193
1296
1181
1172
1246
1181
1134
1162
1169
1381
1157
1193
1133
1264
1244
1208
1299
1286
1223
1183
1138
1158
1096
1209
1188
1122
1177
1263
1143
1296
1287
1179
1182
1223
1227
1156
1105
1215
1202
1048
1295
1115
1102
1135
1216
1201
1194
1297
1124
1185
1274
1146
1374
1211
1217
1200
1141
1296
1177
1227
1181
1332
1187
1182
1209
1212
1176
1236
1150
1174
1155
1084
1231
1287
1330
1246
1181
1257
1199
1194
1233
1093
1200
1172
1138
1231
1197
1211
1126
1297
1141
1288
1253
1261
1264
1209
1272
1196
1294
1288
1265
1154
1171
1174
1240
1306
1281
1273
1248
1179
1234
1209
1147
1156
1329
1266
1200
1402
1349
1184
1283
1173
1173
1227
1127
1154
1142
1225
1202
1159
1223
1165
1264
1202
1241
1257
1260
1282
1206
1111
1118
1233
1191
1186
1279
1190
1273
1138
1246
1149
1139
1249
1211
1147
1233
1300
1268
1175
1273
1292
1200
1271
1129
1197
1205
1113
1057
1148
1203
1095
1212
1240
1233
1320
1296
1236
1223
1254
1148
1269
1114
1164
1225
1193
1185
1179
1229
1248
1233
1221
1229
1257
1306
1260
1300
1149
1284
1206
1175
1241
1190
1237
1225
1111
1113
1226
1150
1154
1276
1092
1227
1219
1252
1195
1213
1167
1222
1216
1167
1225
1143
1208
1151
1163
1216
1113
1241
1249
1163
1295
1174
1223
1245
1206
1193
1226
1167
1173
1237
1180
1152
1167
1203
1148
1012
1241
1306
1241
1139
1334
1279
1330
1250
1232
1263
1172
1224
1351
1249
1288
1375
1182
1162
1168
1284
1208
1284
1238
1200
1223
1190
1212
1246
1216
1262
1221
1357
1233
1179
1176
1359
1189
1188
1244
1174
1141
1199
1250
1087
1183
1223
1202
1265
1297
1270
1297
1240
1271
1223
1217
1109
1190
1287
1248
1253
1247
1161
1223
1160
1236
1285
1135
1307
1242
1155
1432
1220
1092
1230
1229
1191
1278
1152
1177
1350
1234
1204
1232
1183
1313
1282
1290
1241
1196
1214
1254
1225
1192
1182
1196
1177
1275
1220
1138
1194
1175
1144
1265
1233
1246
1176
1104
1195
1274
1242
1134
1186
1243
1172
1181
1262
1292
1363
1284
1172
1331
1269
1261
1286
1240
1266
1370
1201
1246
1180
1158
1247
1227
1164
1239
1217
1282
1255
1272
1271
1184
1251
1172
1288
1218
1175
1206
1248
1284
1229
1229
1276
1170
1239
1334
1344
1274
1318
1382
1284
1212
1133
1223
1341
1347
1277
1254
1272
1300
1243
1261
1264
1316
1302
1288
1235
1300
1289
1247
1356
1368
1273
1275
1206
1323
1238
1301
1320
1261
1302
1213
1241
1282
1247
1272
1207
1289
1262
1299
1284
1300
1294
1331
1322
1298
1226
1219
1288
1282
1298
1312
1377
1362
1401
1223
1350
1374
1377
1303
1289
1231
1339
1407
1298
1362
1444
1395
1249
1346
1350
1312
1322
1288
1300
1322
1302
1342
1370
1367
1309
1381
1360
1388
1279
1288
1459
1417
1451
1481
1434
1507
1307
1438
1483
1383
1495
1351
1408
1518
1381
1466
1479
1302
1408
1417
1439
1483
1426
1451
1462
1581
1493
1505
1470
1439
1442
1538
1468
1418
1483
1447
1557
1470
1531
1498
1470
1489
1368
1545
1526
1605
1533
1497
1511
1564
1654
1623
1554
1401
1574
1561
1615
1528
1655
1617
1616
1647
1528
1588
1642
1633
1667
1577
1530
1531
1660
1606
1623
1684
1689
1655
1724
1678
1667
1733
1600
1595
1641
1706
1686
1774
1701
1798
1718
1802
1792
1770
1740
1822
1837
1787
1713
1817
1699
1713
1824
1860
1735
1773
1877
1806
1840
1830
1999
1803
1929
1924
1894
1743
1828
1979
2000
1961
1947
1838
1920
1895
1921
1842
1903
1963
2002
1946
2006
2072
2099
1966
2098
2113
2064
2156
2119
2050
2097
2011
2156
2052
2089
2103
2195
2214
2309
2254
2279
2342
2376
2273
2286
2319
2236
2336
2267
2305
2383
2205
2321
2429
2316
2292
2406
2338
2495
2492
2453
2442
2374
2493
2580
2460
2452
2515
2687
2588
2596
2589
2695
2652
2618
2681
2611
2803
2644
2648
2826
2761
2785
2783
2868
2789
2796
2759
2870
2927
2952
2951
2884
2898
2984
3045
3150
2993
3148
2991
3213
3250
3083
3115
3212
3292
3201
3248
3396
3304
3255
3431
3405
3353
3514
3526
3528
3371
3526
3414
3587
3552
3577
3675
3868
3684
3673
3797
3818
3633
3750
3770
3973
3751
3918
4032
3882
3971
3933
4096
3937
4125
4254
4246
4241
4186
4302
4224
4286
4555
4399
4314
4657
4301
4603
4675
4507
4616
4616
4740
4779
4777
4872
4846
4844
4957
4918
5054
5136
5076
5067
5101
4987
5186
5335
5208
5382
5322
5336
5548
5580
5505
5460
5503
5728
5866
5692
5870
5693
5768
5859
5876
6001
6086
6108
6186
6101
6162
6296
6269
6370
6296
6414
6559
6554
6649
6428
6314
6770
6723
6739
6713
6837
6723
6635
6981
6926
7061
6931
6995
7226
7065
7108
7206
7204
7230
6954
6958
7124
7190
7376
7306
7368
7227
7492
7596
7533
7512
7390
7366
7573
7786
7772
8015
7799
7632
7514
7844
7614
7777
7788
7816
7810
7979
7888
7941
7773
8068
7806
8121
8011
7965
8125
8048
7974
7904
7963
8027
7847
8046
8125
8130
8001
7970
8066
8065
7940
7916
8058
8066
8039
7918
7828
7795
7788
7898
7892
7716
7970
7959
7613
7793
7808
7721
7532
7822
7750
7496
7688
7641
7456
7516
7429
7458
7456
7206
7335
7230
7350
7100
7455
7133
7081
7171
7084
7121
7022
6954
7032
6856
6835
6843
6787
6840
6643
6500
6579
6365
6276
6418
6206
6263
6414
5956
6080
6244
6052
6184
6092
6006
5893
5938
5775
5920
5809
5760
5681
5580
5577
5591
5575
5405
5396
5349
5306
5286
5156
5115
5172
5042
5100
5132
5104
4781
4947
4852
4968
4701
4633
4584
4600
4650
4363
4375
4405
4482
4288
4035
4119
4066
4190
4098
4095
3958
3966
3836
3720
3643
3571
3595
3572
3551
3495
3401
3354
3249
3356
3142
3243
3253
3232
3085
3230
3048
3018
3055
3061
2963
2962
2811
2767
2888
2678
2637
2603
2612
2494
2519
2560
2523
2406
2467
2403
2406
2412
2326
2319
2260
2206
2153
2214
2150
2136
2087
2127
2003
2095
1909
2000
1971
1965
1934
1994
1863
1810
1817
1812
1720
1725
1686
1768
1803
1739
1698
1687
1694
1658
1707
1686
1614
1742
1612
1612
1630
1707
1577
1570
1557
1590
1469
1568
1583
1491
1567
1556
1531
1500
1547
1414
1465
1552
1527
1464
1369
1418
1399
1458
1384
1379
1418
1296
1318
1439
1410
1377
1369
1417
1369
1377
1362
1279
1365
1498
1254
1329
1313
1322
1423
1241
1345
1326
1244
1344
1304
1207
1352
1412
1291
1330
1284
1401
1322
1318
1263
1274
1336
1287
1236
1208
1161
1299
1263
1313
1243
1200
1277
1223
1210
1260
1194
1257
1268
1311
1308
1240
1302
1297
1351
1169
1272
1227
1192
1238
1227
1207
1259
1282
1209
1243
1245
1204
1182
1213
1291
1285
1313
1331
1348
1182
1264
1284
1219
1182
1250
1185
1147
1305
1223
1223
1219
1301
1326
1288
1289
1264
1243
1297
1141
1297
1206
1264
1230
1246
1148
1190
1264
1246
1255
1203
1126
1240
1267
1255
1319
1255
1207
1217
1152
1155
1169
1231
1172
1208
1130
1189
1243
1278
1185
1197
1172
1146
1236
1278
1212
1233
1268
1270
1148
1246
1158
1197
1225
1195
1304
1118
1188
1162
1206
1156
1173
1285
1245
1230
1306
1219
1158
1237
1273
1314
1205
1240
1191
1114
1282
1253
1123
1182
1217
1154
1248
1180
1214
1256
1216
1231
1222
1182
1135
1239
1162
1175
1235
1247
1236
1189
1253
1182
1219
1303
1177
1256
1212
1185
1176
1210
1229
1152
1160
1202
1210
1231
1268
1170
1155
1324
1158
1169
1177
1252
1204
1143
1180
1220
1283
1145
1213
1243
1126
1213
1159
1109
1115
1140
1226
1266
1174
1217
1096
1187
1199
1103
1120
1145
1228
1172
1170
1237
1292
1264
1122
1138
1200
1152
1295
1177
1255
1163
1325
1145
1197
1232
1231
1264
1146
1156
1133
1177
1190
1186
1182
1297
1136
1238
1219
1188
1229
1122
1287
1227
1198
1146
1194
1104
1172
1157
1222
1206
1180
1252
1203
1247
1244
1190
1281
1157
1196
1269
1219
1138
1260
1201
1272
1191
1115
1162
1133
1058
1212
1291
1151
1186
1213
1223
1259
1131
1187
1218
1231
1199
1172
1201
1229
1220
1208
1237
1187
1335
1179
1050
1100
1234
1121
1167
1220
1285
1219
1216
1240
1198
1088
1139
1191
1122
1158
1298
1199
1182
1248
1147
1166
1324
1193
1241
1298
1332
1189
1169
1157
1176
1125
1197
1145
1232
1165
1296
1230
1287
1133
1250
1182
1196
1262
1228
1239
1174
1215
1192
1166
1128
1149
1204
1270
1143
1162
1193
1169
1253
1212
1193
1222
1185
1342
1188
1248
1237
1281
1202
1259
1149
1197
1189
1184
1183
1196
1219
1143
1253
1337
1248
1275
1167
1228
1170
1179
1272
1085
1203
1093
1081
1212
1213
1128
1198
1160
1257
1175
1109
1323
1188
1219
1201
1126
1233
1218
1201
1183
1181
1178
1229
1189
1197
1267
1179
1271
1110
1274
1189
1180
1167
1180
1195
1126
1206
1213
1143
1286
1202
1229
1237
1168
1115
1152
1230
1179
1075
1108
1179
1152
1196
1205
1237
1243
1199
1189
1256
1210
1214
1190
1318
1140
1298
1241
1265
1165
1187
1191
1167
1185
1255
1129
1175
1238
1256
1083
1213
1185
1279
1224
1143
1096
1168
1223
1211
1180
1231
1319
1158
1135
1138
1177
1119
1163
1240
1373
1266
1185
1100
1255
1124
1311
1204
1141
1269
1291
1243
1087
1389
1171
1190
1165
1245
1158
1273
1202
1181
1221
1284
1214
1180
1209
1207
1099
1200
1154
1182
1241
1128
1173
1220
1320
1182
1134
1255
1261
1195
1238
1187
1134
1179
1248
1328
1248
1270
1207
1159
1258
1146
1199
1328
1231
1240
1153
1221
1202
1224
1193
1226
1202
1156
1161
1239
1128
1204
1189
1238
1193
1133
1147
1180
1171
1169
1213
1173
1292
1244
1148
1242
1218
1217
1250
1185
1085
1232
1190
1185
1216
1201
1210
1138
1184
1222
1283
1270
1215
1204
1168
1239
1160
1119
1146
1124
1212
1016
1067
1067
1157
1315
1272
1234
1316
1239
1164
1213
1279
1236
1234
1176
1179
1177
1085
1136
1194
1149
1148
1094
1101
1171
1250
1256
1197
1196
1149
1230
1176
1191
1208
1218
1173
1181
1211
1149
1126
1253
1224
1169
1123
1237
1201
1253
1213
1243
1249
1276
1165
1261
1204
1264
1201
1095
1187
1140
1130
1086
1190
1160
1145
1205
1196
1205
1240
1104
1206
1274
1206
1236
1173
1237
1202
1205
1054
1194
1178
1110
1271
1252
1308
1175
1135
1217
1223
1274
1154
1216
1240
1270
1100
1178
1098
1245
1136
1092
1195
1212
1334
1263
1094
1086
1207
1122
1236
1225
1212
1141
1233
1219
1161
1189
1201
1154
1221
1193
1124
1202
1273
1105
1080
1185
1114
1236
1101
1234
1264
1253
1201
1139
1172
1139
1297
1144
1170
1313
1176
1146
1150
1163
1204
1148
1043
1157
1273
1212
1084
1147
1203
1219
1179
1211
1251
1279
1055
1182
1398
1197
1287
1162
1141
1117
1166
1129
1166
1208
1184
1277
1254
1185
1093
1159
1261
1091
1175
1187
1227
1123
1215
1202
1238
1377
1210
1236
1255
1192
1211
1236
1160
1233
1188
1153
1173
1166
1154
1151
1191
1247
1217
1168
1315
1186
1086
1184
1105
1245
1185
1120
1144
1206
1122
1159
1199
1174
1143
1199
1127
1233
1021
1115
1273
1303
1247
1216
1183
1185
1216
1093
1222
1172
1180
1179
1055
1155
1264
1287
1195
1220
1182
1225
1260
1207
1209
1269
1157
1227
1302
1136
1220
1149
1178
1146
1108
1111
1300
1163
1220
