1214
1137
1235
1209
1199
1115
1134
1192
1217
1153
1163
1238
1188
1251
1231
1192
1219
1202
1320
1206
1213
1266
1269
1346
1062
1251
1194
1167
1224
1180
1178
1206
1292
1249
1125
1243
1165
1241
1203
1164
1260
1260
1207
1172
1183
1343
1197
1250
1192
1276
1284
1140
1297
1147
1169
1206
1209
1291
1198
1185
1186
1135
1301
1149
1132
1243
1233
1144
1291
1330
1325
1170
1229
1231
1207
1212
1318
1176
1181
1123
1226
1126
1156
1262
1144
1051
1153
1289
1251
1207
1170
1235
1147
1268
1276
1161
1239
1113
1140
1229
1250
1237
1157
1128
1248
1183
1157
1146
1131
1179
1099
1160
1142
1124
1121
1177
1229
1217
1151
1228
1129
1341
1272
1201
1242
1160
1174
1199
1221
1239
1093
1280
1197
1160
1178
1207
1089
1203
1195
1215
1268
1162
1190
1185
1102
1204
1139
1231
1229
1133
1213
1142
1234
1327
1287
1245
1293
1199
1220
1195
1162
1201
1135
1102
1182
1186
1172
1137
1124
1154
1254
1323
1172
1203
1104
1158
1218
1146
1125
1243
1168
1230
1176
1238
1141
1205
1171
1294
1170
1166
1365
1175
1297
1117
1326
1258
1170
1188
1186
1202
1222
1240
1152
1192
1126
1202
1179
1156
1208
1166
1180
1177
1292
1088
1149
1219
1168
1191
1221
1157
1220
1099
1225
1108
1160
1218
1136
1206
1232
1244
1233
1262
1300
1246
1249
1215
1260
1187
1183
1171
1168
1125
1124
1098
1108
1225
1215
1096
1280
1134
1248
1222
1183
1234
1265
1271
1244
1117
1127
1304
1179
1165
1133
1095
1150
1259
1157
1267
1175
1131
1128
1037
1197
1005
1227
1108
1318
1148
1116
1215
1167
1186
1267
1142
1221
1256
1198
1173
1161
1144
1209
1127
1326
1292
1158
1206
1140
1167
1116
1169
1263
1220
1126
1235
1162
1119
1241
1126
1258
1150
1164
1165
1165
1228
1132
1194
1326
1175
1172
1174
1251
1207
1167
1196
1280
1234
1266
1168
1149
1200
1300
1216
1148
1251
1172
1193
1255
1216
1234
1224
1173
1219
1176
1241
1208
1167
1226
1225
1278
1163
1268
1255
1285
1139
1140
1110
1259
1244
1105
1202
1242
1200
1175
1194
1109
1147
1140
1227
1107
1186
1255
1283
1293
1212
1207
1079
1196
1198
1173
1153
1122
1179
1206
1219
1214
1211
1220
1213
1190
1266
1205
1191
1241
1206
1199
1199
1184
1093
1181
1161
1109
1156
1145
1250
1286
1133
1265
1318
1251
1190
1226
1229
1171
1218
1227
1132
1172
1200
1101
1281
1260
1278
1303
1303
1176
1216
1226
1208
1176
1141
1160
1176
1122
1185
1142
1227
1168
1271
1154
1201
1217
1172
1239
1257
1140
1322
1236
1226
1104
1172
1179
1166
1200
1148
1174
1198
1171
1217
1204
1290
1170
1226
1185
1247
1230
1236
1240
1242
1253
1142
1255
1148
1114
1262
1132
1163
1209
1153
1084
1203
1301
1252
1160
1246
1059
1131
1187
1219
1182
1225
1247
1157
1164
1166
1192
1122
1230
1265
1224
1259
1268
1200
1286
1228
1199
1238
1079
1110
1177
1162
1123
1181
1131
1093
1132
1092
1288
1216
1122
1230
1228
1206
1239
1356
1177
1181
1256
1128
1201
1346
1191
1214
1211
1332
1177
1195
1207
1173
1200
1266
1206
1156
1350
1227
1239
1247
1192
1173
1185
1111
1214
1169
1144
1217
1224
1152
1195
1307
1254
1167
1233
1194
1116
1230
1224
1163
1219
1280
1224
1313
1265
1307
1218
1195
1087
1149
1112
1280
1219
1221
1025
1111
1209
1257
1221
1299
1209
1287
1233
1242
1225
1210
1204
1167
1184
1134
1083
1176
1096
1133
1064
1224
1265
1133
1285
1282
1173
1317
1229
1175
1167
1182
1190
1088
1188
1125
1229
1222
1259
1258
1201
1202
1172
1179
1176
1304
1282
1216
1263
1194
1174
1182
1130
1245
1173
1176
1219
1234
1102
1094
1125
1228
1245
1188
1172
1155
1269
1104
1291
1240
1166
1301
1250
1160
1184
1153
1122
1222
1082
1183
1251
1172
1188
1100
1169
1213
1199
1247
1204
1266
1164
1156
1170
1184
1259
1225
1262
1203
1110
1281
1206
1137
1354
1184
1176
1230
1214
1285
1196
1276
1238
1166
1175
1167
1218
1210
1302
1188
1219
1311
1291
1207
1260
1249
1299
1135
1097
1164
1177
1162
1233
1194
1210
1259
1232
1158
1262
1235
1190
1128
1165
1201
1161
1179
1136
1194
1178
1202
1093
1139
1285
1236
1276
1265
1255
1185
1314
1222
1190
1069
1155
1171
1236
1195
1186
1124
1149
1225
1320
1157
1254
1265
1237
1218
1272
1170
1273
1232
1227
1187
1228
1115
1166
1251
1189
1181
1160
1222
1397
1217
1294
1249
1174
1236
1285
1163
1296
1183
1194
1139
1176
1180
1151
1122
1083
1146
1217
1180
1158
1220
1221
1243
1112
1146
1219
1215
1273
1220
1107
1234
1210
1289
1281
1218
1158
1202
1206
1160
1189
1177
1236
1250
1141
1255
1089
1176
1271
1289
1224
1210
1246
1148
1278
1232
1234
1324
1173
1342
1204
1153
1178
1105
1191
1258
1291
1255
1265
1197
1126
1173
1225
1124
1180
1257
1237
1233
1168
1216
1197
1165
1215
1171
1206
1207
1206
1189
1225
1179
1239
1227
1252
1216
1203
1249
1313
1144
1091
1206
1193
1203
1141
1109
1157
1263
1172
1214
1197
1192
1156
1175
1210
1384
1324
1281
1253
1103
1275
1283
1230
1216
1238
1172
1238
1262
1143
1103
1157
1136
1248
1154
1202
1152
1143
1210
1236
1224
1296
1186
1280
1262
1171
1291
1132
1155
1253
1198
1191
1169
1204
1238
1234
1235
1234
1307
1178
1135
1281
1144
1193
1175
1143
1144
1133
1226
1136
1095
1218
1194
1240
1302
1204
1199
1159
1254
1201
1169
1214
1150
1223
1086
1101
1214
1188
1229
1137
1290
1158
1189
1126
1117
1301
1166
1220
1139
1231
1216
1095
1153
1203
1225
1186
1147
1091
1240
1191
1203
1221
1259
1168
1196
1192
1336
1309
1107
1352
1274
1221
1194
1198
1225
1119
1153
1292
1192
1232
1163
1180
1188
1181
1219
1285
1260
1227
1309
1289
1156
1159
1151
1157
1184
1167
1175
1256
1142
1244
1253
1257
1265
1220
1230
1212
1263
1231
1127
1210
1235
1227
1258
1128
1172
1242
1226
1248
1254
1290
1299
1133
1186
1311
1274
1182
1251
1126
1247
1185
1248
1164
1163
1205
1166
1218
1321
1243
1270
1189
1337
1215
1235
1287
1156
1244
1281
1201
1173
1194
1103
1178
1247
1258
1233
1158
1162
1090
1165
1083
1159
1261
1200
1161
1291
1162
1191
1186
1242
1187
1103
1161
1253
1176
1152
1129
1218
1113
1270
1176
1193
1131
1250
1144
1168
1087
1216
1139
1167
1221
1177
1181
1188
1209
1218
1217
1239
1093
1189
1129
1171
1210
1123
1168
1134
1178
1284
1208
1131
1226
1246
1208
1243
1328
1156
1229
1254
1202
1244
1232
1240
1259
1290
1161
1261
1230
1227
1181
1195
1169
1198
1213
1161
1167
1207
1179
1155
1290
1112
1196
1151
1232
1282
1217
1203
1133
1147
1193
1179
1319
1214
1193
1176
1189
1200
1177
1213
1206
1240
1209
1185
1202
1177
1169
1212
1188
1202
1133
1274
1200
1150
1277
1293
1214
1250
1138
1249
1231
1260
1256
1208
1335
1139
1210
1182
1187
1186
1060
1188
1234
1145
1303
1241
1356
1179
1260
1205
1204
1279
1137
1213
1156
1187
1150
1127
1256
1239
1155
1223
1214
1290
1175
1225
1310
1215
1262
1161
1255
1289
1185
1197
1270
1139
1195
1205
1211
1098
1106
1194
1234
1207
1107
1212
1251
1234
1202
1293
1117
1215
1225
1162
1253
1194
1134
1195
1261
1297
1251
1215
1328
1216
1200
1211
1283
1178
1206
1263
1303
1197
1202
1220
1250
1199
1205
1142
1130
1181
1177
1215
1270
1109
1174
1259
1268
1238
1188
1069
1224
1297
1257
1172
1222
1306
1201
1161
1240
1132
1200
1247
1238
1226
1269
1303
1323
1217
1274
1288
1289
1189
1173
1153
1147
1280
1287
1231
1200
1292
1180
1250
1231
1247
1190
1245
1205
1209
1292
1151
1184
1207
1264
1191
1134
1200
1198
1311
1278
1184
1217
1199
1291
1277
1167
1242
1121
1197
1119
1325
1299
1228
1274
1225
1263
1304
1155
1156
1222
1233
1271
1205
1270
1253
1188
1180
1215
1159
1171
1167
1226
1275
1185
1132
1180
1223
1309
1192
1206
1134
1219
1183
1235
1257
1267
1179
1122
1198
1273
1317
1171
1225
1120
1288
1196
1205
1206
1233
1168
1162
1268
1159
1293
1154
1149
1124
1241
1092
1212
1163
1245
1199
1248
1129
1196
1168
1201
1281
1205
1192
1200
1116
1173
1172
1136
1215
1179
1125
1263
1282
1164
1256
1219
1173
1192
1249
1183
1245
1068
1209
1173
1246
1319
1187
1069
1198
1277
1170
1064
1214
1190
1173
1248
1214
1114
1266
1308
1205
1202
1149
1206
1233
1110
1244
1199
1132
1191
1129
1149
1241
1219
1336
1255
1203
1233
1216
1137
1147
1206
1105
1195
1131
1272
1216
1244
1152
1175
1353
1291
1281
1309
1269
970
1247
1248
1226
1190
1157
1179
1205
1177
1148
1260
1253
1237
1241
1117
1150
1167
1174
1087
1191
1230
1165
1247
1210
1100
1198
1172
1122
1105
1103
1188
1152
1285
1266
1136
1286
1287
1163
1222
1206
1110
1196
1093
1140
1226
1233
1142
1201
1184
1212
1150
1176
1188
1230
1226
1259
1230
1211
1060
1190
1167
1257
1349
1200
1167
1272
1181
1209
1162
1143
1147
1201
1202
1207
1274
1155
1300
1170
1094
1164
1262
1191
1219
1164
1123
1190
1199
1237
1241
1169
1110
1232
1175
1262
1130
1198
1276
1210
1188
1213
1237
1330
1163
1167
1144
1168
1279
1205
1162
1194
1211
1196
1284
1198
1235
1166
1227
1233
1247
1258
1168
1304
1259
1199
1198
1239
1178
1190
1256
1122
1125
1156
1205
1154
1299
1128
1225
1224
1195
1193
1235
1196
1224
1338
1207
1228
1270
1380
1288
1268
1251
1267
1141
1189
1179
1130
1217
1167
1263
1171
1230
1309
1044
1214
1257
1191
1208
1212
1231
1226
1194
1162
1243
1218
1239
1242
1237
1286
1233
1172
1161
1199
1174
1226
1208
1287
1211
1164
1169
1152
1300
1134
1249
1188
1234
1199
1267
1223
1157
1133
1178
1147
1188
1196
1288
1185
1160
1221
1168
1254
1106
1310
1190
1307
1252
1205
1239
1265
1190
1178
1168
1205
1251
1193
1106
1181
1181
1275
1177
1150
1112
1135
1162
1288
1207
1132
1147
1132
1279
1149
1231
1238
1183
1201
1201
1179
1256
1331
1170
1216
1238
1274
1152
1199
1297
1210
1183
1198
1214
1138
1152
1070
1165
1273
1161
1126
1215
1094
1228
1081
1170
1250
1248
1195
1178
1213
1128
1178
1184
1112
1120
1239
1175
1136
1153
1184
1245
1162
1220
1266
1315
1089
1242
1195
1174
1123
1156
1161
1194
1211
1172
1199
1135
1202
1130
1192
1181
1132
1107
1187
1167
1192
1259
1104
1238
1199
1214
1155
1174
1266
1195
1283
1244
1197
1162
1240
1163
1152
1182
1273
1269
1204
1224
1204
1227
1203
1217
1189
1195
1117
1284
1148
1274
1176
1128
1202
1232
1171
1342
1228
1227
1327
1277
1142
1158
1156
1249
1111
1239
1322
1249
1225
1205
1287
1195
1228
1238
1179
1193
1191
1214
1246
1209
1091
1188
1246
1206
1232
1043
1280
1226
1212
1124
1219
1153
1241
1170
1232
1103
1100
1106
1176
1221
1177
1159
1160
1197
1202
1191
1130
1255
1222
1117
1222
1123
1097
1164
1177
1169
1171
1060
1235
1222
1142
1240
1192
1173
1208
1236
1263
1224
1248
1209
1107
1223
1160
1093
1074
1293
1197
1268
1148
1293
1175
1210
1211
1209
1160
1266
1149
1214
1063
1266
1277
1312
1161
1249
1209
1156
1208
1120
1151
1152
1267
1175
1134
1142
1309
1228
1204
1246
1258
1204
1308
1229
1107
1194
1266
1075
1181
1145
1240
1156
1258
1027
1181
1083
1273
1259
1283
1231
1262
1251
1325
1166
1169
1273
1208
1300
1209
1268
1160
1250
1275
1250
1243
1308
1249
1163
1205
1170
1171
1253
1277
1298
1161
1248
1229
1188
1130
1334
1224
1133
1120
1253
1224
1182
1157
1111
1224
1286
1291
1257
1356
1254
1229
1273
1298
1245
1292
1187
1181
1155
1277
1249
1203
1184
1305
1166
1216
1249
1284
1279
1300
1310
1301
1194
1261
1208
1274
1249
1256
1252
1149
1255
1182
1253
1242
1197
1170
1269
1283
1227
1257
1324
1286
1248
1199
1293
1337
1212
1200
1186
1222
1259
1245
1181
1278
1137
1187
1317
1263
1216
1309
1234
1324
1294
1353
1291
1240
1283
1190
1257
1314
1227
1244
1285
1129
1244
1243
1237
1263
1211
1397
1311
1306
1254
1298
1358
1240
1297
1288
1291
1290
1314
1205
1318
1245
1292
1313
1228
1200
1279
1218
1191
1320
1268
1257
1340
1291
1225
1227
1266
1327
1309
1254
1352
1261
1323
1294
1289
1259
1300
1290
1371
1239
1365
1335
1377
1290
1327
1399
1299
1256
1272
1363
1341
1230
1206
1287
1327
1364
1251
1386
1327
1381
1278
1353
1380
1330
1436
1393
1381
1362
1301
1366
1445
1357
1366
1358
1361
1265
1433
1375
1426
1413
1363
1385
1381
1449
1345
1371
1322
1490
1372
1413
1367
1437
1515
1382
1520
1376
1408
1445
1466
1497
1537
1526
1350
1472
1507
1437
1397
1421
1417
1447
1442
1537
1509
1476
1520
1553
1493
1543
1484
1615
1619
1583
1626
1532
1589
1577
1545
1499
1659
1459
1560
1557
1537
1605
1538
1564
1676
1593
1648
1523
1692
1732
1639
1593
1689
1560
1650
1716
1736
1637
1639
1644
1664
1707
1656
1622
1628
1660
1698
1649
1712
1732
1786
1798
1632
1796
1740
1746
1883
1754
1769
1772
1783
1847
1898
1893
1849
1768
1822
1801
1914
1825
1849
1913
1951
1938
1889
1851
1935
1875
1877
1856
1960
1961
1983
1979
1953
2047
2094
2035
2053
2044
2006
2058
2175
2049
2018
2185
2111
2173
2053
2070
2156
2110
2237
2222
2236
2192
2207
2366
2249
2318
2245
2363
2261
2261
2309
2208
2405
2306
2348
2451
2319
2361
2396
2388
2352
2426
2594
2530
2511
2577
2526
2532
2478
2546
2584
2530
2548
2553
2670
2713
2608
2500
2725
2650
2812
2543
2723
2802
2962
2767
2719
2918
2927
2726
2998
2761
2949
2844
2866
2759
2866
3144
2950
2874
3162
3007
3108
3192
3062
3112
3236
3276
3262
3255
3257
3372
3297
3252
3275
3373
3428
3505
3350
3401
3474
3497
3569
3578
3640
3511
3675
3698
3553
3604
3793
3606
3782
3756
3755
3646
3857
3838
3958
3796
3889
3892
3828
4042
4090
4221
4188
4130
4132
4148
4282
4263
4288
4239
4408
4335
4357
4408
4486
4512
4559
4725
4601
4557
4608
4605
4853
4864
4745
4937
4899
4669
5026
5139
5033
5201
4984
5179
5230
5175
5240
5115
5255
5337
5304
5464
5481
5359
5658
5630
5766
5794
5739
5730
5878
5773
5955
5941
5960
6124
6086
6132
6304
6200
6258
6440
6309
6290
6318
6358
6589
6573
6627
6701
6588
6528
6812
6954
6906
6966
6776
7061
6976
7142
7132
7199
7222
7266
7250
7099
7357
7358
7298
7353
7465
7609
7415
7483
7772
7499
7574
7683
7768
7584
7611
7802
7878
7742
7888
7938
7898
7981
8055
7969
8153
7934
7962
8289
7924
7885
8256
8117
8340
8100
8099
8088
8235
8173
8325
8041
8197
8299
8230
8230
8386
8223
8126
8429
8334
8510
8199
8587
8327
8316
8328
8366
8484
8159
8189
8344
8274
8338
8168
8197
8466
8056
8102
8281
8282
8116
7880
8068
8058
8087
7975
7944
8000
7902
7812
7754
7792
7815
7734
7947
7763
7542
7623
7616
7535
7320
7574
7442
7404
7284
7146
7451
7306
7175
6950
7141
6966
7033
6985
6887
6965
6908
6764
6555
6426
6510
6518
6490
6569
6588
6550
6205
6141
6214
6221
6355
6173
5987
6000
5965
6002
5818
6104
5881
5585
5687
5736
5813
5582
5409
5410
5386
5611
5239
5407
5254
5190
5194
5045
5140
5145
4940
4893
4816
4770
4633
4754
4716
4688
4430
4510
4521
4293
4316
4207
4226
4222
4163
4204
4166
4041
3983
4002
3821
3933
3620
3771
3583
3652
3709
3467
3508
3454
3397
3148
3372
3218
3197
3157
3219
3283
3088
3059
2915
2973
2943
2941
2879
2721
2711
2730
2656
2718
2684
2654
2537
2590
2519
2439
2428
2472
2321
2317
2354
2182
2310
2177
2205
2039
2034
2162
2078
2139
2002
2056
2020
2000
1958
1901
1876
1895
1981
1943
1871
1967
1843
1807
1804
1878
1687
1764
1764
1870
1781
1750
1746
1665
1639
1706
1672
1548
1573
1617
1642
1620
1649
1519
1600
1530
1572
1474
1412
1486
1529
1511
1489
1491
1447
1536
1584
1431
1445
1429
1391
1463
1432
1428
1350
1365
1280
1306
1306
1398
1302
1306
1337
1314
1319
1316
1439
1374
1414
1291
1329
1348
1344
1372
1287
1321
1256
1355
1329
1224
1291
1271
1314
1336
1287
1261
1238
1213
1297
1246
1292
1230
1252
1278
1234
1323
1181
1309
1204
1209
1137
1249
1244
1281
1192
1164
1331
1290
1226
1195
1241
1262
1246
1194
1339
1268
1290
1297
1186
1262
1249
1237
1227
1181
1288
1242
1243
1169
1256
1360
1214
1299
1321
1281
1215
1302
1318
1290
1213
1255
1181
1122
1290
1245
1254
1131
1197
1185
1190
1233
1247
1242
1276
1199
1183
1217
1169
1226
1278
1215
1291
1287
1244
1247
1210
1102
1191
1196
1136
1209
1118
1257
1320
1242
1173
1204
1267
1268
1190
1136
1118
1245
1156
1221
1103
1084
1211
1245
1220
1210
1232
1214
1147
1268
1292
1186
1173
1208
1234
1175
1107
1090
1257
1247
1221
1142
1044
1179
1289
1206
1308
1278
1216
1334
1293
1185
1191
1171
1263
1183
1232
1131
1329
1165
1218
1235
1273
1123
1298
1313
1290
1291
1277
1185
1192
1274
1102
1235
1210
1263
1137
1232
1207
1192
1265
1263
1202
1160
1223
1245
1101
1199
1194
1188
1235
1215
1223
1135
1331
1244
1179
1186
1196
1160
1188
1174
1186
1293
1218
1159
1219
1231
1252
1192
1132
1143
1102
1254
1163
1083
1258
1108
1248
1208
1178
1163
1338
1194
1259
1225
1239
1189
1225
1223
1282
1183
1197
1241
1102
1248
1179
1051
1291
1159
1153
1096
1112
1175
1223
1202
1211
1152
1280
1222
1193
1189
1139
1162
1276
1211
1259
1263
1126
1187
1236
1174
1177
1333
1118
1204
1117
1239
1248
1101
1152
1244
1189
1182
1224
1176
1168
1220
1161
1154
1303
1202
1244
1250
1217
1216
1272
1203
1142
1227
1238
1141
1118
1190
1142
1172
1304
1215
1216
1275
1184
1228
1289
1063
1171
1302
1137
1199
1261
1147
1069
1115
1150
1102
1209
1122
1189
1193
1144
1273
1226
1212
1117
1136
1190
1197
1233
1120
1190
1264
1198
1148
1214
1106
1155
1148
1165
1129
1139
1264
1159
1264
1197
1218
1221
1214
1126
1159
1187
1166
1238
1107
1191
1261
1181
1215
1100
1209
1234
1188
1275
1168
1224
1223
1206
1196
1227
1170
1266
1159
1137
1133
1142
1196
1225
1164
1236
1250
1158
1346
1247
1235
1196
1195
1267
1287
1261
1156
1152
1239
1152
1277
1199
1204
1202
1236
1168
1198
1188
1210
1138
1369
1186
1182
1204
1141
1198
1133
1215
1108
1141
1179
1133
1077
1341
1123
1204
1087
1271
1179
1159
1143
1113
1205
1224
1137
1133
1193
1232
1153
1199
1221
1145
1220
1169
1327
1214
1158
1223
1141
1201
1201
1207
1251
1120
1188
1193
1220
1208
1259
1138
1189
1150
1302
1174
1252
1149
1186
1034
1145
1195
1184
1119
1250
1262
1174
1224
1283
1147
1152
1300
1126
1264
1202
1138
1201
1146
1153
1244
1160
1076
1213
1133
1120
1216
1199
1291
1202
1165
1180
1179
1238
1174
1197
1174
1214
1188
1134
1128
1203
1226
1193
1229
1161
1227
1168
1226
1110
1247
1229
1272
1229
1190
1328
1197
1203
1202
1244
1259
1173
1115
1223
1156
1104
1194
1240
1231
1146
1195
1179
1188
1163
1163
1166
1193
1178
1222
1214
1157
1208
1194
1184
1130
1180
1179
1167
1252
1186
1208
1247
1221
1165
1161
1159
1252
1217
1233
1211
1285
1186
1205
1231
1262
1247
1271
1135
1206
1221
1269
1224
1190
1265
1170
1168
1186
1245
1206
1290
1169
1221
1223
1216
1176
1243
1227
1257
1215
1179
1210
1110
1235
1186
1188
1171
1087
1247
1257
1197
1157
1216
1204
1178
1199
1193
1213
1146
1235
1130
1081
1247
1204
1384
1150
1193
1134
1208
1195
1241
1267
1256
1249
1206
1167
1200
1201
1268
1109
1227
1126
1185
1156
1170
1182
1232
1196
1244
1214
1253
1119
1189
1277
1188
1181
1196
1131
1195
1125
1224
1220
1182
1188
1147
1165
1219
1199
1249
1220
1185
1281
1252
1225
1216
1171
1236
1158
1181
1210
1164
1206
1266
1311
1187
1210
1148
1165
1307
1251
1289
1176
1344
1107
1203
1146
1176
1072
1151
1237
1121
1266
1242
1250
1263
1271
1206
1188
1246
1177
1314
1254
1199
1202
1167
1222
1193
1172
1265
1190
1184
1146
1044
1214
1122
1310
1175
1232
1248
1228
1237
1310
1266
1303
1196
1211
1191
1187
1207
1171
1179
1187
1193
1143
1118
1207
1199
1211
1126
1139
1255
1225
1108
1157
1135
1197
1133
1150
1142
1293
1276
1247
1242
1138
1240
1200
1110
1290
1182
1197
1175
1155
1115
1189
1235
1166
1267
1182
1224
1194
1242
1173
1215
1167
1143
1169
1195
1268
1257
1253
1194
1261
1286
1189
1250
1197
1271
1177
1157
1256
1161
1084
1228
1207
1173
1158
1217
1203
1185
1209
1136
1227
1244
1232
1172
1223
1235
1180
1116
1221
1270
1235
1263
1208
1249
1234
1152
1182
1159
1247
1102
1274
1222
1190
1163
1158
1165
1316
1208
1200
1269
1141
1212
1258
1234
1107
1126
1160
1149
1176
1266
1148
1190
1245
1221
1224
1240
1287
1211
1183
1189
1248
1245
1234
1256
1187
1212
1172
1109
1116
1174
1169
1131
1255
