1202
1125
1183
1225
1083
1227
1205
1257
1142
1131
1187
1115
1169
1229
1165
1200
1183
1201
1161
1315
1289
1114
1250
1194
1220
1196
1262
1182
1183
1131
1071
1186
1175
1179
1136
1133
1262
1256
1146
1175
1322
1312
1150
1174
1231
1262
1150
1209
1210
1204
1148
1177
1055
1193
1171
1301
1091
1215
1202
1292
1220
1108
1242
1207
1146
1284
1179
1192
1212
1281
1185
1202
1239
1165
1204
1182
1241
1240
1173
1142
1118
1272
1245
1126
1251
1161
1222
1231
1263
1204
1149
1159
1300
1235
1283
1213
1211
1190
1225
1172
1236
1162
1243
1213
1188
1132
1186
1084
1179
1177
1191
1147
1181
1193
1239
1236
1148
1050
1083
1171
1210
1110
1167
1107
1101
1255
1181
1188
1251
1226
1079
1258
1215
1275
1233
1188
1055
1205
1227
1218
1227
1271
1194
1200
1222
1206
1169
1257
1291
1248
1245
1156
1358
1193
1253
1153
1264
1183
1157
1254
1219
1261
1170
1223
1198
1152
1340
1133
1226
1105
1135
1190
1271
1243
1305
1238
1282
1174
1193
1225
1220
1226
1302
1313
1149
1183
1127
1248
1207
1207
1132
1225
1172
1218
1196
1121
1236
1211
1144
1207
1251
1123
1280
1212
1204
1266
1211
1168
1274
1278
1242
1182
1186
1039
1239
1187
1203
1231
1223
1307
1265
1209
1251
1183
1321
1085
1183
1190
1205
1241
1210
1173
1275
1097
1212
1297
1139
1194
1240
1152
1293
1252
1188
1196
1211
1193
1248
1255
1163
1204
1164
1228
1232
1173
1251
1226
1155
1253
1135
1213
1257
1175
1270
1127
1213
1175
1224
1233
1168
1239
1176
1186
1211
1202
1192
1207
1174
1242
1140
1158
1167
1182
1291
1125
1197
1254
1126
1152
1229
1224
1206
1246
1136
1240
1172
1217
1179
1237
1296
1338
1208
1205
1127
1181
1268
1191
1237
1164
1188
1229
1177
1193
1150
1175
1130
1156
1192
1180
1148
1281
1162
1246
1184
1047
1236
1243
1182
1305
1221
1181
1257
1099
1171
1262
1233
1259
1273
1107
1229
1210
1248
1237
1238
1160
1249
1220
1223
1222
1127
1204
1263
1129
1207
1187
1209
1256
1135
1307
1290
1214
1177
1242
1293
1150
1248
1260
1106
1105
1136
1178
1270
1070
1187
1214
1179
1205
1167
1168
1181
1161
1204
1158
1209
1178
1155
1195
1127
1197
1221
1217
1286
1143
1233
1224
1218
1213
1200
1142
1232
1179
1139
1141
1214
1103
1166
1224
1215
1272
1189
1290
1118
1142
1225
1189
1125
1261
1161
1205
1134
1199
1210
1200
1183
1123
1130
1106
1233
1202
1161
1228
1272
1182
1289
1225
1268
1247
1113
1137
1226
1258
1192
1194
1140
1192
1254
1208
1245
1263
1152
1184
1231
1258
1223
1230
1282
1091
1267
1165
1259
1207
1231
1179
1130
1188
1146
1194
1128
1228
1218
1132
1201
1162
1183
1398
1137
1185
1234
1218
1265
1127
1123
1237
1202
1153
1173
1213
1184
1189
1224
1275
1087
1188
1113
1092
1106
1215
1103
1228
1159
1175
1156
1106
1093
1113
1188
1179
1167
1227
1201
1172
1165
1277
1309
1273
1149
1238
1193
1249
1199
1152
1203
1214
1237
1194
1256
1245
1220
1237
1267
1211
1259
1244
1239
1103
1205
1155
1260
1235
1223
1182
1196
1190
1239
1261
1149
1214
1078
1216
1368
1150
1186
1129
1155
1241
1190
1135
1215
1260
1225
1159
1255
1233
1183
1245
1179
1204
1286
1258
1210
1220
1187
1125
1173
1193
1168
1123
1207
1220
1277
1232
1218
1249
1174
1168
1240
1291
1191
1106
1269
1130
1221
1217
1291
1264
1218
1167
1255
1179
1207
1138
1114
1195
1253
1236
1231
1249
1243
1232
1226
1213
1145
1242
1244
1193
1305
1210
1177
1291
1099
1198
1167
1212
1191
1303
1177
1248
1264
1339
1214
1284
1109
1124
1122
1215
1222
1229
1135
1142
1136
1188
1220
1174
1192
1235
1180
1217
1272
1252
1238
1230
1115
1202
1254
1213
1204
1154
1253
1131
1316
1126
1155
1191
1212
1107
1301
1255
1288
1119
1249
1221
1170
1189
1170
1298
1242
1277
1228
1185
1176
1277
1220
1233
1138
1165
1262
1101
1176
1258
1094
1151
1205
1127
1179
1243
1179
1180
1231
1258
1195
1165
1201
1134
1230
1273
1286
1201
1153
1275
1275
1252
1284
1222
1182
1203
1172
1140
1188
1140
1194
1226
1229
1255
1208
1247
1323
1295
1164
1197
1229
1188
1240
1220
1247
1130
1168
1209
1238
1143
1256
1226
1252
1401
1242
1212
1219
1178
1153
1258
1167
1311
1143
1220
1141
1268
1297
1106
1110
1183
1160
1234
1233
1180
1210
1215
1106
1221
1266
1161
1212
1205
1210
1227
1101
1180
1263
1254
1152
1182
1271
1194
1203
1293
1242
1215
1189
1351
1119
1234
1207
1168
1267
1213
1239
1168
1150
1180
1274
1224
1157
1184
1260
1164
1259
1212
1219
1143
1194
1173
1264
1231
1165
1284
1167
1213
1252
1207
1170
1207
1176
1165
1196
1233
1218
1149
1244
1250
1220
1254
1261
1204
1167
1255
1178
1226
1131
1139
1197
1061
1145
1245
1215
1241
1258
1202
1180
1251
1124
1191
1284
1163
1095
1152
1174
1179
1275
1232
1329
1190
1283
1203
1208
1200
1245
1224
1248
1234
1299
1221
1210
1199
1240
1264
1212
1273
1165
1158
1231
1225
1196
1224
1231
1226
1215
1097
1208
1169
1243
1193
1297
1205
1113
1130
1192
1185
1156
1158
1214
1163
1141
1176
1119
1233
1242
1251
1239
1167
1196
1224
1154
1240
1110
1148
1270
1302
1275
1155
1285
1230
1203
1253
1238
1242
1157
1219
1105
1213
1154
1185
1209
1165
1207
1317
1269
1220
1200
1216
1251
1180
1239
1226
1230
1184
1155
1183
1208
1192
1217
1240
1180
1173
1224
1159
1274
1169
1276
1142
1192
1202
1233
1140
1195
1236
1188
1197
1217
1197
1246
1264
1190
1205
1227
1164
1256
1166
1211
1253
1143
1196
1157
1215
1353
1184
1149
1316
1212
1200
1204
1190
1294
1128
1268
1192
1114
1202
1205
1208
1179
1255
1186
1182
1241
1181
1116
1154
1192
1138
1222
1180
1221
1214
1257
1236
1205
1162
1217
1226
1254
1279
1209
1167
1265
1267
1213
1288
1291
1233
1252
1204
1165
1228
1166
1225
1195
1220
1124
1144
1268
1235
1292
1239
1309
1223
1167
1215
1209
1194
1235
1195
1227
1264
1266
1303
1206
1209
1199
1213
1188
1193
1164
1113
1247
1207
1273
1220
1262
1338
1266
1284
1281
1217
1193
1204
1250
1155
1198
1300
1192
1087
1152
1230
1243
1227
1230
1163
1347
1286
1272
1248
1292
1297
1143
1258
1300
1244
1346
1276
1189
1127
1258
1125
1145
1155
1191
1134
1206
1292
1329
1176
1242
1281
1187
1333
1278
1209
1251
1146
1235
1216
1257
1147
1260
1076
1121
1233
1173
1155
1256
1175
1292
1199
1271
1178
1213
1129
1150
1266
1242
1220
1281
1221
1219
1247
1344
1191
1152
1205
1125
1229
1218
1141
1170
1262
1309
1297
1137
1250
1316
1271
1235
1272
1194
1280
1198
1113
1223
1205
1125
1098
1266
1136
1269
1278
1148
1319
1231
1123
1162
1172
1111
1235
1238
1186
1182
1232
1182
1147
1213
1309
1205
1330
1236
1148
1273
1182
1198
1133
1330
1183
1165
1174
1181
1174
1199
1235
1146
1183
1267
1228
1278
1191
1201
1164
1291
1121
1246
1315
1213
1240
1174
1269
1150
1143
1126
1225
1249
1315
1208
1207
1200
1263
1225
1257
1187
1173
1048
1280
1253
1303
1154
1168
1227
1201
1263
1203
1143
1233
1184
1265
1128
1195
1262
1192
1241
1243
1187
1338
1129
1190
1257
1162
1300
1230
1108
1272
1263
1159
1230
1245
1311
1313
1287
1230
1324
1246
1194
1219
1365
1229
1181
1255
1188
1146
1173
1300
1182
1208
1164
1182
1199
1259
1132
1226
1178
1275
1240
1322
1228
1178
1198
1245
1306
1208
1172
1261
1250
1160
1250
1130
1238
1240
1208
1313
1272
1288
1268
1237
1196
1245
1148
1121
1135
1262
1209
1139
1073
1200
1246
1222
1299
1241
1219
1182
1268
1219
1181
1202
1254
1132
1198
1246
1203
1197
1229
1245
1301
1204
1225
1268
1215
1225
1298
1251
1310
1191
1216
1272
1282
1250
1234
1138
1216
1244
1255
1197
1088
1237
1192
1213
1243
1190
1209
1282
1242
1225
1115
1344
1280
1268
1225
1227
1188
1299
1205
1206
1256
1220
1246
1243
1194
1251
1245
1181
1257
1259
1234
1272
1241
1206
1226
1154
1239
1182
1172
1157
1169
1084
1156
1216
1164
1246
1208
1172
1195
1239
1270
1300
1244
1202
1327
1139
1147
1223
1225
1204
1190
1117
1063
1126
1122
1210
1166
1318
1157
1270
1283
1269
1264
1165
1229
1193
1183
1225
1138
1177
1178
1202
1261
1163
1269
1119
1218
1231
1251
1166
1232
1231
1182
1180
1169
1229
1195
1196
1214
1290
1141
1224
1176
1174
1253
1214
1223
1153
1303
1274
1185
1252
1253
1156
1274
1154
1126
1180
1153
1133
1184
1257
1271
1247
1349
1308
1201
1181
1275
1189
1312
1165
1189
1117
1099
1261
1162
1158
1203
1160
1118
1202
1239
1173
1268
1129
1341
1147
1191
1159
1241
1181
1273
1053
1103
1192
1260
1179
1214
1257
1218
1241
1226
1257
1223
1242
1381
1165
1303
1291
1280
1291
1284
1219
1156
1283
1288
1147
1172
1188
1240
1166
1204
1228
1199
1216
1202
1280
1223
1213
1253
1261
1184
1195
1189
1160
1279
1149
1169
1137
1227
1095
1150
1206
1177
1190
1254
1159
1311
1296
1272
1105
1250
1127
1205
1259
1252
1085
1194
1162
1223
1167
1123
1240
1225
1216
1261
1150
1284
1253
1244
1255
1189
1296
1162
1163
1183
1142
1141
1238
1287
1199
1125
1225
1311
1230
1283
1261
1239
1196
1266
1223
1155
1232
1198
1221
1109
1094
1181
1149
1301
1209
1150
1170
1254
1198
1206
1254
1278
1172
1231
1185
1215
1221
1237
1230
1263
1131
1173
1291
1148
1158
1273
1325
1331
1238
1303
1275
1202
1137
1219
1137
1191
1350
1209
1157
1219
1189
1193
1213
1301
1208
1237
1271
1238
1183
1226
1326
1244
1247
1233
1171
1244
1231
1277
1191
1223
1374
1240
1213
1218
1237
1219
1248
1192
1311
1222
1247
1185
1225
1195
1312
1233
1209
1293
1218
1158
1143
1192
1226
1147
1259
1172
1171
1209
1261
1272
1142
1268
1246
1267
1110
1229
1190
1265
1231
1164
1197
1258
1213
1184
1167
1140
1156
1193
1203
1189
1235
1195
1230
1233
1194
1130
1190
1286
1159
1264
1209
1240
1235
1168
1153
1267
1133
1176
1241
1171
1158
1227
1242
1294
1139
1183
1131
1231
1210
1214
1133
1198
1215
1161
1129
1290
1240
1180
1218
1218
1114
1161
1165
1210
1130
1142
1191
1300
1227
1208
1210
1310
1180
1270
1228
1184
1173
1201
1240
1275
1203
1204
1288
1176
1172
1180
1237
1179
1322
1179
1203
1160
1217
1213
1284
1194
1223
1213
1316
1193
1163
1173
1263
1091
1244
1079
1169
1150
1202
1264
1249
1187
1282
1271
1293
1245
1177
1323
1234
1173
1186
1274
1234
1163
1249
1288
1145
1142
1167
1144
1190
1270
1161
1245
1252
1312
1256
1213
1210
1250
1360
1282
1118
1182
1334
1261
1135
1261
1210
1178
1211
1245
1163
1311
1225
1226
1171
1288
1203
1277
1171
1269
1144
1103
1165
1213
1192
1211
1295
1189
1283
1245
1227
1170
1249
1183
1345
1238
1101
1184
1216
1181
1158
1294
1162
1156
1147
1226
1251
1225
1220
1218
1155
1230
1255
1201
1099
1247
1254
1282
1202
1225
1178
1160
1296
1178
1237
1130
1231
1251
1216
1236
1191
1177
1172
1167
1258
1219
1111
1183
1261
1194
1281
1324
1269
1253
1136
1176
1131
1237
1293
1248
1236
1213
1279
1146
1131
1213
1165
1147
1205
1188
1211
1298
1181
1311
1148
1278
1242
1207
1216
1186
1287
1291
1107
1242
1216
1213
1244
1223
1228
1275
1189
1333
1217
1298
1273
1125
1200
1267
1275
1187
1173
1277
1236
1252
1277
1219
1358
1175
1305
1294
1276
1204
1283
1253
1204
1262
1196
1202
1286
1236
1155
1206
1207
1303
1279
1184
1227
1299
1242
1298
1188
1259
1289
1212
1255
1226
1188
1127
1218
1160
1125
1172
1191
1250
1197
1268
1248
1334
1267
1253
1292
1284
1219
1215
1212
1230
1150
1109
1223
1129
1187
1110
1120
1195
1313
1190
1322
1233
1276
1308
1296
1355
1258
1312
1268
1216
1139
1280
1290
1266
1182
1182
1243
1146
1330
1234
1361
1184
1306
1355
1291
1208
1211
1221
1285
1262
1252
1195
1222
1207
1248
1180
1205
1223
1313
1361
1325
1275
1273
1249
1280
1219
1230
1293
1265
1296
1326
1279
1277
1245
1324
1243
1214
1277
1296
1365
1302
1336
1257
1373
1396
1232
1321
1276
1254
1375
1275
1259
1239
1254
1291
1300
1374
1408
1277
1356
1287
1316
1261
1391
1325
1403
1365
1376
1431
1321
1301
1302
1393
1320
1398
1236
1386
1381
1418
1344
1381
1339
1345
1413
1236
1281
1328
1370
1357
1293
1316
1318
1403
1344
1556
1423
1404
1308
1404
1448
1433
1445
1272
1331
1493
1411
1344
1372
1395
1367
1391
1438
1418
1361
1529
1427
1310
1522
1394
1415
1478
1428
1376
1385
1419
1472
1513
1536
1439
1500
1576
1471
1447
1491
1456
1522
1525
1406
1383
1476
1492
1550
1471
1570
1559
1509
1559
1409
1611
1544
1599
1444
1557
1530
1625
1520
1536
1641
1475
1595
1587
1583
1681
1620
1675
1691
1745
1592
1571
1579
1572
1580
1697
1736
1649
1666
1680
1691
1563
1754
1724
1695
1770
1677
1800
1781
1639
1804
1691
1653
1739
1788
1828
1617
1766
1803
1706
1830
1801
1851
1909
1761
1854
1936
1766
1844
1940
1864
1825
1863
1663
1783
1849
1738
1785
1839
1884
1856
1815
1910
1958
1947
1904
2087
1969
1926
2058
2109
2011
2010
1947
2019
2092
2079
2025
1976
2039
2046
2113
1974
2114
2165
2257
2199
2202
2317
2147
2212
2292
2214
2256
2260
2244
2268
2247
2091
2339
2210
2292
2317
2259
2310
2433
2444
2397
2475
2494
2356
2465
2401
2472
2473
2509
2391
2531
2450
2570
2523
2582
2472
2615
2554
2600
2732
2666
2830
2778
2680
2810
2918
2858
2746
2752
2797
2673
2868
2834
2857
2873
2830
2913
2879
2935
2978
3030
2961
3040
3067
3170
3139
3116
3031
3211
3288
3251
3207
3088
3079
3229
3232
3311
3341
3266
3318
3378
3518
3508
3396
3505
3468
3413
3525
3609
3701
3623
3517
3489
3690
3716
3753
3756
3720
3804
3999
3831
3891
4136
3862
3975
4114
4103
4131
4004
4226
4156
4179
4224
4172
4218
4379
4231
4426
4345
4389
4406
4615
4641
4578
4699
4763
4584
4637
4719
4618
4828
4783
4850
4776
4829
4975
5012
5065
5205
5095
5239
5200
5186
5371
5480
5389
5282
5264
5449
5587
5549
5727
5597
5884
5777
5842
5828
5962
6032
5954
5911
6045
5964
6252
6104
6248
6243
6399
6358
6303
6422
6386
6522
6500
6737
6737
6559
6620
6929
6888
6748
6927
6764
7053
6959
6873
7120
7016
7343
7139
7336
7234
7255
7311
7582
7379
7487
7625
7599
7547
7534
7694
7549
7660
7584
7626
7704
7767
7841
7801
7836
7841
7994
8010
7979
7986
7979
8031
8104
8213
8111
8074
8149
8358
8109
8260
8083
8222
8284
8109
8208
8198
8419
8261
8185
8376
8244
8308
8292
8512
8379
8306
8354
8442
8361
8281
8421
8322
8261
8359
8388
8340
8126
8102
8181
8362
8230
8303
8098
8236
7997
8104
8126
7959
8214
7868
7875
7985
7948
7848
7922
7703
7723
7898
7662
7590
7552
7812
7570
7651
7600
7557
7234
7448
7415
7376
7314
7262
7199
7204
7296
7053
7137
6875
7094
6929
7038
6901
6818
6645
6718
6778
6639
6630
6610
6424
6365
6303
6066
6153
6309
6143
6085
6164
6082
6143
6029
5888
5896
5880
5861
5631
5734
5687
5541
5728
5408
5485
5461
5396
5215
5250
5268
5302
5180
5059
4981
5008
5139
5038
4776
5027
4772
4722
4725
4461
4559
4487
4562
4425
4461
4245
4310
4098
4268
4134
3898
4153
4020
4009
3902
3903
3785
3642
3633
3567
3539
3485
3437
3359
3443
3395
3280
3273
3113
3166
3026
3181
3162
3058
2869
2912
2945
2856
2858
2740
2613
2721
2548
2561
2554
2613
2475
2549
2506
2573
2584
2458
2443
2395
2304
2246
2250
2295
2301
2173
2218
2152
2173
2046
2050
2036
2052
2048
2037
1991
1928
1960
1921
1955
1952
1904
1848
1768
1858
1882
1861
1793
1871
1616
1851
1762
1724
1662
1704
1694
1661
1644
1604
1611
1539
1493
1587
1496
1550
1598
1546
1624
1578
1487
1641
1629
1553
1465
1580
1444
1456
1430
1429
1479
1380
1372
1391
1436
1410
1333
1513
1449
1429
1409
1438
1384
1375
1432
1340
1316
1390
1337
1335
1338
1357
1388
1318
1372
1377
1320
1293
1332
1332
1333
1353
1325
1385
1314
1235
1227
1327
1381
1288
1236
1362
1332
1225
1365
1364
1338
1349
1304
1299
1276
1215
1169
1336
1251
1255
1287
1280
1184
1255
1262
1404
1360
1338
1259
1245
1291
1192
1218
1325
1277
1292
1267
1263
1227
1110
1239
1271
1207
1274
1338
1357
1314
1436
1215
1182
1210
1286
1266
1235
1214
1195
1153
1196
1301
1152
1266
1324
1269
1273
1191
1155
1196
1145
1222
1214
1306
1178
1242
1196
1183
1161
1321
1186
1225
1258
1263
1224
1189
1137
1193
1150
1241
1239
1256
1196
1225
1201
1259
1098
1260
1264
1267
1249
1227
1233
1248
1247
1199
1228
1189
1257
1232
1234
1193
1197
1152
1182
1132
1235
1228
1177
1199
1133
1309
1182
1223
1221
1222
1252
1258
1151
1198
1165
1249
1219
1242
1135
1234
1163
1199
1179
1315
1243
1272
1249
1204
1208
1194
1171
1243
1193
1257
1075
1204
1160
1114
1190
1154
1203
1188
1209
1379
1230
1241
1258
1279
1116
1186
1148
1338
1176
1242
1154
1287
1200
1205
1210
1288
1124
1140
1145
1110
1227
1109
1250
1267
1274
1258
1167
1241
1169
1218
1213
1203
1222
1302
1137
1159
1188
1270
1259
1202
1199
1277
1333
1240
1202
1194
1224
1206
1238
1293
1147
1181
1108
1166
1183
1166
1197
1216
1072
1101
1220
1221
1269
1336
1251
1337
1240
1285
1201
1198
1264
1206
1207
1191
1225
1261
1230
1234
1280
1259
1264
1177
1337
1282
1270
1222
1173
1244
1129
1182
1238
1169
1175
1259
1180
1263
1102
1224
1163
1230
1212
1287
1217
1181
1202
1269
1222
1211
1189
1200
1260
1124
1196
1319
1134
1322
1284
1157
1226
1170
1225
1216
1316
1230
1178
1203
1314
1208
1179
1138
1194
1140
1203
1183
1212
1211
1191
1254
1280
1197
1266
1174
1363
1295
1210
1084
1193
1153
1237
1221
1280
1183
1224
1177
1131
1307
1185
1211
1189
1295
1223
1263
1166
1139
1215
1158
1252
1250
1183
1245
1146
1262
1275
1330
1249
1198
1272
1159
1267
1083
1113
1204
1223
1269
1129
1135
1276
1168
1209
1185
1155
1194
1132
1219
1231
1229
1174
1215
1181
1235
1159
1155
1087
1240
1173
1168
1198
1200
1097
1360
1144
1239
1223
1263
1216
1211
1333
1244
1193
1244
1176
1240
1239
1206
1299
1202
1214
1212
1213
1221
1165
1246
1123
1334
1232
1154
1227
1133
1160
1247
1206
1141
1165
1104
1238
1228
1207
1247
1259
1225
1141
1197
1191
1268
1218
1225
1327
1208
1214
1223
1265
1230
1220
1232
1121
1208
1259
1170
1117
1243
1229
1132
1268
1172
1252
1188
1193
1229
1271
1185
1156
1220
1184
1235
1093
1197
1211
1064
1236
1215
1232
1249
1155
1211
1169
1292
1198
1200
1195
1272
1311
1197
1224
1189
1238
1195
1162
1212
1134
1140
1183
1160
1290
1307
1157
1253
1190
1219
1199
1226
1309
1262
1233
1211
1147
1170
1117
1124
1193
1146
1237
1251
1221
1231
1188
1332
1227
1147
1190
1240
1156
1293
1238
1132
1255
1271
1227
1261
1204
1238
1227
1268
1247
1132
1220
1184
1240
1178
1185
1212
1135
1181
1037
1208
1145
1258
1239
1176
1208
1189
1201
1205
1311
1242
1282
1152
1250
1193
1179
1164
1170
1209
1261
1302
1214
1149
1120
1288
1242
1211
1267
1229
1199
1206
1134
1205
1264
1256
1201
1339
1220
1174
1101
1127
1241
1265
1324
1228
1265
1174
1186
1204
1237
1153
1214
1208
1205
1193
1222
1278
1231
1158
1133
1232
1197
1118
1125
1225
1234
1251
1131
1288
1229
1161
1194
1217
1128
1186
1150
1147
1246
1248
1210
1221
1196
1211
1250
1214
1160
1285
1209
1075
1200
1195
1155
1154
1133
1181
1112
1152
1170
1141
1165
1188
1213
1202
1249
1258
1217
1254
1128
1282
1239
1195
1252
1126
1280
1202
1238
1170
1222
1198
1067
1194
1159
1210
1313
1139
1164
1165
1092
1204
1225
1196
1126
1185
1155
1231
1302
1261
1235
1208
1263
1243
1212
1309
1227
1138
1210
1196
1225
1258
1180
1224
1254
1287
1315
1201
1198
1264
1138
1139
1170
1236
1241
1127
1201
1305
1140
1140
1153
1257
1155
1217
1298
1187
1266
1166
1236
1238
1174
1086
1220
1107
1151
1210
1139
1131
1252
1200
1191
1241
1159
1269
1174
1199
1112
1233
1240
1112
1233
1142
1347
1207
1212
1186
1223
1199
1233
1189
1245
1097
1171
1230
1200
1120
1159
1114
1282
1194
1134
1277
1208
1198
1091
1218
1193
1117
1329
1202
1279
1218
1190
1165
1182
1231
1147
1137
1150
1208
1265
1163
1295
1162
1192
1075
1133
1119
1166
1171
1210
1229
1185
1236
1166
1250
1238
1180
1162
1178
1099
1141
1200
1170
1139
1184
1102
1223
1223
1255
1175
1305
1240
1257
1281
1186
1156
1117
1238
1058
1145
1189
1238
1180
1161
1150
1168
1187
1250
1195
1207
1221
1206
1202
1259
1272
1169
1192
1258
1263
1204
1080
1207
1174
1200
1197
1159
1108
1219
1165
1195
1151
1180
1156
1150
1176
1211
1244
1161
1156
1256
1264
1202
