1168
1217
1127
1207
1216
1290
1203
1169
1265
1205
1061
1308
1219
1152
1250
1177
1235
1222
1199
1082
1239
1187
1155
1171
1120
1051
1084
1130
1207
1202
1172
1346
1137
1200
1219
1237
1192
1214
1145
1238
1187
1275
1134
1227
1269
1285
1245
1198
1117
1098
1243
1194
1179
1047
1264
1221
1264
1278
1242
1237
1167
1220
1189
1264
1188
1204
1196
1172
1240
1175
1176
1139
1172
1209
1168
1222
1295
1178
1208
1222
1177
1231
1185
1134
1119
1177
1233
1091
1185
1258
1095
1104
1197
1168
1123
1278
1229
1252
1300
1273
1213
1207
1134
1177
1223
1140
1219
1140
1181
1165
1224
1134
1211
1238
1275
1178
1199
1183
1188
1214
1218
1181
1223
1102
1231
1192
1263
1199
1255
1104
1202
1171
1210
1142
1153
1237
1232
1189
1203
1192
1128
1196
1222
1224
1139
1247
1240
1229
1165
1201
1151
1168
1174
1141
1220
1185
1155
1188
1165
1099
1179
1256
1191
1248
1170
1173
1205
1240
1206
1202
1209
1186
1285
1262
1227
1213
1231
1237
1212
1173
1102
1092
1150
1167
1095
1105
1150
1178
1157
1256
1247
1283
1188
1186
1276
1297
1257
1243
1206
1148
1209
1199
1209
1227
1288
1219
1183
1149
1206
1195
1109
1234
1100
1152
1213
1240
1215
1274
1098
1179
1259
1234
1228
1276
1173
1077
1138
1113
1234
1166
1200
1213
1197
1193
1141
1158
1183
1176
1193
1278
1245
1220
1158
1158
1232
1110
1094
1149
1271
1267
1269
1202
1116
1223
1135
1169
1115
1171
1249
1308
1277
1210
1179
1251
1215
1158
1189
1185
1238
1190
1233
1035
1307
1256
1246
1268
1227
1157
1254
1221
1134
1220
1255
1259
1158
1275
1257
1098
1169
1246
1172
1184
1205
1220
1225
1198
1172
1223
1142
1189
1246
1253
1140
1112
1219
1235
1220
1243
1110
1245
1215
1215
1176
1207
1230
1181
1102
1265
1258
1245
1306
1154
1165
1171
1244
1249
1185
1162
1198
1288
1162
1198
1265
1291
1213
1182
1108
1256
1250
1215
1211
1229
1223
1183
1310
1189
1195
1135
1139
1256
1241
1192
1172
1290
1236
1282
1243
1297
1143
1206
1244
1255
1068
1202
1220
1156
1249
1238
1195
1287
1184
1120
1183
1139
1248
1234
1232
1204
1166
1116
1151
1302
1197
1196
1309
1091
1243
1195
1298
1216
1262
1225
1104
1186
1125
1238
1217
1282
1281
1214
1286
1263
1253
1187
1236
1264
1208
1257
1209
1238
1176
1285
1108
1216
1197
1099
1251
1195
1182
1216
1224
1111
1148
1198
1136
1172
1249
1184
1158
1148
1097
1167
1224
1216
1178
1227
1211
1126
1184
1237
1255
1138
1182
1335
1207
1263
1193
1176
1168
1275
1148
1172
1137
1158
1039
1186
1114
1100
1125
1222
1143
1251
1136
1227
1226
1259
1085
1167
1126
1186
1197
1183
1191
1312
1199
1196
1180
1206
1080
1176
1148
1163
1190
1171
1231
1297
1195
1206
1224
1136
1224
1245
1123
1173
1137
1123
1221
1161
1143
1201
1215
1175
1158
1247
1321
1220
1234
1181
1264
1281
1274
1164
1220
1302
1279
1183
1178
1141
1195
1284
1267
1187
1278
1129
1248
1183
1234
1259
1258
1265
1231
1123
1163
1196
1220
1264
1171
1151
1183
1287
1197
1257
1185
1227
1162
1163
1164
1267
1136
1184
1239
1185
1093
1162
1126
1171
1163
1171
1234
1145
1094
1241
1156
1133
1190
1154
1256
1213
1188
1146
1269
1225
1167
1244
1292
1184
1323
1126
1097
1267
1267
1212
1211
1077
1152
1154
1255
1187
1134
1146
1225
1276
1266
1170
1131
1226
1255
1249
1245
1234
1246
1178
1189
1299
1169
1151
1202
1128
1189
1204
1176
1305
1195
1299
1208
1250
1212
1283
1241
1255
1301
1163
1202
1222
1240
1272
1193
1134
1201
1220
1131
1208
1170
1239
1258
1179
1169
1189
1276
1176
1194
1212
1252
1226
1236
1318
1155
1169
1211
1090
1230
1132
1244
1290
1191
1186
1186
1236
1186
1142
1258
1259
1208
1094
1180
1260
1247
1171
1331
1164
1215
1179
1168
1283
1226
1208
1200
1115
1260
1280
1202
1211
1213
1120
1246
1222
1221
1263
1248
1226
1212
1280
1171
1288
1207
1204
1186
1180
1277
1085
1213
1186
1186
1175
1152
1194
1191
1315
1210
1096
1163
1199
1262
1228
1167
1254
1163
1137
1193
1322
1124
1143
1131
1188
1257
1163
1216
1234
1302
1208
1162
1177
1199
1265
1228
1217
1202
1138
1182
1226
1280
1207
1218
1161
1203
1135
1178
1191
1222
1165
1213
1221
1182
1254
1210
1172
1162
1251
1250
1247
1210
1205
1153
1184
1269
1247
1240
1110
1212
1251
1060
1129
1235
1317
1206
1196
1216
1225
1269
1179
1175
1167
1307
1175
1207
1246
1257
1174
1179
1221
1250
1219
1138
1204
1197
1244
1277
1246
1158
1252
1154
1298
1289
1275
1151
1292
1238
1106
1166
1155
1165
1119
1250
1208
1219
1219
1187
1229
1196
1243
1220
1164
1212
1168
1130
1157
1127
1201
1152
1157
1117
1106
1263
1131
1220
1179
1092
1268
1203
1134
1245
1167
1261
1172
1196
1156
1236
1225
1249
1199
1268
1223
1196
1233
1197
1276
1244
1243
1149
1129
1152
1264
1212
1249
1073
1149
1164
1193
1272
1196
1284
1170
1309
1156
1215
1163
1236
1218
1221
1209
1191
1178
1186
1156
1196
1153
1208
1203
1219
1243
1190
1248
1144
1112
1186
1223
1197
1234
1198
1131
1261
1217
1190
1156
1210
1207
1174
1264
1217
1235
1274
1288
1144
1170
1209
1237
1106
1122
1135
1102
1123
1239
1159
1126
1197
1249
1226
1204
1225
1201
1221
1159
1154
1106
1200
1235
1103
1228
1276
1267
1273
1275
1096
1256
1322
1210
1344
1162
1273
1196
1158
1228
1170
1188
1191
1303
1304
1269
1144
1214
1213
1166
1148
1287
1236
1365
1263
1268
1161
1210
1164
1208
1171
1160
1127
1183
1185
1241
1208
1146
1090
1265
1221
1370
1145
1258
1146
1165
1178
1215
1224
1140
1247
1232
1150
1127
1185
1234
1074
1254
1212
1322
1225
1142
1231
1269
1204
1298
1181
1317
1264
1204
1174
1268
1213
1131
1233
1231
1111
1188
1141
1166
1195
1267
1240
1174
1325
1312
1247
1143
1137
1232
1182
1141
1215
1185
1166
1133
1178
1172
1190
1254
1264
1269
1218
1165
1244
1243
1198
1284
1173
1179
1169
1228
1155
1255
1236
1265
1156
1135
1207
1259
1246
1258
1210
1225
1189
1264
1109
1097
1145
1168
1132
1286
1141
1145
1301
1299
1225
1295
1254
1218
1205
1299
1198
1222
1179
1114
1123
1188
1141
1174
1196
1197
1220
1180
1278
1174
1316
1234
1173
1304
1270
1161
1210
1196
1164
1266
1174
1201
1169
1132
1281
1200
1214
1240
1182
1220
1303
1299
1292
1228
1222
1150
1246
1103
1178
1218
1257
1202
1162
1204
1169
1207
1195
1285
1339
1311
1223
1317
1199
1281
1248
1229
1167
1193
1224
1263
1231
1303
1204
1251
1257
1252
1375
1186
1155
1212
1202
1180
1209
1249
1220
1157
1240
1271
1270
1234
1126
1262
1179
1150
1163
1140
1166
1334
1286
1286
1329
1253
1205
1209
1269
1214
1237
1216
1223
1163
1218
1181
1213
1325
1343
1188
1247
1233
1192
1277
1288
1231
1257
1308
1300
1278
1214
1176
1299
1151
1241
1269
1294
1170
1239
1223
1267
1187
1259
1211
1222
1204
1201
1288
1293
1208
1150
1246
1247
1199
1180
1249
1300
1236
1291
1153
1237
1214
1214
1137
1200
1199
1131
1124
1253
1201
1130
1222
1130
1134
1210
1164
1174
1218
1221
1215
1277
1275
1200
1196
1213
1158
1240
1248
1278
1173
1211
1195
1198
1214
1173
1242
1149
1292
1189
1263
1150
1267
1208
1201
1225
1276
1164
1288
1201
1206
1299
1247
1220
1222
1259
1263
1279
1125
1195
1230
1229
1172
1110
1141
1265
1122
1187
1145
1173
1173
1145
1207
1177
1127
1260
1212
1216
1270
1290
1147
1263
1247
1247
1237
1189
1169
1251
1139
1163
1209
1180
1234
1203
1298
1246
1328
1274
1248
1163
1323
1249
1126
1208
1251
1238
1154
1114
1271
1236
1086
1240
1209
1236
1181
1195
1271
1270
1168
1240
1215
1244
1216
1193
1130
1180
1234
1178
1212
1210
1253
1289
1274
1143
1234
1299
1141
1236
1216
1217
1198
1243
1204
1126
1199
1147
1183
1273
1196
1294
1223
1189
1234
1113
1112
1018
1245
1165
1210
1178
1178
1237
1251
1254
1198
1183
1307
1305
1321
1255
1303
1223
1335
1299
1223
1259
1186
1212
1185
1160
1215
1192
1263
1219
1154
1218
1240
1215
1215
1204
1165
1213
1188
1159
1273
1261
1229
1276
1102
1246
1215
1121
1062
1210
1183
1222
1215
1217
1258
1207
1188
1172
1143
1239
1204
1350
1317
1227
1245
1197
1156
1082
1203
1112
1232
1257
1154
1159
1210
1149
1125
1183
1341
1226
1293
1244
1186
1230
1267
1224
1214
1227
1212
1158
1328
1167
1188
1216
1173
1178
1205
1206
1085
1200
1192
1216
1178
1122
1103
1203
1195
1230
1183
1213
1213
1189
1315
1092
1202
1136
1174
1163
1187
1198
1302
1234
1241
1208
1229
1259
1188
1235
1215
1206
1203
1312
1219
1156
1250
1228
1248
1262
1329
1213
1293
1196
1178
1215
1250
1204
1160
1253
1231
1222
1328
1180
1202
1266
1245
1210
1212
1224
1296
1182
1330
1266
1281
1301
1232
1197
1109
1181
1149
1160
1269
1295
1283
1154
1251
1258
1319
1207
1206
1217
1133
1197
1180
1179
1110
1169
1295
1240
1227
1255
1197
1139
1174
1266
1225
1303
1207
1197
1148
1152
1258
1187
1246
1134
1191
1189
1179
1159
1110
1224
1211
1318
1275
1260
1241
1248
1295
1177
1296
1306
1280
1235
1311
1199
1071
1140
1144
1076
1205
1145
1142
1129
1163
1210
1194
1227
1204
1285
1308
1166
1249
1168
1157
1140
1193
1154
1262
1164
1206
1182
1268
1137
1230
1153
1163
1287
1319
1261
1256
1255
1200
1307
1169
1251
1286
1213
1320
1195
1267
1258
1101
1207
1145
1116
1235
1194
1249
1282
1205
1281
1249
1287
1168
1237
1113
1184
1220
1202
1262
1178
1189
1147
1145
1188
1115
1211
1313
1209
1163
1274
1273
1322
1266
1255
1311
1237
1158
1208
1192
1154
1167
1139
1200
1283
1166
1266
1158
1275
1217
1095
1192
1189
1184
1158
1193
1183
1281
1202
1178
1300
1214
1216
1175
1182
1148
1197
1087
1192
1225
1160
1241
1186
1356
1168
1256
1152
1288
1291
1198
1269
1197
1202
1216
1243
1279
1240
1322
1183
1258
1236
1215
1290
1213
1218
1292
1213
1299
1252
1199
1184
1225
1164
1212
1309
1180
1226
1161
1148
1249
1219
1257
1247
1204
1255
1178
1276
1228
1135
1129
1140
1264
1156
1179
1258
1229
1201
1305
1263
1219
1329
1196
1198
1282
1229
1206
1209
1231
1201
1145
1275
1222
1233
1270
1288
1236
1172
1235
1188
1243
1222
1187
1131
1168
1219
1203
1243
1123
1303
1273
1246
1285
1268
1235
1230
1199
1144
1137
1158
1199
1158
1182
1359
1248
1179
1232
1233
1223
1227
1198
1183
1289
1194
1175
1206
1173
1091
1233
1208
1257
1206
1217
1111
1126
1279
1168
1275
1313
1212
1244
1353
1263
1211
1234
1195
1272
1253
1328
1218
1220
1300
1265
1218
1145
1320
1174
1109
1203
1194
1347
1205
1221
1341
1202
1252
1181
1247
1167
1107
1249
1189
1161
1119
1314
1162
1246
1135
1131
1175
1223
1276
1222
1251
1216
1256
1270
1225
1170
1162
1123
1216
1222
1256
1185
1260
1160
1266
1208
1242
1212
1182
1221
1263
1274
1239
1297
1209
1132
1347
1185
1185
1259
1206
1285
1220
1187
1194
1178
1136
1232
1175
1192
1198
1149
1166
1209
1348
1125
1322
1161
1260
1237
1212
1244
1209
1187
1156
1230
1119
1210
1254
1190
1182
1136
1236
1226
1298
1342
1217
1212
1235
1159
1211
1238
1229
1270
1268
1215
1202
1236
1200
1111
1235
1187
1316
1310
1240
1277
1249
1234
1235
1245
1216
1168
1258
1297
1157
1182
1214
1245
1241
1285
1282
1329
1226
1213
1162
1202
1283
1145
1277
1185
1231
1239
1146
1155
1172
1177
1263
1322
1195
1188
1152
1303
1198
1299
1266
1280
1215
1251
1208
1237
1188
1303
1263
1303
1215
1178
1233
1196
1170
1271
1164
1227
1236
1125
1167
1237
1282
1342
1255
1271
1239
1313
1238
1274
1153
1290
1365
1216
1281
1189
1210
1189
1170
1117
1220
1300
1282
1262
1244
1314
1170
1274
1273
1288
1305
1293
1251
1285
1297
1344
1231
1159
1213
1329
1201
1189
1282
1310
1251
1198
1332
1325
1218
1321
1311
1284
1392
1349
1168
1261
1272
1195
1330
1312
1245
1252
1270
1295
1229
1237
1249
1300
1246
1231
1331
1290
1213
1367
1374
1394
1431
1339
1261
1382
1263
1261
1360
1243
1280
1220
1271
1340
1273
1239
1239
1414
1365
1317
1424
1371
1167
1320
1290
1333
1223
1294
1330
1289
1259
1222
1297
1305
1339
1418
1288
1388
1326
1330
1378
1374
1306
1305
1344
1370
1437
1293
1362
1403
1346
1351
1413
1336
1380
1413
1377
1424
1342
1404
1372
1381
1424
1376
1422
1373
1309
1345
1588
1388
1416
1452
1453
1473
1425
1465
1378
1534
1421
1354
1469
1498
1441
1505
1563
1446
1492
1437
1431
1381
1416
1518
1468
1508
1418
1445
1677
1506
1495
1569
1495
1450
1590
1546
1470
1527
1510
1571
1567
1501
1567
1549
1695
1563
1623
1687
1618
1593
1591
1579
1670
1618
1614
1592
1580
1615
1627
1673
1661
1623
1647
1647
1633
1668
1654
1723
1696
1677
1686
1629
1699
1637
1711
1677
1722
1577
1713
1595
1734
1694
1837
1787
1762
1746
1802
1815
1685
1779
1780
1682
1738
1788
1836
1836
1837
1906
1847
1800
1800
1836
1959
1823
1816
1969
1801
1941
1787
1768
1865
1967
1957
1921
2117
2006
1926
1979
2019
1980
2041
2067
2069
2012
2141
2072
2027
2057
2116
2134
2019
2077
2094
2047
2206
2073
2165
2211
2129
2176
2286
2291
2250
2273
2328
2264
2204
2232
2389
2198
2227
2284
2376
2313
2283
2335
2332
2375
2248
2303
2470
2366
2442
2456
2441
2558
2472
2501
2517
2628
2594
2701
2703
2481
2667
2593
2693
2663
2467
2781
2683
2704
2704
2679
2765
2821
2839
2699
2853
2905
2814
2908
2799
2733
2905
2925
2990
2965
2955
2916
3054
3091
3039
3040
3097
3174
3121
3281
3163
3157
3344
3242
3351
3300
3360
3328
3393
3306
3359
3481
3546
3620
3541
3540
3626
3537
3745
3578
3565
3628
3783
3798
3778
3845
3915
3830
3927
3900
3947
3700
4129
4120
4070
4150
4126
4231
4206
4141
4195
4254
4261
4261
4301
4145
4456
4438
4467
4594
4543
4608
4594
4714
4834
4759
4755
4722
5013
4777
4956
5020
5029
4983
5062
5329
5087
5343
5364
5280
5447
5541
5462
5488
5692
5669
5480
5691
5594
5740
5794
5834
5828
5881
5930
6045
6145
6204
6038
6105
6436
6329
6337
6439
6235
6354
6326
6634
6509
6639
6600
6845
6804
6761
6964
6782
6792
7046
6904
7101
6891
7167
7255
7176
6971
7329
7208
7318
7248
7304
7398
7391
7425
7480
7533
7636
7469
7680
7758
7529
7558
7594
7636
7739
8018
8007
7688
7718
8028
7843
8037
8007
8247
7935
8193
8186
8080
8186
8078
8045
8087
8131
8355
8087
8197
8046
8164
8153
8247
8114
8389
8261
8334
8549
8411
8311
8151
8404
8154
8198
8323
8248
8267
8217
8121
8160
8218
8190
7951
8062
8148
8260
8003
8142
7983
7885
7958
7820
7834
7819
7770
7734
7517
7706
7756
7428
7627
7640
7372
7431
7352
7381
7519
7417
7480
7365
7572
7351
7213
7208
7108
6940
7040
6876
6997
6806
6667
6784
6735
6600
6620
6598
6511
6383
6245
6330
6349
6266
6327
6065
6208
6096
6051
5866
5840
5998
5896
5785
5814
5861
5619
5571
5462
5448
5655
5448
5357
5268
5379
5225
5178
5033
5052
5150
4925
5026
4781
4888
4673
4778
4664
4777
4762
4500
4532
4462
4360
4302
4269
4262
4302
4192
4174
3886
4161
3798
3959
3753
3876
3860
3786
3796
3621
3602
3534
3488
3266
3460
3205
3252
3283
3285
3121
3168
2940
3089
3072
2983
2954
2834
2766
2755
2833
2849
2817
2675
2561
2582
2533
2526
2735
2539
2464
2321
2503
2412
2441
2377
2235
2254
2188
2141
2088
2138
2137
2062
2119
2036
2076
2021
2025
2006
1992
2010
2038
1955
1927
1872
1907
1872
1910
1830
1880
1761
1849
1819
1803
1684
1796
1737
1638
1745
1662
1701
1603
1681
1586
1686
1646
1543
1434
1651
1670
1564
1487
1606
1526
1526
1543
1629
1446
1544
1571
1423
1515
1411
1486
1466
1438
1392
1419
1510
1422
1444
1433
1391
1356
1308
1463
1373
1432
1399
1340
1379
1399
1332
1362
1357
1277
1325
1318
1323
1406
1375
1275
1249
1324
1275
1367
1322
1504
1431
1327
1257
1297
1400
1278
1321
1246
1243
1359
1166
1308
1354
1351
1296
1321
1309
1220
1385
1308
1253
1269
1297
1319
1256
1275
1325
1254
1238
1251
1261
1225
1273
1252
1237
1292
1357
1211
1269
1259
1255
1165
1271
1328
1280
1153
1161
1227
1237
1295
1381
1216
1204
1350
1164
1283
1332
1190
1193
1148
1195
1246
1330
1161
1228
1285
1208
1133
1258
1207
1324
1227
1202
1174
1238
1253
1317
1205
1235
1142
1198
1205
1238
1275
1277
1156
1137
1214
1307
1183
1211
1184
1230
1397
1225
1350
1393
1277
1253
1197
1281
1175
1296
1218
1166
1206
1122
1069
1109
1217
1349
1221
1248
1223
1366
1245
1318
1242
1086
1303
1340
1147
1202
1105
1082
1162
1116
1207
1190
1283
1183
1286
1188
1229
1263
1176
1209
1259
1230
1088
1273
1188
1226
1162
1096
1187
1211
1165
1270
1217
1238
1269
1180
1186
1292
1139
1148
1189
1231
1259
1180
1089
1185
1222
1283
1206
1202
1173
1130
1287
1257
1336
1310
1235
1228
1272
1276
1241
1177
1205
1122
1111
1175
1254
1107
1125
1169
1220
1193
1253
1239
1246
1268
1408
1260
1306
1321
1321
1184
1299
1287
1087
1045
1210
1161
1233
1162
1126
1200
1243
1185
1177
1144
1267
1311
1260
1197
1297
1220
1166
1193
1206
1174
1239
1270
1099
1161
1166
1229
1263
1119
1155
1147
1210
1266
1151
1123
1168
1219
1181
1150
1149
1156
1175
1227
1271
1286
1161
1236
1293
1220
1242
1336
1326
1255
1241
1255
1256
1148
1236
1146
1183
1168
1105
1084
1148
1097
1255
1203
1241
1252
1180
1131
1262
1172
1162
1210
1235
1214
1166
1275
1153
1116
1060
1221
1270
1205
1160
1156
1193
1251
1202
1171
1229
1132
1246
1241
1205
1085
1163
1241
1159
1176
1166
1176
1220
1174
1195
1256
1326
1199
1255
1256
1193
1212
1212
1275
1155
1147
1158
1159
1278
1115
1194
1183
1142
1152
1249
1199
1152
1165
1199
1223
1221
1166
1222
1237
1210
1198
1273
1193
1154
1183
1234
1120
1172
1218
1187
1260
1147
1150
1281
1222
1207
1169
1207
1292
1223
1080
1222
1103
1227
1147
1209
1255
1240
1183
1202
1351
1329
1278
1309
1190
1181
1251
1131
1197
1151
1211
1271
1198
1240
1052
1235
1336
1192
1287
1283
1339
1293
1311
1183
1213
1143
1178
1098
1096
1164
1153
1167
1185
1165
1159
1251
1195
1280
1356
1281
1259
1207
1115
1235
1263
1300
1220
1245
1090
1097
1172
1128
1203
1212
1165
1164
1233
1193
1198
1266
1248
1329
1149
1333
1183
1206
1169
1262
1152
1065
1232
1225
1204
1213
1176
1198
1167
1164
1232
1196
1146
1224
1202
1180
1213
1200
1221
1229
1215
1114
1220
1173
1306
1203
1207
1226
1149
1267
1218
1209
1252
1157
1166
1295
1143
1096
1213
1282
1200
1222
1268
1211
1226
1243
1149
1227
1116
1227
1184
1256
1285
1147
1202
1216
1160
1141
1302
1192
1187
1202
1180
1248
1157
1157
1143
1234
1201
1209
1264
1203
1245
1226
1302
1092
1114
1172
1150
1382
1220
1133
1143
1116
1182
1119
1209
1142
1174
1136
1148
1154
1110
1217
1198
1177
1224
1242
1251
1215
1168
1212
1182
1121
1233
1212
1188
1293
1190
1167
1175
1106
1256
1113
1164
1070
1213
1175
1235
1291
1262
1166
1140
1195
1172
1128
1197
1131
1133
1094
1251
1181
1149
1225
1305
1255
1180
1230
1347
1317
1241
1291
1217
1182
1165
1133
1124
1209
1159
1192
1229
1214
1172
1199
1186
1272
1198
1242
1171
1228
1316
1230
1248
1207
1147
1156
1200
1119
1214
1167
1103
1152
1178
1183
1149
1254
1128
1193
1174
1227
1230
1273
1110
1095
1181
1193
1216
1228
1267
1096
1085
1102
1186
1242
1215
1146
1230
1320
1192
1159
1151
1292
1252
1120
1210
1248
1226
1168
1178
1148
1208
1190
1211
1241
1221
1184
1211
1183
1144
1212
1316
1223
1254
1237
1270
1285
1205
1114
1250
1176
1213
1139
1168
1176
1279
1175
1173
1172
1260
1242
1228
1247
1339
1161
1155
1213
1308
1173
1114
1136
1294
1113
1296
1195
1199
1181
1216
1229
1245
1211
1237
1246
1150
1245
1246
1303
1258
1251
1205
1143
1168
1143
1132
1170
1130
1248
1283
1246
1149
1151
1174
1173
1206
1166
1218
1208
1150
1231
1300
1256
1176
1118
1167
1263
1103
1110
1236
1279
1323
1220
1248
1255
1213
1207
1172
1251
1219
1157
1216
1176
1284
1235
1232
1098
1241
1324
1053
1167
1181
1206
1242
1243
1223
1243
1078
1266
1265
1255
1235
1267
1232
1253
1109
1266
1189
1149
1226
1170
1144
1102
1078
1283
1298
1296
1257
1257
1297
1220
1193
1150
1170
1200
1206
1241
1333
1190
1135
1254
1199
1207
1266
1260
1128
1233
1174
1092
1202
1131
1208
1085
1250
1249
1219
1213
1170
1111
1165
1269
1215
1188
1222
1265
1235
1264
1218
1275
1183
1204
1285
1111
1214
1202
1235
1164
1125
1209
1155
1188
1276
1155
1183
1159
1308
1206
1195
1291
1210
1219
1149
