1459
1457
1406
1539
1394
1605
1434
1551
1452
1565
1440
1519
1440
1359
1545
1553
1417
1377
1552
1636
1448
1468
1531
1484
1435
1400
1546
1526
1477
1525
1416
1517
1558
1499
1558
1515
1516
1487
1490
1491
1439
1469
1480
1481
1497
1398
1480
1492
1592
1476
1432
1542
1513
1572
1553
1467
1495
1467
1537
1459
1399
1480
1456
1514
1484
1549
1558
1622
1535
1491
1457
1510
1483
1530
1476
1427
1368
1510
1474
1534
1469
1433
1582
1515
1512
1487
1523
1574
1494
1518
1457
1560
1399
1534
1562
1498
1516
1495
1515
1530
1472
1526
1483
1508
1476
1453
1558
1501
1559
1412
1376
1451
1485
1541
1585
1540
1509
1443
1478
1515
1453
1499
1464
1485
1581
1532
1498
1579
1522
1491
1478
1521
1466
1524
1512
1463
1468
1475
1600
1501
1471
1463
1536
1594
1469
1455
1460
1530
1555
1502
1471
1522
1589
1460
1545
1567
1472
1424
1436
1489
1528
1646
1564
1580
1406
1469
1439
1503
1564
1474
1497
1471
1439
1585
1426
1377
1552
1506
1548
1444
1527
1446
1498
1461
1551
1609
1536
1450
1523
1456
1540
1602
1529
1529
1510
1551
1398
1612
1468
1484
1538
1517
1552
1502
1383
1571
1447
1490
1546
1553
1494
1444
1492
1544
1506
1530
1556
1496
1574
1519
1520
1567
1585
1476
1492
1577
1534
1537
1446
1471
1577
1527
1515
1531
1547
1569
1457
1375
1451
1535
1529
1494
1509
1561
1516
1677
1450
1504
1508
1509
1469
1565
1474
1512
1499
1490
1582
1526
1566
1600
1641
1527
1533
1529
1491
1464
1537
1570
1568
1460
1538
1561
1514
1578
1553
1517
1571
1592
1518
1583
1595
1437
1559
1540
1487
1503
1545
1391
1498
1539
1483
1509
1490
1501
1522
1538
1640
1641
1499
1579
1585
1590
1607
1551
1595
1550
1441
1596
1521
1499
1540
1482
1525
1574
1542
1585
1459
1505
1500
1615
1527
1540
1632
1618
1615
1634
1597
1598
1538
1549
1537
1569
1655
1592
1543
1535
1592
1648
1632
1714
1570
1554
1691
1600
1583
1751
1636
1653
1592
1596
1498
1667
1600
1681
1673
1621
1567
1634
1615
1668
1632
1533
1568
1608
1555
1564
1659
1652
1633
1562
1582
1670
1522
1613
1805
1575
1642
1639
1606
1709
1701
1658
1628
1690
1650
1618
1579
1698
1687
1636
1609
1766
1682
1621
1668
1557
1698
1684
1755
1677
1716
1699
1691
1682
1690
1644
1729
1713
1647
1771
1730
1611
1730
1638
1587
1698
1717
1632
1526
1698
1556
1656
1667
1682
1696
1623
1728
1639
1866
1732
1646
1721
1695
1689
1772
1738
1672
1713
1664
1818
1752
1707
1709
1736
1643
1722
1736
1706
1969
1709
1795
1774
1755
1722
1704
1715
1750
1772
1763
1803
1724
1748
1816
1824
1799
1816
1683
1768
1668
1798
1777
1825
1783
1705
1772
1723
1881
1793
1720
1809
1795
1849
1767
1707
1802
1796
1804
1765
1755
1757
1839
1742
1802
1752
1676
1762
1790
1751
1779
1815
1875
1770
1922
1686
1850
1809
1918
1750
1820
1853
1742
1872
1864
1809
1868
1897
1870
1736
1871
1686
1723
1772
1871
1749
1801
1779
1842
1867
1790
1939
1869
1833
1896
1898
1878
1844
1839
1847
1981
1932
1828
1872
1862
1882
1916
1875
1906
1848
1926
1796
1909
1933
1742
1886
1830
1922
1806
1918
1973
1869
1843
1906
1774
1732
1948
1877
1904
1901
1936
1799
1865
1942
1911
1858
1927
1982
1980
1921
1869
1982
1980
1977
1888
1904
1976
1941
1909
1912
2024
1963
1989
2058
1985
1888
1967
1994
1954
1992
1942
1999
1944
2005
1960
1841
1909
2071
1975
1980
1938
1976
1932
1952
2031
2055
2106
1997
1998
1931
2092
2050
2055
1991
2031
1985
1979
2036
1978
2016
1991
2130
1978
2182
1975
1911
2110
2066
2026
2149
2112
2056
2041
2047
2128
2039
2164
2130
2164
2005
2116
2136
2044
1962
2079
2073
2134
2039
2184
2066
2161
2091
2074
1996
2082
2038
2073
2128
2161
2141
2065
2168
2073
2061
2123
2198
1998
2243
2117
2031
2031
2072
2176
2081
2169
2033
2170
2194
2168
2227
2113
2126
2277
2200
2141
2206
2145
2153
2234
2228
2170
2085
2235
2280
2243
2248
2183
2270
2250
2270
2176
2286
2155
2199
2247
2366
2308
2173
2198
2322
2292
2256
2263
2317
2294
2381
2198
2334
2289
2223
2242
2222
2227
2229
2131
2484
2245
2238
2255
2365
2357
2189
2267
2426
2280
2374
2308
2311
2425
2375
2340
2329
2333
2270
2363
2310
2293
2398
2308
2390
2387
2350
2413
2388
2509
2470
2387
2360
2411
2429
2434
2450
2358
2323
2414
2409
2378
2504
2503
2494
2456
2561
2487
2445
2562
2459
2450
2444
2509
2450
2504
2522
2493
2483
2436
2496
2497
2477
2573
2600
2583
2563
2573
2480
2568
2517
2468
2569
2578
2583
2556
2570
2682
2517
2622
2592
2641
2753
2551
2578
2668
2569
2679
2622
2613
2604
2661
2691
2734
2744
2669
2611
2686
2746
2676
2568
2681
2790
2589
2737
2752
2702
2622
2677
2589
2648
2688
2737
2823
2767
2801
2653
2616
2564
2728
2814
2771
2909
2664
2662
2788
2796
2820
2777
2800
2805
2847
2832
2816
2905
2714
2853
2880
2809
2720
2963
2856
2883
2951
2911
2876
2842
2887
2825
2908
2953
2924
2869
2934
2990
2958
2966
2987
2912
2961
2890
2888
2933
2911
2987
3005
2995
3087
3189
3043
3091
3007
3071
3074
3221
3135
3027
3136
3036
3048
3119
3143
3200
3237
3157
3142
3237
3248
3349
3191
3334
3184
3361
3280
3253
3324
3304
3277
3418
3411
3370
3391
3378
3372
3374
3424
3374
3231
3413
3499
3371
3507
3535
3431
3588
3344
3364
3565
3470
3508
3576
3542
3674
3581
3738
3781
3629
3672
3743
3731
3672
3903
3846
3804
3639
3858
3819
3900
3872
3917
3690
3883
4007
3892
3816
4071
3972
3884
4063
3937
4005
4040
4084
3971
4085
4121
4103
4067
4300
4100
4162
4219
4100
4274
4190
4253
4310
4231
4289
4252
4311
4291
4354
4361
4274
4380
4381
4463
4460
4661
4462
4395
4480
4632
4631
4501
4596
4530
4586
4712
4599
4632
4708
4804
4768
4781
4817
4925
5046
4888
4886
4920
4965
4924
5005
4949
5018
5038
5053
5242
5094
5114
5150
5078
5135
5200
5264
5194
5273
5356
5536
5320
5406
5346
5354
5570
5452
5478
5748
5495
5522
5511
5639
5692
5742
5672
5644
5595
5745
5867
5861
5728
5853
5854
5722
5946
5711
5947
5877
5916
5859
6100
6125
6173
6258
6178
6248
6253
6248
6252
6348
6340
6414
6387
6363
6502
6462
6430
6459
6685
6679
6749
6638
6530
6594
6692
6694
6848
6712
6852
6767
6928
6839
6921
6943
6785
6994
6982
7100
7071
7183
7150
7148
7256
7210
7176
7389
7293
7377
7402
7264
7324
7365
7574
7419
7243
7544
7511
7465
7745
7704
7628
7709
7922
7996
7716
7815
7817
7932
7855
7855
7877
7807
7929
7969
7788
8114
7991
8034
8065
8093
8134
8209
8344
8044
8205
8295
8288
8085
8370
8450
8359
8365
8480
8579
8422
8586
8462
8472
8691
8600
8549
8672
8410
8564
8748
8819
8685
8652
8698
8594
8961
8850
9133
9117
8882
8742
8986
8919
8997
9080
9049
9028
9236
9053
9142
9248
9118
9166
9245
9338
9286
9402
9443
9275
9335
9302
9669
9696
9546
9504
9720
9758
9767
9730
9924
9668
9861
9900
9792
10008
9894
9819
9938
9800
9984
9756
9780
10142
10239
9945
10072
10080
10171
9898
9964
9941
10203
10239
10292
10014
10305
10264
10282
10351
10426
10407
10296
10509
10642
10570
10351
10617
10310
10418
10637
10444
10552
10436
10278
10639
10679
10619
10941
10621
10761
10520
10655
10548
10712
10488
10827
10873
11051
10673
10696
10938
10872
10606
10895
10867
10799
10845
10967
11026
10817
10996
11130
10800
10942
10959
10872
10802
10952
10762
11051
10719
10865
11245
11064
11101
11070
11069
10956
11252
11067
11029
10981
11022
10949
10698
10938
10862
10784
10746
10970
10823
10690
11053
10925
11044
10910
10742
10598
10646
10828
10736
10795
10763
10422
10577
10690
10584
10573
10681
10688
10755
10673
10560
10522
10468
10458
10438
10562
10336
10561
10458
10334
10301
10490
10496
10337
10185
10263
10373
10497
10140
10141
10388
10322
10107
10123
10164
10006
10133
10312
10014
10128
9900
10008
9976
10058
9892
9770
9736
9881
9626
9940
9704
9766
9671
9738
9626
9760
9705
9676
9480
9600
9525
9609
9498
9647
9552
9426
9540
9475
9270
9507
9446
9531
9280
9230
9248
9286
8966
9224
9083
9204
9176
9196
9236
9019
9108
8879
8949
9123
8741
9006
8950
8942
8732
8998
8930
9062
8710
8826
8804
8630
8676
9010
8778
8691
8749
8838
8540
8498
8722
8713
8491
8608
8531
8539
8526
8421
8465
8342
8283
8239
8567
8338
8357
8226
8244
8230
8380
8108
8316
8114
8322
8270
8251
8245
8230
8077
8042
7894
7855
8074
8121
7931
7971
7835
7813
8123
7936
7892
8122
7812
7743
7899
7657
7639
7822
7719
7730
7670
7694
7631
7485
7516
7492
7720
7402
7435
7520
7490
7614
7292
7530
7301
7294
7356
7442
7432
7239
7354
7367
7414
7311
7353
7331
7428
7260
7402
7262
7113
7261
7240
7018
7221
7291
7203
7085
7325
6945
7015
6982
7002
7189
7029
7141
7146
7018
6990
6819
7027
6956
6824
6978
6948
7037
6772
6850
6968
6690
6623
6952
6492
6798
6758
6734
6661
6637
6625
6343
6630
6637
6601
6523
6484
6637
6415
6541
6701
6470
6622
6419
6333
6316
6386
6575
6526
6440
6609
6609
6434
6273
6366
6143
6384
6428
6390
6267
6335
6215
6272
6331
6226
6409
6375
6250
6243
6052
6188
6114
6194
6106
6107
5963
5969
6144
5957
6110
5979
5908
6067
5960
6042
6002
6037
6042
6208
5892
5987
5910
5865
6021
6021
6053
5969
5691
5851
5837
5877
5876
5796
5814
5832
5678
5608
5851
5865
5771
5659
5876
5689
5641
5655
5596
5660
5595
5777
5498
5562
5459
5666
5633
5649
5508
5604
5612
5553
5538
5573
5387
5395
5473
5293
5359
5476
5371
5345
5388
5338
5310
5313
5413
5378
5326
5351
5319
5135
5209
5289
5373
5329
5220
5224
5245
5128
5165
5164
5117
5014
5141
5123
5092
5131
5111
5175
5158
4909
4884
5034
4853
4958
4829
4876
4810
4772
4836
4898
4944
4768
4860
4841
4780
4739
4858
4869
4652
4582
4888
4770
4598
4730
4648
4651
4628
4778
4680
4673
4486
4566
4542
4581
4621
4537
4529
4593
4571
4705
4526
4485
4446
4563
4547
4317
4584
4497
4558
4372
4464
4273
4339
4324
4381
4296
4441
4344
4331
4243
4360
4489
4506
4268
4328
4275
4306
4277
4404
4359
4578
4237
4277
4401
4485
4452
4329
4213
4398
4310
4193
4298
4341
4315
4251
4282
4332
4317
4381
4361
4211
4215
4188
4141
4292
4305
4425
4319
4225
4244
4324
4223
4182
4131
4202
4181
4328
4235
4153
4226
4143
4211
4135
4118
4200
4253
4158
4228
4007
4205
4209
4146
4215
4315
4283
4118
4158
4153
4199
4209
4268
4183
4163
4184
4205
4164
4084
3995
4194
4094
4145
4039
4195
4150
4133
4005
4182
4142
4165
4137
4092
4260
4076
4305
4144
4117
4177
4234
4068
4212
4154
4089
4193
4154
4178
4148
4096
4203
4080
4235
4201
4084
4069
4113
4297
4166
4195
4118
4052
4206
4232
4226
4131
4084
4189
4272
4120
4075
4185
4196
4141
4317
4256
4194
4123
4148
4092
4181
4273
4183
4021
4169
4285
4126
3985
4258
4301
4068
4180
4113
4265
4153
4186
4254
4204
4234
4224
4143
4168
4121
4150
4103
4026
4253
4139
4375
4142
4279
3991
4174
4271
4192
4171
4142
4251
4174
4177
4140
4055
4107
4246
4098
4171
4181
4223
4160
4220
4285
4152
4222
4330
4132
4113
4289
4190
4196
4209
4101
4296
4159
4172
4198
4114
4177
4300
4250
4300
4155
4159
4254
4120
4185
4211
4070
4258
4125
4184
4301
4178
4119
4090
4244
4451
4300
4309
4126
4110
4290
4099
4250
4240
4109
4112
4084
4215
4271
4021
4057
4157
4098
4121
4173
4328
4297
4118
4224
4116
4133
4088
4280
4233
4087
4284
4164
4267
4073
4208
4193
4079
4101
4023
4191
4160
4209
4217
4135
4188
4141
4007
4154
4069
4094
4142
4051
4088
4203
4074
4420
4194
4174
4107
4053
4110
4202
4124
4078
3974
4164
4141
4124
4146
4005
4020
4051
4040
4181
4096
4161
4011
4093
3995
4196
4026
4063
4075
4076
4097
4098
4027
4089
4062
3917
4121
3922
4140
4052
4256
4106
3951
3983
4053
3938
4084
4028
3869
3925
4054
3929
3964
4175
4053
4090
4101
4100
4051
4086
4054
4066
3915
4028
4026
4081
3938
4006
4123
4190
4143
4112
4007
4098
4081
3972
4102
3962
3984
4244
4050
4186
4098
4097
4124
4098
4117
4053
4124
4048
4118
4112
3978
4145
4188
4133
4025
4123
4093
4175
4110
4219
4151
4012
4045
4068
4088
4149
4243
4333
4233
4118
4238
4256
4294
4344
4346
4285
4224
4262
4282
4538
4174
4300
4367
4289
4397
4391
4578
4642
4491
4511
4621
4472
4563
4580
4781
4738
4616
4693
4651
4654
4680
4751
4762
4843
4854
4858
4987
4797
4984
4814
4968
5087
5221
5262
5156
5053
5283
5168
5295
5167
5230
5301
5189
5329
5288
5341
5343
5448
5530
5481
5501
5460
5367
5504
5602
5613
5653
5749
5767
5816
5795
5862
5872
5780
5948
5933
5722
6089
6143
6091
6013
6133
5972
6154
6182
6031
6255
6191
6254
6273
6447
6406
6389
6260
6469
6628
6610
6623
6647
6599
6488
6651
6589
6664
6755
6715
6703
6899
6878
7017
6901
6928
7213
7008
6939
7147
7112
7253
7339
7154
7192
7083
7176
7298
7267
7482
7486
7470
7793
7466
7435
7435
7864
7578
7944
7775
7717
7847
7784
8034
7958
8008
8000
8050
7818
8117
8206
8321
8368
8493
8117
8325
8141
8637
8563
8630
8520
8632
8508
8523
8537
8749
8434
8734
8586
8770
8874
8961
9041
9285
9242
9048
9337
9194
9511
9290
9153
9575
9477
9533
9396
9717
9711
9836
10049
9890
9759
9649
10064
9556
9766
9778
9788
10227
10058
10412
10368
10229
10506
10355
10538
10621
10710
10796
10866
10872
10947
11174
10922
11054
11112
10963
11126
11281
11190
11535
11413
11473
11805
11648
11810
11628
11779
11760
11765
11895
12181
12363
12238
12279
12398
12487
12394
12744
12660
12892
12708
12804
13133
13108
12818
13100
13284
13339
13346
13757
13597
13692
13682
14058
13681
14311
14008
14170
14215
14577
14484
14454
14785
14673
14887
15072
15188
15338
15213
15215
15421
15508
15733
15816
16004
15984
16186
16358
16658
16538
16562
16874
17197
16835
16921
17368
17262
17201
17690
17885
17851
18214
18141
18178
18565
18672
18852
18944
19374
19496
19340
19785
19714
20090
20263
20413
20549
20903
20814
21171
21492
21761
21790
22218
22731
22863
23012
23454
23704
24274
24516
24634
24960
25115
25404
25908
26308
26376
26261
26884
26440
27350
27096
27466
27447
27580
27378
27567
27858
27996
28138
28568
28186
28474
28552
28537
28543
29076
29288
29355
29414
29384
29609
29858
30043
29913
29897
29989
29908
30210
30177
30437
30427
30602
30646
30534
30823
30519
30646
30722
31019
30976
31236
30541
30878
31282
30836
30772
31321
30916
31397
31207
31588
30967
31415
31435
31502
31389
31328
30946
31520
31157
31536
31320
31546
31423
31677
31484
31288
31476
31630
31318
31405
31534
31380
31768
31783
31572
31274
31420
31469
31300
31510
31620
31178
31654
31339
31546
31557
31282
31494
31436
31466
31437
31186
31629
30999
31285
31288
31301
31614
31300
31115
31502
31412
31067
31371
31396
31074
31285
30889
30728
31220
31080
31190
31547
31352
30818
31160
30886
30772
30943
30189
30283
30168
30474
30007
29830
29744
29674
29410
29614
29460
29735
29498
29876
29615
29812
30164
30178
29930
29876
29908
29920
30269
30326
29901
30202
29866
30202
29766
30168
29674
29904
29440
29366
29322
29760
29692
29570
29966
29385
29570
29659
29177
29552
29575
29712
29339
29672
29672
29440
29220
29434
29355
29376
29242
29031
29030
29317
28829
28928
28675
29135
28444
28596
28693
28756
28446
28160
27904
28208
28212
27845
27792
27412
27741
27550
26917
27310
27076
26646
26932
26847
27090
27386
27706
27130
27596
27204
27414
27487
27269
27242
27349
27357
27100
27346
26828
26522
26306
25991
26089
25892
25496
25332
25196
24970
25320
25217
25465
25780
25660
25962
25876
25512
25940
25428
25944
25803
25787
25900
25517
25325
25374
25168
25025
24633
24788
24633
24644
24765
24666
24628
24494
24820
24489
24235
23956
23722
23500
23638
23551
23374
22983
23343
23049
23533
23213
23364
23174
22965
23222
22951
22933
23093
23232
22720
22888
22717
22784
22792
23160
22751
22721
22532
22555
22280
22408
22600
21716
22221
22630
22582
22212
21906
22180
22156
21814
22065
21439
21426
21444
21504
20996
21189
21438
20996
20997
21061
20768
20752
20715
20564
20442
20276
20088
19924
20234
20058
19771
19794
19592
19845
19881
19678
19900
19931
19558
19796
19576
19500
19310
19157
19101
19413
19268
18893
19226
19146
18593
18885
18566
18681
18644
18329
17864
18101
18078
18403
18039
18029
17829
17868
17740
17704
17483
17296
17329
17400
17334
16845
17017
16921
16902
16514
16522
16701
16580
16296
16204
16484
16036
15966
15801
15669
15647
15463
15769
15289
15441
15160
14942
15021
14722
14902
14633
14952
14762
14758
14750
14318
14427
14098
13888
13865
13524
13689
13590
13814
13530
13383
13346
13294
13404
13249
13194
13122
13033
12844
12739
12613
12674
12684
12593
12388
12251
12316
12121
11928
12085
11985
11936
11693
11856
11492
11397
11481
11375
11026
11216
11010
10995
11037
10654
10822
10568
10751
10373
10300
10643
10240
9880
10120
10067
10090
10030
9615
9820
9413
9767
9481
9410
9404
9204
9010
8942
9053
8952
8868
8770
8718
8672
8796
8621
8589
8442
8570
8111
8280
8058
8222
8068
7868
8088
8020
7881
7834
7694
7577
7604
7395
7376
7140
7065
7350
7212
7110
7045
7001
7038
6841
6739
6893
6736
6631
6477
6458
6510
6641
6324
6378
6249
6428
6249
6148
6203
5989
5994
6063
5889
5834
5805
5709
5848
5634
5677
5619
5699
5655
5503
5571
5581
5295
5423
5391
5247
5073
5362
5245
5344
4955
5145
5042
5092
5149
5058
4974
4981
4790
4991
4835
4829
4832
4743
4820
4730
4863
4745
4797
4686
4569
4606
4738
4533
4591
4558
4429
4460
4385
4385
4189
4390
4225
4226
4255
4117
4161
4094
4018
3953
3906
3820
4009
3671
3828
3699
3702
3730
3621
3690
3581
3424
3597
3496
3326
3105
3293
3282
3178
3099
3117
3017
3034
2921
2953
2941
2799
2786
2771
2696
2604
2619
2568
2491
2602
2366
2369
2524
2353
2474
2315
2511
2390
2248
2441
2308
2258
2126
2132
2171
2352
2302
2413
2220
2215
2186
2263
2262
2107
2219
2253
2210
2188
2227
2138
2219
2250
2219
2325
2189
2190
2191
2120
2049
2200
2030
2126
2246
2147
2192
2201
2268
2286
2075
2151
2152
2258
2195
2231
2213
2263
2170
2086
2229
2232
2137
2033
2187
2186
2216
2110
2262
2288
2285
2258
2198
2196
2209
2306
2096
2170
2197
2218
2141
2228
2004
2183
2221
2232
2192
2202
2348
2281
2123
2165
2125
2056
2021
2156
2170
2106
2133
2135
2154
2150
2082
2134
2091
2228
2070
2163
2173
2192
2213
2153
2128
2163
2170
2019
2057
2062
2171
2061
2094
2074
2096
2248
2096
2127
2032
2124
2148
2106
2067
2124
2113
2109
2094
2077
2147
2020
2092
2054
2001
2073
2110
2169
2087
2088
2110
1997
2056
1941
2129
2170
2071
2186
2113
2083
2118
2088
2024
2097
1995
2161
2062
2067
1987
2039
2033
2137
2099
2063
2164
2013
2138
2002
2131
1969
2077
2069
2026
2070
2100
2096
2052
2132
2079
2083
2077
2037
2074
1979
2022
2038
2098
2143
2132
2062
2093
2089
2103
2061
2078
2091
2067
2097
2086
1960
2116
2030
2128
2048
1967
1929
2013
2147
2043
1996
1975
2038
1972
2147
2039
1977
2052
1980
2011
1940
2060
2088
2196
2034
2048
2040
2003
2047
2028
2058
2097
2075
1990
2122
2073
2075
2100
2078
2077
2055
1997
1932
1948
2037
1948
1960
1967
2007
1933
1928
1995
1975
1988
1960
2043
1953
1964
2064
1963
2130
2099
2100
2047
2094
2026
2148
1920
2049
1935
1995
2041
2127
1995
1974
2044
1949
2061
1900
1946
1972
1876
1974
2014
1922
2002
2047
2057
1966
2112
1955
2121
2067
1997
1964
2000
1968
1928
1937
1953
2122
1958
2000
2028
2012
1936
1943
2053
1984
1987
2017
1939
2046
1961
1913
1894
2048
1870
1973
1976
2045
1924
2110
2043
2051
2027
2002
2059
2053
1943
1959
2004
1986
2021
1903
1938
1874
1958
1961
1986
2020
2054
1978
1978
1880
1979
1979
1884
2039
1863
1995
1987
1964
1986
2046
2014
2005
1994
2032
2022
2035
1983
1972
2086
1974
2001
1906
1869
1960
2031
1951
1835
2016
1972
1822
1940
1945
1992
1963
1991
1917
1892
2037
1973
1879
1954
2007
1868
2009
2021
1986
1990
1993
1903
1915
1925
1953
1910
1985
1949
1942
2068
1905
1921
1992
1968
1872
1957
2016
1935
2019
1993
1976
2021
1918
2042
1925
2074
1983
1918
2000
2031
1990
2009
1985
1966
1941
1953
1985
1902
1936
1935
1908
1882
2001
1940
1910
1890
1943
1888
1965
1964
1995
1910
1902
1800
2057
1955
2039
2004
1847
1931
1951
1944
1849
1943
1789
1904
2038
1932
1879
1929
1991
1833
2027
1972
1882
2050
2016
1928
2041
1974
1917
1956
1998
1949
1879
1961
1952
1910
1921
1907
1968
1971
1940
1993
1948
1911
2015
1845
1911
1874
1927
1891
2022
1903
1826
2008
1939
1892
1880
1994
1921
2001
1867
1865
1916
1962
1924
1870
1913
1860
1860
1896
1829
1870
1928
1768
1844
1965
1897
1993
2030
1907
1887
1898
1982
1879
1850
1884
1901
1875
1915
1852
1940
1939
1869
1927
1755
1854
1941
1921
2050
1904
1872
1812
1992
1886
1928
1924
1990
1858
1905
1928
1946
1880
1967
1977
1895
1874
