1424
1501
1559
1496
1478
1484
1524
1453
1491
1504
1629
1530
1534
1541
1458
1503
1510
1463
1500
1552
1569
1493
1552
1601
1599
1459
1563
1538
1432
1494
1459
1493
1496
1592
1535
1444
1535
1558
1457
1601
1589
1650
1521
1584
1502
1616
1541
1528
1482
1493
1517
1561
1563
1501
1539
1532
1552
1583
1577
1524
1558
1565
1562
1421
1439
1528
1424
1443
1463
1534
1446
1577
1466
1472
1554
1513
1590
1563
1456
1453
1458
1539
1602
1521
1558
1586
1500
1618
1466
1498
1421
1585
1540
1558
1482
1636
1526
1518
1584
1546
1580
1569
1525
1494
1518
1510
1424
1474
1597
1600
1564
1681
1532
1550
1492
1597
1480
1487
1610
1354
1564
1534
1506
1533
1560
1568
1471
1657
1563
1526
1571
1509
1546
1534
1622
1505
1544
1493
1554
1458
1512
1460
1521
1530
1433
1570
1651
1521
1456
1568
1577
1570
1507
1631
1508
1571
1535
1630
1635
1546
1581
1626
1444
1547
1546
1584
1538
1636
1546
1564
1573
1517
1571
1618
1400
1557
1465
1563
1461
1548
1575
1577
1474
1525
1556
1580
1562
1513
1471
1523
1541
1568
1529
1540
1624
1547
1588
1598
1561
1669
1482
1573
1476
1535
1526
1501
1574
1576
1513
1651
1582
1592
1538
1615
1517
1480
1555
1534
1584
1528
1541
1531
1635
1513
1594
1662
1641
1577
1598
1458
1576
1606
1615
1498
1552
1651
1476
1578
1582
1622
1628
1629
1697
1565
1562
1687
1543
1636
1605
1618
1532
1540
1596
1489
1451
1541
1603
1585
1579
1607
1543
1572
1712
1565
1596
1678
1678
1518
1600
1558
1588
1508
1610
1554
1517
1442
1651
1533
1535
1519
1563
1560
1577
1643
1606
1533
1656
1547
1647
1651
1500
1610
1648
1496
1621
1577
1605
1579
1699
1621
1580
1566
1622
1648
1719
1624
1575
1563
1619
1664
1602
1648
1611
1529
1630
1585
1679
1557
1671
1604
1649
1644
1579
1707
1596
1684
1570
1662
1680
1557
1597
1536
1646
1659
1558
1654
1672
1742
1676
1616
1676
1703
1654
1676
1603
1749
1786
1724
1671
1564
1683
1718
1699
1716
1629
1621
1764
1806
1739
1764
1707
1715
1749
1732
1661
1773
1782
1708
1607
1694
1711
1699
1656
1720
1666
1709
1756
1700
1800
1745
1669
1731
1661
1729
1697
1734
1605
1786
1643
1798
1685
1739
1710
1642
1713
1672
1736
1827
1742
1773
1759
1719
1769
1879
1723
1782
1754
1735
1754
1804
1730
1737
1705
1763
1717
1748
1685
1761
1749
1665
1724
1728
1772
1791
1846
1838
1730
1792
1770
1831
1772
1761
1848
1739
1798
1768
1819
1725
1717
1881
1808
1816
1776
1822
1697
1871
1787
1739
1806
1842
1839
1925
1831
1853
1780
1877
1725
1803
1833
1893
1828
1731
1804
1848
1798
1903
1823
1849
1902
1955
1925
1839
1851
1908
1783
1971
1833
1881
1888
1877
1879
1939
1796
1899
1929
1810
1968
1876
1979
1855
1924
1914
1939
1867
1948
1874
1924
1898
1925
1902
1822
1977
1849
1919
1835
1954
1883
1933
1838
2000
2018
1914
1912
1871
1943
1890
1940
1927
1878
1899
1894
1991
1999
1876
2019
2002
1902
1930
1975
2035
1936
2041
2063
1944
1950
1937
2084
1904
1970
2004
1922
2092
1951
1935
1914
1935
2008
2015
2054
1998
2055
2012
1964
2003
1976
1968
1975
2034
1988
1972
2058
2041
1997
2070
2036
2103
1925
2078
2013
2045
1872
2142
2036
2119
2092
2055
1986
1996
2041
2028
2078
2034
2025
2001
2013
1941
2068
2053
2005
2047
2122
2068
2074
2119
2089
2193
2105
2134
2053
2020
2168
2112
2057
2036
2047
2027
2095
2047
2042
2048
2115
2140
2141
2150
2107
2075
2115
2162
2155
2007
2178
2197
2067
2169
2145
2110
2055
2041
2088
2075
2220
2044
2221
2232
2213
2246
2117
2280
2256
2195
2294
2252
2076
2259
2186
2249
2098
2142
2167
2148
2256
2233
2187
2158
2265
2246
2200
2303
2336
2193
2211
2223
2334
2178
2182
2125
2218
2275
2310
2360
2251
2344
2264
2314
2344
2330
2347
2381
2322
2241
2310
2342
2230
2398
2307
2322
2356
2294
2343
2346
2297
2362
2407
2453
2321
2218
2368
2215
2416
2327
2339
2317
2418
2371
2322
2473
2351
2474
2411
2538
2410
2454
2424
2357
2444
2437
2437
2480
2390
2432
2372
2334
2389
2373
2461
2433
2425
2415
2377
2478
2491
2451
2427
2417
2620
2519
2584
2400
2479
2520
2560
2625
2535
2474
2436
2573
2574
2556
2657
2650
2468
2598
2624
2528
2537
2594
2439
2449
2724
2615
2577
2570
2637
2502
2728
2634
2623
2749
2609
2624
2516
2697
2680
2707
2584
2684
2775
2825
2696
2713
2551
2702
2562
2644
2633
2814
2692
2699
2710
2778
2744
2756
2844
2673
2806
2623
2807
2770
2702
2669
2787
2752
2700
2746
2694
2844
2762
2789
2850
2723
2895
2923
2821
2817
2807
2822
2808
2831
2981
2945
2913
2811
2758
2810
2922
2730
2993
2938
2907
2869
2932
3023
2923
2893
2940
2943
2934
2820
2946
2853
3027
2905
2886
2986
2998
2972
2925
2982
3051
2951
3021
3047
2888
3145
3062
3090
3047
3051
3199
3005
2932
3061
3121
3059
3149
3023
3098
3174
3170
3139
3126
3092
3269
3092
3029
3100
3133
3064
3310
3128
3212
3213
3258
3209
3301
3310
3185
3238
3196
3269
3293
3084
3267
3308
3271
3303
3248
3212
3389
3355
3431
3362
3264
3290
3484
3486
3448
3497
3382
3447
3510
3398
3489
3377
3403
3581
3556
3567
3686
3514
3522
3588
3623
3632
3586
3661
3661
3464
3599
3735
3662
3504
3590
3678
3759
3770
3716
3807
3631
3818
3954
3796
3948
3752
3764
3833
3958
3823
3878
3903
3972
4007
4027
4036
3963
3956
3909
4020
4114
4041
4097
4217
4049
4119
4066
4166
4173
4158
4333
4306
4179
4166
4170
4203
4271
4517
4374
4241
4458
4651
4302
4544
4568
4386
4452
4482
4519
4572
4632
4763
4749
4613
4671
4597
4683
4652
4793
4667
4848
4741
4790
4755
4953
4943
4940
4955
4831
5049
5003
5120
4961
4812
5110
5090
5107
5197
5116
5254
5237
5264
5209
5186
5291
5334
5391
5356
5515
5385
5569
5366
5558
5622
5748
5417
5544
5479
5497
5604
5674
5626
5861
5816
5858
5784
5811
5871
5948
5754
5953
5995
5862
6050
6026
6097
6226
6010
6107
6202
6037
6219
6189
6148
6312
6393
6369
6539
6530
6505
6594
6453
6744
6517
6690
6671
6486
6891
6724
6590
6860
6876
6958
6792
7015
7028
7005
7061
7097
7080
7045
7156
7173
7201
7180
7268
7291
7272
7415
7377
7437
7447
7472
7455
7428
7502
7568
7672
7529
7625
7735
7943
7820
7980
7834
7887
7865
7892
7879
7755
7833
8000
7953
8022
7944
8277
8317
8114
8245
8404
8445
8451
8093
8252
8539
8687
8441
8448
8506
8450
8492
8669
8557
8766
8876
8875
8921
8682
8782
9005
9050
8782
9139
9108
8853
9040
9037
9170
9165
9147
9299
9160
9275
9423
9257
9375
9641
9495
9518
9129
9561
9498
9314
9462
9725
9408
9947
9849
9869
10026
9783
9922
9884
9801
9913
9792
9942
10095
10283
10123
10103
10053
10180
10044
10235
10294
10370
10650
10308
10477
10369
10501
10668
10440
10713
10551
10662
10568
10628
10806
10807
11016
10745
10816
10957
10960
10960
10886
10936
10985
11067
11122
11104
11243
11213
11275
11256
11172
11127
11174
11242
11373
11299
11170
11335
11470
11493
11622
11549
11622
11692
11735
11548
11808
11879
11589
11742
11690
11724
11789
11805
11812
12070
11998
12094
11966
11986
12119
12289
11972
12045
12182
12092
12177
12125
12121
12426
12406
12470
12074
12644
12304
12586
12480
12326
12464
12497
12546
12423
12531
12476
12464
12583
12681
12780
12971
12801
12689
12681
12546
12444
12938
12803
12656
12826
12806
12834
12725
12975
12917
12782
12842
12707
12906
12673
12808
12928
12950
13254
12958
12779
12910
12758
12962
12956
12612
12813
12733
12618
12702
12918
12801
12758
12705
13011
13228
12865
12984
12918
12750
12781
12503
12644
12861
12508
12820
12701
12781
12684
12517
12505
12694
12727
12465
12757
12642
12640
12482
12529
12581
12439
12482
12444
12433
12226
12307
12232
12261
12236
12422
12225
12308
11999
11972
12127
12149
12002
12237
11954
12097
11915
11979
11942
11838
11529
12122
11556
12007
11900
11949
11588
11654
11681
11620
11588
11673
11688
11333
11743
11456
11500
11572
11404
11183
11388
11594
11427
11092
11316
11206
11021
11275
11210
11175
11039
11076
11134
11124
11126
11103
10882
10907
10728
10909
10756
10684
10711
10708
10755
10586
10709
10719
10671
10624
10610
10573
10567
10540
10271
10490
10516
10564
10281
10340
10101
10372
10385
10077
10333
10239
10195
10178
10244
10054
10372
10267
9920
10045
9803
10194
9649
9880
9980
9961
10116
9962
9835
9968
9788
9661
9857
9685
9660
9815
9523
9531
9718
9593
9387
9479
9626
9581
9563
9368
9509
9557
9239
9402
9177
9157
9243
9355
9159
9276
9243
9157
9086
9218
9002
9103
9119
8962
9018
9254
9076
9087
9192
9061
8948
8969
8921
8839
8886
8944
8773
8758
8917
8811
8583
8615
8635
8625
8874
8523
8646
8692
8527
8605
8451
8573
8415
8466
8411
8311
8472
8404
8362
8522
8344
8376
8410
8329
8233
8428
8079
8150
8442
8124
8279
8275
8190
8073
8185
8058
8138
8288
8223
8133
7830
8081
7925
7957
7917
8036
7936
7788
8025
7758
7883
8037
7786
7878
7850
7677
7691
7680
7732
7722
7712
7847
7696
7666
7774
7661
7769
7465
7527
7531
7591
7563
7621
7511
7204
7400
7430
7519
7625
7424
7391
7475
7225
7488
7317
7301
7330
7318
7282
7237
7200
7341
7011
7183
7362
7193
7262
7079
7098
7235
7212
7199
7053
7083
7030
6966
6973
6926
7125
6997
6900
6922
6858
6781
6726
6812
6851
6791
6901
6978
6934
6949
6791
6885
6707
6749
6934
6784
6735
6808
6732
6790
6748
6668
6567
6726
6526
6454
6613
6581
6407
6493
6519
6500
6371
6402
6519
6550
6608
6452
6465
6458
6448
6334
6529
6249
6360
6446
6481
6405
6221
6377
6290
6216
6150
6291
6221
6244
6176
6097
5920
5991
6173
6133
5937
6165
6227
6027
5997
5908
5958
5889
5896
5894
5935
6104
5858
6089
5607
5824
5590
5817
5928
5904
5794
5876
5856
5871
5678
5867
5620
5799
5733
5598
5703
5526
5761
5596
5640
5609
5570
5649
5486
5486
5525
5645
5654
5357
5504
5407
5381
5410
5473
5405
5274
5273
5414
5276
5387
5376
5346
5312
5234
5405
5331
5125
5248
5224
5098
5114
5118
5153
5032
5128
5176
5033
5039
5138
4823
5170
5006
5071
5202
4941
4997
5064
4870
4929
5113
5103
5038
4822
4958
4982
5082
5044
5040
4916
5064
4978
4926
4785
5053
4907
5044
4881
4876
4861
4970
4768
5000
4811
4710
5013
4735
4868
4963
5002
5034
4905
5000
4910
4727
4752
4954
4916
4837
4986
4843
4877
4814
4876
4670
4916
4860
4751
4877
4814
4824
4749
4801
4836
4869
4900
4780
4786
4902
4710
4826
4898
4975
4708
4782
4699
4800
4752
4748
4681
4620
4589
4745
4854
4696
4776
4684
5027
4693
4937
4950
4760
4970
4809
4789
4664
4817
4818
4820
4759
4683
4837
4722
4881
4771
4871
4694
4614
4770
4751
4811
4851
4659
4744
4702
4712
4760
4772
4747
4783
4760
4734
4701
4866
4825
4870
4890
4878
4640
4604
4632
4740
4773
4729
4674
4771
4958
4644
4832
4643
4716
4695
4692
4822
4754
4921
4775
4746
4795
4679
4753
4805
4699
4699
4677
4718
4799
4858
4870
4806
4650
4729
4866
4679
4732
4666
4850
4770
4899
4663
4776
4813
4773
4795
4782
4867
4685
4678
4872
4757
4753
4711
4749
4755
4835
4708
4756
4675
4912
4817
4725
4791
4691
4834
4606
4774
4878
4752
4895
4851
4801
4725
4668
4872
4823
4749
4855
4869
4744
4789
4819
4990
4797
4943
4886
4856
4714
4814
4788
4614
4854
4724
4761
4831
4770
4859
4742
4776
4930
4681
4816
4849
4904
4722
4725
4941
4744
4777
4713
4795
4870
4729
4747
4755
4732
4724
4729
4727
4766
4898
4768
4746
4644
4736
4731
4638
4832
4678
4698
4783
4690
4781
4738
4720
4711
4721
4741
4768
4779
4632
4718
4761
4643
4737
4742
4585
4708
4630
4623
4634
4633
4774
4653
4632
4828
4837
4783
4592
4731
4638
4772
4615
4628
4719
4590
4506
4682
4502
4644
4660
4522
4545
4598
4574
4648
4641
4827
4596
4794
4720
4719
4717
4740
4542
4736
4661
4498
4671
4690
4599
4597
4572
4553
4584
4525
4599
4585
4547
4645
4612
4624
4580
4633
4564
4629
4611
4757
4467
4632
4700
4705
4567
4602
4586
4602
4464
4649
4607
4540
4704
4620
4708
4708
4596
4529
4411
4707
4537
4664
4433
4669
4729
4528
4660
4703
4686
4759
4641
4733
4814
4535
4505
4602
4655
4768
4645
4627
4771
4696
4775
4687
4693
4814
4732
4838
4510
4776
4807
4762
4682
4642
4707
4792
4694
4755
4749
4805
4775
4860
4873
4988
4911
4979
4835
4961
4941
5018
4854
4966
5075
5138
4984
5156
5155
5059
5094
5105
5285
5205
5285
5339
5212
5218
5257
5320
5493
5397
5367
5538
5545
5596
5604
5580
5551
5798
5756
5773
5670
5808
5762
5897
5848
5714
5940
5856
6018
6148
6036
6052
6077
6078
6162
6095
6250
6223
6343
6507
6198
6304
6617
6410
6525
6620
6478
6640
6626
6839
6460
6727
6584
6758
6761
6876
6943
6774
7020
7075
6951
6982
6901
7155
7256
7143
7236
7250
7285
7338
7331
7424
7430
7502
7357
7660
7442
7862
7600
7765
7574
7829
7791
7720
7817
7588
7811
7730
7990
7933
7929
8189
8185
8294
8348
8514
8314
8308
8437
8516
8550
8485
8209
8504
8436
8642
8646
8809
8590
8848
8788
8972
8978
9195
8938
9054
9131
9182
9125
9177
9138
9280
9386
9453
9367
9556
9606
9476
9595
9414
9830
9690
9768
9687
9878
9941
10072
10262
9974
10124
10050
10123
9881
10097
10162
10024
10548
10341
10355
10521
10707
10970
10830
10793
10848
11135
11127
11081
11284
11131
11174
11282
11441
11332
11547
11589
11600
11553
11631
11376
11443
11679
11709
11705
11632
12001
12014
12110
12351
12454
12200
12504
12490
12656
12352
12588
12726
12809
12808
12806
13195
13240
13078
13240
13522
13320
13140
13641
13484
13395
13578
13910
14139
14151
14181
14298
14312
14314
14362
14449
14727
14708
14621
14840
15078
14967
15106
15142
15527
15286
15335
15750
15416
15968
15842
15773
15895
16078
16520
16197
16496
16514
16666
16897
16633
16736
17016
17076
17253
17240
17373
17619
17818
17788
17920
18023
18286
18500
18596
18692
18692
19008
19208
19237
19384
19298
19719
19767
19868
20226
20100
20409
20622
21153
20922
21025
21181
21028
21865
21477
21560
21982
22564
22428
22552
22644
22969
22900
23525
23922
24065
24005
24445
24308
25135
25316
25237
25465
25764
26171
26568
27066
27083
27293
28040
28224
28305
28754
29532
29668
30099
30642
30512
30441
31150
31402
31988
32247
32052
32333
32806
32637
32960
33257
33320
33764
33398
34194
33990
33652
34192
34064
34751
34619
34564
34944
35540
35784
35786
35896
35920
35695
36073
36196
36046
35888
36365
36107
36420
36447
36502
36566
36564
37144
36836
36922
36904
36811
37200
37453
37190
37637
37614
37469
37485
37590
37804
37799
37626
38127
37670
37874
37702
37644
37706
37806
37642
37792
37805
38020
38170
38008
38354
38125
38056
38554
38334
38266
37366
37549
38380
38220
38073
37862
38190
38328
38295
38380
38024
37722
38116
37904
37823
38161
38160
37954
37680
38308
38294
38181
37987
38154
37668
37943
38037
38204
38262
37541
37837
38180
38048
37464
38109
37964
37734
37394
37664
37837
37549
38217
37814
37979
38210
37446
37286
37453
36946
37412
37266
37034
36659
36806
36213
36340
36427
36314
35849
35949
36086
35528
35229
35656
35853
36023
35578
36118
35929
35860
36354
36166
36452
36436
35949
36286
35767
36260
36060
36203
36224
36232
35864
35868
35751
35563
36010
35775
35366
35732
35766
35563
36122
36294
35930
35786
35840
35586
35442
35172
35643
35421
35108
35033
35801
35349
35112
35412
35262
35143
34957
35060
35008
34838
34508
34980
34500
34210
34120
34369
33802
34181
33809
33672
33425
32745
33372
32956
32938
32362
32333
33189
32540
32644
32776
32548
32925
32794
33499
33199
33090
33210
33204
33261
33076
32787
32970
32453
32619
31823
31961
31466
31078
30806
30342
30306
30599
30837
30466
30632
30760
30642
30698
30749
31174
31005
30744
31077
30788
31028
31004
30888
30830
30852
30427
30180
30398
30147
29760
29906
29646
29380
29610
29902
29579
29612
29194
29147
28747
28779
28411
28133
28360
27763
27924
28232
27973
28322
28037
28132
27595
28093
27988
27842
27830
27956
27658
27605
27566
27396
27619
27532
27118
27163
27522
27009
27024
27136
26975
26930
26820
26960
26873
26564
26216
26675
26249
26231
26356
26018
25953
26198
25860
25737
25857
25418
25250
25382
24925
24966
24969
25317
24791
24681
24660
24754
24372
24869
24439
24192
23941
24381
24054
23776
23687
23768
24087
23808
23506
23261
23608
23176
23169
23248
22852
22887
22820
22514
22748
22726
22634
22614
22238
22471
22382
22049
22061
22124
21805
21764
21590
21506
21433
21571
21253
21142
21037
20841
20736
20986
20692
20508
20144
20345
20232
20252
20212
20197
19573
20325
19450
19347
19021
19304
18985
19207
18736
18314
18676
18490
18516
18098
18415
18434
18248
18048
17961
17764
17912
17664
17563
17248
16795
16507
16982
16544
16238
16360
15834
16260
16170
16040
16027
16022
15847
15820
15830
15732
15653
15390
15354
15167
15003
15114
15274
14770
14669
14653
14667
14457
14436
14101
13844
14050
13973
13723
13716
13649
13519
13386
13238
13160
12997
13014
12920
12869
12716
12628
12668
12430
12386
12222
12127
12142
12281
11722
11784
11889
11630
11508
11420
11180
11472
11088
10968
10941
11135
10895
10811
10546
10463
10364
10332
10292
10100
9879
9920
9737
9762
9765
9592
9508
9586
9405
9369
9459
9262
8834
8872
8808
8885
8747
8685
8420
8633
8498
8374
8317
8267
8273
8180
8098
7872
7963
8132
7852
7676
7602
7697
7578
7560
7405
7357
7449
7164
7252
7107
7207
7207
7108
6914
6873
6925
6809
6764
6635
6803
6804
6735
6724
6506
6638
6429
6353
6152
6302
6256
6352
6292
5995
6130
5896
6060
6144
6057
5985
5834
5989
5857
5883
5798
5786
5780
5697
5836
5714
5447
5337
5457
5437
5405
5274
5393
5367
5330
5207
5241
5163
5292
5081
5216
5052
5061
4981
4931
4844
4909
4651
4583
4578
4723
4468
4486
4342
4406
4417
4226
4198
4016
4064
4132
4070
3985
3992
3719
3736
3820
3674
3628
3661
3382
3493
3388
3342
3171
3237
3289
3211
3054
3067
3055
3074
2929
2703
2745
2866
2708
2650
2563
2577
2594
2549
2589
2604
2429
2555
2598
2393
2534
2468
2440
2552
2504
2607
2394
2500
2465
2482
2375
2398
2465
2418
2355
2470
2415
2471
2407
2479
2419
2468
2394
2392
2381
2388
2294
2491
2517
2420
2378
2362
2369
2417
2421
2409
2458
2343
2368
2494
2388
2546
2492
2336
2434
2441
2383
2390
2397
2420
2340
2373
2402
2387
2368
2370
2450
2482
2272
2347
2369
2316
2381
2263
2355
2336
2381
2200
2376
2314
2277
2306
2351
2240
2355
2223
2432
2212
2415
2287
2326
2251
2260
2370
2358
2263
2259
2222
2428
2186
2329
2288
2290
2200
2406
2217
2183
2326
2258
2281
2346
2296
2271
2170
2397
2201
2274
2322
2232
2365
2295
2357
2332
2265
2357
2210
2268
2310
2289
2250
2229
2379
2260
2208
2201
2357
2245
2250
2292
2333
2242
2247
2290
2244
2237
2215
2264
2181
2258
2320
2150
2244
2180
2188
2149
2265
2201
2256
2311
2253
2249
2279
2261
2162
2237
2255
2234
2223
2221
2282
2193
2141
2073
2202
2296
2065
2145
2280
2206
2219
2260
2316
2285
2181
2214
2251
2208
2133
2185
2202
2183
2196
2152
2207
2060
2212
2312
2120
2234
2186
2138
2132
2225
2203
2336
2144
2211
2370
2145
2268
2190
2183
2171
2223
2090
2128
2205
2175
2163
2006
2119
2170
2064
2172
2206
2116
2176
2168
2152
2176
2185
2158
2219
2170
2219
2160
2205
2153
2115
2130
2215
2203
2192
2152
2103
2109
2184
2119
2160
2231
2192
2154
2134
2049
2166
2123
2229
2189
2282
2235
2127
2107
2119
2180
2217
2153
2249
2056
2168
2136
2116
2122
2217
2071
2173
2118
2046
2132
2221
2105
2186
2114
2137
2130
2133
2018
2128
2153
2126
2162
2100
2062
2134
2127
2029
2126
2076
2085
2027
2071
2192
2129
2134
2066
2139
2084
2089
2130
2148
2171
2040
1998
2144
2126
2059
2127
2276
2204
2200
2125
2020
2011
2035
2159
2105
2105
2110
2197
2120
2133
2268
2144
2124
2081
2045
2097
2108
2106
2121
2246
2095
2119
2117
2159
2152
2047
2079
2061
2091
2130
1943
2120
2092
2100
1997
2145
2199
2133
2146
2015
2077
2170
2192
2194
2069
2123
2146
2071
2114
2049
2160
2074
2013
2184
2129
2001
2086
2116
2110
2116
2065
2154
2128
2120
2063
2116
2105
2113
2090
2124
2038
2103
2067
2181
1983
2087
2082
2026
2054
1997
2086
2052
2146
2010
1983
2003
2036
2026
2091
2085
2090
2023
2139
2023
2008
2114
2018
2086
2020
2041
2009
2187
2088
2073
2004
2106
2039
2136
2022
2101
1990
1981
1973
2014
2086
2065
2106
2098
2019
2118
2092
2092
2048
1942
2107
2118
2064
2069
2031
2035
2075
2077
1994
2042
2110
2188
2089
2015
1996
2043
2162
2094
2159
2010
2000
2061
1942
2089
1962
2013
2031
2091
2052
1989
1947
2024
2050
2117
2046
2046
2133
2098
1930
2026
2085
2108
2047
2073
2056
1990
2029
2037
2127
2161
2038
2050
2080
2004
2118
2049
2027
2048
2107
1880
2059
1971
2065
2066
2028
2076
2138
1889
2153
2024
2143
2050
2072
2114
2002
2020
2032
2015
2087
1997
1981
2034
2024
1927
1952
2068
2077
2011
1954
2095
1996
2062
2028
1968
2047
2063
2081
2071
2046
1931
2100
2027
1997
2115
2052
2072
2028
2033
2171
2196
2155
2094
2052
2012
2156
2033
2073
