1479
1471
1513
1387
1498
1509
1425
1506
1382
1490
1493
1449
1470
1479
1611
1531
1476
1520
1549
1485
1393
1572
1531
1454
1548
1448
1357
1446
1496
1477
1508
1477
1472
1490
1475
1447
1471
1509
1518
1622
1490
1533
1512
1465
1454
1478
1481
1572
1471
1513
1489
1507
1429
1531
1502
1441
1553
1425
1534
1563
1385
1437
1493
1493
1529
1486
1523
1524
1461
1486
1552
1503
1521
1583
1439
1569
1525
1605
1575
1518
1498
1527
1535
1400
1483
1448
1339
1516
1564
1508
1471
1505
1545
1449
1430
1529
1573
1503
1539
1564
1481
1435
1503
1518
1444
1530
1542
1451
1463
1433
1524
1555
1520
1474
1480
1468
1539
1382
1551
1536
1505
1499
1477
1579
1485
1412
1568
1428
1440
1454
1471
1483
1480
1493
1417
1524
1458
1480
1500
1530
1431
1552
1542
1583
1506
1517
1566
1516
1578
1438
1492
1569
1536
1423
1554
1545
1486
1452
1551
1538
1593
1491
1598
1518
1498
1607
1473
1529
1515
1496
1555
1391
1446
1533
1554
1531
1419
1405
1515
1438
1587
1582
1462
1595
1524
1508
1483
1575
1467
1471
1556
1521
1426
1500
1516
1439
1546
1482
1424
1521
1383
1595
1475
1517
1480
1508
1456
1525
1531
1460
1462
1636
1521
1527
1449
1614
1524
1610
1556
1495
1535
1517
1390
1447
1516
1524
1479
1514
1496
1530
1533
1501
1531
1484
1507
1606
1508
1488
1571
1476
1550
1443
1556
1538
1474
1557
1532
1548
1475
1466
1559
1568
1460
1637
1512
1635
1414
1543
1536
1520
1535
1597
1473
1541
1452
1457
1435
1487
1505
1503
1583
1451
1495
1521
1607
1586
1637
1469
1615
1525
1420
1375
1533
1528
1552
1641
1568
1447
1530
1528
1583
1562
1476
1497
1616
1617
1621
1551
1460
1674
1559
1644
1504
1630
1612
1597
1628
1561
1432
1549
1510
1671
1622
1621
1464
1555
1579
1593
1578
1626
1603
1494
1535
1568
1534
1512
1555
1541
1572
1468
1636
1674
1583
1538
1652
1566
1667
1616
1599
1585
1523
1493
1650
1718
1658
1591
1658
1644
1529
1629
1641
1527
1641
1658
1659
1590
1560
1663
1635
1612
1560
1641
1605
1621
1592
1609
1500
1648
1582
1634
1587
1573
1570
1606
1463
1707
1544
1638
1622
1629
1632
1529
1557
1575
1641
1563
1559
1659
1723
1686
1654
1630
1594
1674
1638
1660
1608
1677
1655
1650
1755
1636
1632
1668
1804
1637
1485
1637
1675
1588
1594
1676
1620
1645
1658
1681
1693
1611
1563
1564
1579
1668
1729
1800
1774
1670
1713
1685
1637
1657
1707
1688
1669
1654
1621
1741
1701
1683
1695
1691
1632
1732
1617
1751
1705
1674
1752
1758
1695
1699
1697
1649
1778
1758
1678
1708
1705
1709
1722
1767
1607
1787
1755
1694
1731
1772
1737
1813
1682
1678
1681
1825
1790
1699
1712
1797
1785
1763
1865
1796
1772
1766
1737
1723
1689
1799
1736
1734
1863
1738
1716
1702
1689
1770
1806
1809
1875
1799
1777
1752
1880
1881
1741
1837
1813
1778
1724
1737
1719
1703
1802
1742
1729
1827
1904
1866
1872
1806
1844
1887
1881
1707
1770
1812
1726
1780
1818
1780
1769
1688
1810
1877
1788
1855
1883
1891
1855
1892
1788
1749
1836
1873
1903
1673
1921
1763
1719
1859
1903
1851
1846
1828
1862
1785
1894
1821
1870
1929
1782
1824
1798
1884
1841
1815
1826
1839
1862
1817
1839
1859
1842
1796
1756
1936
1771
1979
1861
1901
1885
1836
2021
1862
1857
1831
1933
1782
1944
1767
1912
1826
1874
1838
1905
1934
1987
1957
1943
2008
1973
1943
1928
1901
1918
1915
1883
1912
1890
1920
1933
1936
1889
1998
2027
2004
1922
1934
1998
1993
1972
2008
1856
2056
1929
1855
1918
1897
1867
1842
2090
1974
1867
1882
1920
2012
1901
1948
1977
1914
1992
1996
1886
2027
1997
2044
1943
1880
1928
2037
2030
2027
1940
2067
2034
1971
2119
1943
2024
1974
1977
1976
2078
1989
2069
1939
2078
1931
2004
2064
1998
2092
1968
2032
2165
2021
1925
2047
2009
1907
2019
1986
2001
2010
1952
1989
2056
2023
2097
1991
1971
2086
1957
1986
2037
2039
2075
2114
2008
1957
2170
2055
2159
2080
2110
2119
2120
2076
2142
2029
2180
2090
2090
2172
1975
2115
2126
2073
2031
2212
2141
2163
2041
2100
1988
2099
2104
2029
2203
2100
2072
2227
2169
2194
2190
2128
2094
2136
2207
2171
2181
2154
2191
2271
2116
2168
2267
2099
2226
2201
2236
2297
2171
2174
2168
2231
2246
2111
2181
2156
2263
2210
2151
2309
2195
2305
2254
2296
2258
2269
2233
2298
2360
2268
2269
2288
2317
2297
2161
2311
2299
2314
2316
2352
2325
2279
2320
2389
2298
2384
2396
2310
2325
2361
2316
2361
2324
2268
2374
2340
2304
2268
2303
2480
2513
2309
2409
2439
2518
2453
2412
2451
2504
2489
2353
2297
2428
2257
2380
2430
2357
2419
2399
2458
2427
2397
2434
2531
2493
2552
2549
2451
2497
2547
2514
2454
2526
2377
2546
2485
2507
2478
2451
2439
2574
2484
2549
2539
2593
2529
2473
2656
2536
2604
2652
2641
2557
2567
2541
2633
2555
2465
2644
2590
2530
2619
2588
2662
2576
2699
2585
2657
2591
2646
2659
2572
2650
2653
2580
2604
2632
2586
2659
2756
2644
2691
2769
2708
2688
2662
2758
2652
2643
2693
2714
2698
2720
2818
2718
2793
2649
2812
2814
2684
2758
2836
2787
2854
2863
2931
2938
2971
2790
2890
2875
2883
2972
2948
2845
2997
2999
2967
2996
2943
3046
2851
3046
3166
3005
2980
2946
3045
3026
2920
2961
2995
2917
3050
2980
3196
2981
3140
3105
3200
3208
3223
3150
3227
3231
3093
3270
3222
3214
3201
3264
3236
3270
3220
3274
3204
3324
3414
3359
3245
3529
3469
3506
3492
3421
3480
3437
3488
3570
3547
3520
3490
3562
3463
3426
3522
3574
3689
3748
3771
3663
3894
3700
3553
3644
3679
3713
3636
3728
3792
3749
3888
3860
3612
3750
3953
4046
3917
3915
3982
4171
3927
3976
3962
3972
4053
4045
4075
3975
4153
4105
4261
4090
4135
4157
4307
4164
4123
4200
4201
4242
4195
4407
4336
4433
4446
4361
4398
4422
4466
4378
4408
4505
4551
4689
4612
4462
4470
4694
4794
4718
4820
4599
4854
4738
4832
4838
4962
4973
4856
4978
4745
5005
5082
4914
5196
4903
4930
5021
4955
5227
5127
5157
5100
5235
5332
5446
5352
5380
5446
5493
5355
5423
5410
5393
5417
5447
5574
5594
5482
5598
5530
5656
5697
5624
5731
5858
5896
5786
5861
5943
6015
5732
5827
5895
5875
6052
5960
6132
6100
6005
6006
6293
6129
6084
6075
6348
6268
6441
6232
6254
6319
6229
6427
6374
6427
6542
6545
6359
6428
6725
6579
6662
6695
6684
6849
6763
6767
6832
6675
6738
6862
6648
6774
7178
6744
6936
7053
7097
7229
6883
7123
7370
7190
7360
7107
7210
7134
7476
7298
7386
7224
7382
7481
7393
7356
7263
7214
7300
7700
7591
7412
7710
7434
7651
7489
7665
7745
7678
7720
7858
7799
7946
7870
8005
7874
7956
8086
7889
7776
7963
8051
8110
8053
8117
8083
8126
8240
8331
8274
8232
8468
8202
8469
8470
8297
8548
8320
8406
8418
8399
8599
8543
8589
8587
8694
8764
8714
8760
8629
8746
8664
8606
8682
9048
8924
8921
8805
9158
8956
9039
9091
9052
9116
9250
9096
8903
9013
9193
9127
9142
9000
9248
9232
9081
9325
9155
9246
9420
9429
9370
9532
9350
9454
9604
9691
9524
9475
9583
9690
9736
9798
9657
9577
9767
9627
9765
9842
9660
9898
9744
9815
9935
9859
9898
9748
9965
9941
9988
10015
10009
10168
9916
10002
9957
10054
10108
10038
10278
10116
10143
10059
10273
10173
10180
10218
10269
10000
10212
10299
10369
10368
10294
10358
10216
10144
10408
10050
10340
10256
10330
10257
10368
10308
10185
10413
10337
10425
10454
10209
10423
10386
10548
10387
10376
10521
10296
10474
10445
10144
10444
10111
10290
10369
10169
10394
10497
10386
10345
10037
10144
10447
10236
10103
10440
10053
10153
10020
10280
10033
10020
10231
9931
10258
10052
9993
9986
10138
10006
10218
9858
9915
10049
10125
9805
9793
9690
9975
9706
10025
9767
9642
9699
9658
9670
9706
9720
9730
9742
9560
9417
9666
9614
9499
9482
9570
9610
9254
9324
9427
9372
9325
9454
9258
9268
9324
9302
9284
9199
9070
9058
9066
9202
9016
9037
9344
8989
8813
9058
8967
8912
8819
8697
9032
8777
8838
8650
8611
8744
8800
8842
8864
8754
8855
8811
8815
8736
8665
8642
8488
8567
8586
8379
8278
8585
8396
8324
8340
8314
8371
8354
8267
8267
8291
8336
8289
8245
8221
8290
8271
8199
8136
7873
7951
7989
7986
8099
7889
8157
8118
7877
7840
7802
7954
8069
7982
7914
7881
7930
7992
7836
7854
7831
7788
7836
7870
7456
7517
7774
7487
7751
7948
7530
7652
7417
7609
7615
7605
7262
7577
7431
7291
7269
7344
7207
7464
6983
7366
7440
7046
7548
7185
7236
7213
7188
7261
7240
7176
7222
6909
7218
7177
6913
6962
6982
6874
7014
6786
6970
7039
6943
6795
6941
6825
6804
6913
6908
6635
6932
6766
6637
6646
6763
6731
6804
6746
6760
6622
6596
6667
6717
6613
6625
6675
6627
6662
6694
6774
6466
6484
6530
6450
6436
6586
6397
6341
6145
6603
6412
6214
6470
6395
6394
6357
6441
6351
6426
6450
6376
6130
6119
6169
6371
6114
6306
5855
6125
6254
6272
6160
5999
6098
6199
6007
6071
6024
6243
6120
6114
5925
5949
5878
6049
5800
5748
5961
5966
5810
5861
5792
5939
5729
5721
5843
5883
5616
5910
5893
5744
5677
5730
5629
5580
5648
5648
5718
5754
5769
5699
5700
5468
5600
5641
5880
5745
5413
5631
5539
5618
5738
5486
5536
5443
5474
5335
5543
5338
5625
5437
5384
5369
5541
5514
5447
5195
5448
5344
5206
5341
5322
5384
5216
5301
5191
5316
5205
5111
5191
5187
5039
5269
5175
5343
5312
5236
5064
5108
5238
5065
5195
5135
5081
5063
5119
5076
4984
4873
5023
4988
4875
5067
4955
4956
5085
5034
5008
4869
4883
4873
4869
4878
4710
4675
4922
4766
4850
4986
4852
4853
4764
4743
4825
4710
4709
4661
4596
4683
4794
4620
4649
4669
4553
4642
4596
4654
4596
4625
4539
4623
4500
4520
4330
4413
4635
4546
4419
4517
4330
4333
4385
4392
4335
4570
4162
4362
4099
4268
4278
4312
4229
4358
4241
4324
4237
4248
4188
4205
4299
4185
4086
4286
4027
4148
4166
4160
4250
4163
4134
4166
4174
4144
4030
3987
3958
3977
4037
4100
4072
4029
4002
3975
3919
4038
4051
3838
3997
3967
4028
3964
3939
3864
4015
3961
3991
3951
4011
3866
4060
3985
4004
3783
3950
4057
3935
3886
3943
3848
3940
3993
3919
3853
3888
3927
3911
3865
3933
3766
3836
4010
3837
3793
3813
3905
3848
3750
3888
3841
3760
3745
3730
3902
3794
3958
3966
3796
3789
3829
3815
3895
3926
3722
3877
3927
3839
3767
3920
3878
3711
3925
3899
3889
3794
3837
3838
3876
3729
3853
3823
4017
3830
3796
3755
3835
3860
3831
3814
3788
3791
3735
3887
3801
3702
3786
3876
3857
3764
3807
3883
3815
3823
3810
3728
3858
3622
3761
3898
3908
3668
3839
3680
3778
3761
3770
3778
3966
3827
3845
3698
3786
3798
3839
3765
3867
3768
3771
3766
3966
3729
3881
3849
3877
3778
3728
3996
3800
3837
3617
3807
4022
3809
3708
3816
3873
3903
3782
4012
3786
3839
3971
3797
3787
3730
3946
3756
3769
3777
3601
3781
3760
3786
3897
3782
3813
3838
3750
3876
3979
3821
3852
3763
3841
3823
3709
3642
4005
3865
3847
3755
3791
3727
3834
3738
3889
3777
3889
3884
3685
3937
3908
3863
3798
3856
3774
3869
3841
3710
3882
3752
3816
3778
3732
3768
3828
3746
3819
3825
3849
3848
3914
3895
3913
3772
3827
3747
3955
3723
3659
3718
3900
3871
3640
3682
3812
3845
3898
3839
3868
3988
4022
3845
3765
3836
3794
3856
3828
3717
3765
3870
3909
3874
3849
3887
3890
3756
3698
3593
3801
3963
3670
3729
3854
3836
3759
3816
3819
3840
3715
3755
3758
3712
3767
3716
3788
3620
3878
3569
3754
3845
3772
3743
3776
3738
3732
3833
3690
3720
3735
3795
3776
3630
3767
3687
3783
3668
3676
3688
3554
3682
3621
3799
3682
3859
3837
3650
3649
3643
3962
3800
3682
3752
3821
3695
3700
3754
3646
3763
3691
3655
3695
3619
3664
3734
3664
3652
3722
3739
3572
3751
3573
3719
3698
3691
3803
3733
3599
3707
3776
3610
3748
3568
3611
3712
3680
3661
3770
3658
3655
3769
3535
3453
3736
3629
3688
3601
3585
3585
3653
3710
3666
3637
3576
3770
3782
3759
3690
3660
3753
3658
3605
3819
3684
3645
3593
3697
3716
3747
3737
3568
3677
3625
3726
3698
3711
3780
3597
3834
3913
3724
3616
3631
3742
3757
3800
3761
3737
3789
3826
3841
3737
3687
3782
3921
3914
3867
3912
3794
3890
3972
3912
4004
3866
4029
3748
3908
4022
4087
3993
4124
4074
3992
4063
4259
4245
4072
4190
4220
4260
4277
4324
4204
4276
4203
4275
4467
4423
4612
4557
4584
4490
4554
4673
4640
4626
4749
4724
4763
4662
4789
4633
4859
4787
4801
4830
4845
4945
4981
5034
5084
5108
4930
5042
4969
5065
5147
5188
5238
5072
5272
5157
5179
5126
5416
5557
5546
5307
5332
5684
5647
5473
5569
5763
5460
5686
5764
5589
5685
5831
5685
5741
5861
5733
5719
5992
6035
5855
5825
6077
6094
6229
6013
5985
6073
6189
6113
6202
6142
6354
6354
6212
6463
6356
6349
6557
6537
6703
6627
6490
6501
6720
6934
6736
6763
6880
6992
6955
6701
6878
7047
7000
6952
6845
6851
7163
7151
7418
7194
7242
7092
7320
7207
7483
7365
7542
7429
7537
7783
7488
7515
7658
7718
7733
8043
7905
7852
7913
7841
8161
7971
8106
7784
7917
7973
7981
8073
8236
8124
8283
8280
8474
8724
8770
8553
8718
8790
8798
8765
8647
8953
8916
8998
8889
9035
8969
9287
9433
9330
9249
8998
9056
9147
9489
9344
9304
9348
9404
9597
9752
9721
9656
9565
9894
9847
10005
10090
9812
10119
10133
10039
10195
10264
10253
10350
10375
10552
10792
10862
10693
10829
11050
11141
11177
11151
11014
11110
11369
11574
11480
11656
11668
11696
11777
11668
11753
12077
11947
12407
12502
12486
12076
12411
12484
12314
12505
12570
12568
12846
13013
13016
12958
13249
13291
13204
13444
13401
13496
13295
13757
13490
14034
14172
13989
14278
14317
14357
14394
14693
14724
14639
14721
15005
15008
15144
15295
15636
15488
15552
15924
15886
16094
16020
16165
16356
16666
16516
17151
17170
16834
17293
17217
17523
17140
18143
17899
18089
18099
18202
18534
18538
18804
19022
19332
19596
19565
19716
20070
20178
20126
20582
21013
21066
21395
21652
22149
22320
22506
22924
22965
23354
23465
24052
23948
24491
24640
25188
25060
24985
25816
25408
25881
26076
26698
26152
26966
26656
26768
26623
27294
27509
27010
27578
27044
27245
27396
27282
28267
28292
28328
27997
28485
28382
28475
28928
28680
29158
29280
28842
29143
29382
28900
28955
29012
29748
29132
29455
29627
29905
29332
29074
29788
30178
29911
30054
30356
29952
30135
30006
30362
30040
30080
30133
30328
29952
30312
30232
30340
30502
30796
30746
30777
30605
30358
30455
30475
30326
30525
30276
30582
29973
30719
30359
30587
30726
30456
30711
30611
30288
30656
30377
30504
30549
30661
30283
30394
30616
30459
30505
30004
30498
30102
30292
30377
30572
30396
30378
30540
30392
30396
30465
30580
30174
30324
30408
30498
30494
30264
30149
30288
30323
30595
30084
30232
30507
30324
29760
29631
29718
29912
29490
29746
29252
29719
29432
29419
29018
29086
28864
28525
29092
28413
28549
28362
28425
28822
28630
28776
28936
29190
28886
28928
28772
29136
28875
29421
28900
29325
28765
28888
28957
28670
28760
28884
28405
28674
28669
28568
28583
28493
28853
29066
28639
28691
28613
28970
28804
28714
28523
28429
28386
28139
28538
28219
28448
28520
28469
28026
27960
28184
28056
28201
27728
28012
27892
28352
27712
27704
27793
27127
27514
27296
27215
26973
26630
26640
26880
26374
26274
26494
26396
26557
26100
26370
26484
26381
26473
26494
26428
26638
26377
26370
26610
26244
26456
26316
26089
26220
26058
25767
25220
25284
24894
24804
24396
24770
24360
24224
24174
24436
24516
24485
24825
24908
24368
25131
25276
24890
24772
24728
24944
25107
24775
24712
24878
24296
23940
24120
23862
23620
23708
24077
23770
23782
23636
23509
23168
23172
23081
23180
22518
22455
22606
22341
22413
22250
22386
22517
22529
22526
22453
22638
22676
22280
22324
22264
22008
21918
21934
22098
21940
21893
21780
21993
21582
22027
21733
21686
21389
21712
21664
21504
21315
21290
21069
21153
21428
21108
21046
21272
20928
20998
20890
20512
20286
20480
20415
20683
20401
20173
20032
19945
20144
19862
19472
19645
19311
19206
19182
19356
19390
19291
19214
18792
18880
18972
18839
18852
18970
18850
18538
18507
18605
18700
18285
18299
18204
18228
18374
17883
17921
18108
17867
17826
17842
17565
17490
17544
17348
17251
17238
17316
17168
17035
17210
16836
16982
16397
16569
16555
16486
16312
16346
16325
16119
16253
15960
15714
15696
15516
15581
15640
15192
15269
15281
14985
15028
14905
14658
14884
14820
14870
14504
14624
14328
14510
14536
14318
14012
13809
13702
13464
13435
13539
13311
13045
13055
13062
12523
12705
12834
12859
12881
12788
12568
12673
12526
12590
12401
12070
12316
12144
11991
11721
12019
11700
11748
11714
11476
11540
11592
11380
11319
11010
10673
10726
10833
10820
10601
10429
10676
10434
10434
10324
10244
10156
9906
9957
9791
9721
9733
9716
9599
9637
9389
9448
9435
9448
9049
9040
8830
8857
8747
8822
8637
8537
8583
8596
8532
8280
8256
8144
7791
7989
8016
7815
8034
7828
7750
7794
7412
7460
7092
7316
7249
7363
7032
7019
6998
7012
6857
6874
6989
6617
6895
6600
6529
6310
6324
6404
6361
6268
6241
6280
6256
6076
5890
5987
5940
5811
5676
5891
5808
5638
5546
5629
5645
5545
5492
5510
5304
5446
5151
5314
5510
5348
5276
5228
5116
5082
5215
5130
5006
4745
4808
4811
4810
4767
4609
4602
4675
4712
4642
4644
4665
4717
4564
4624
4463
4488
4351
4482
4373
4425
4359
4250
4324
4313
4259
4366
4105
4105
4234
4182
4282
4021
4169
4109
3972
3921
3869
3781
3912
3786
3914
3791
3730
3647
3742
3626
3526
3591
3466
3445
3455
3310
3250
3389
3304
3208
3280
3075
3124
3087
3209
3033
2985
2898
2824
2766
2811
2699
2739
2800
2726
2667
2614
2618
2485
2465
2401
2535
2391
2334
2295
2312
2167
2274
2218
2224
2319
1997
2203
2096
2203
2112
2135
2217
2263
2086
2141
2055
2163
2121
2072
2077
2164
2084
2209
2159
2100
2074
1977
2226
2028
2035
2092
2123
2139
2096
2100
2133
2011
2124
2074
1964
2051
2121
2134
2171
1962
2118
2146
2082
1968
2146
2135
2079
2054
2037
1988
2128
2038
2089
2124
2069
2146
2057
2089
2127
2022
2030
1998
1955
2021
2075
2002
2085
1959
2091
2117
2058
1984
2115
2099
2090
1901
2081
2045
2009
2045
2020
2087
2047
1972
2078
2019
1950
2034
1998
2033
2106
2001
1962
1958
1989
1927
1985
2059
1938
2055
2006
1864
1995
1903
1915
1939
2056
1951
2027
2027
1989
1993
2025
1960
1979
2037
1978
1982
2072
2009
1978
1894
1948
2084
1991
2021
2001
1988
2068
1991
1989
2036
2112
1950
1888
2028
1967
1919
2047
2003
1988
1922
2038
2053
1944
1911
1999
1969
1995
1981
2004
1990
1957
1975
1912
1926
1896
1892
1951
1940
1970
1967
1992
1960
1992
2015
1956
1931
1901
1939
1928
2005
1943
1860
1981
1970
1997
1874
1832
1994
1903
1885
1899
1856
1895
1899
1983
1924
1999
1992
1849
1926
1965
1949
2009
1939
1927
1829
1955
2024
1852
2004
1971
2009
1889
1945
1882
1990
1998
1984
1908
1892
1859
1909
1938
1895
1901
1894
1852
1929
1833
1998
1972
2016
1942
1958
1979
2034
2006
1953
1956
1816
1956
1863
1964
1960
1863
1874
1869
1840
1920
2033
1871
1881
1949
1939
1950
1929
2017
1898
1928
1947
1883
1831
1899
1942
1978
1831
1973
1917
1950
1885
1962
1999
1953
1906
1940
1782
1946
1979
1936
1796
1895
1813
1900
1888
1786
2026
1948
1868
1913
1860
1879
1884
1944
1839
1843
1870
1901
1826
1919
1885
1816
1855
1813
1925
1914
1858
2005
1903
1874
1886
1943
1852
1880
1870
1908
1937
1886
1903
1796
1793
1823
1884
1811
1887
1928
1876
1922
1972
1848
1888
1924
1853
1819
1824
1859
1905
1910
1902
1888
1922
1907
1824
1949
1882
1894
1810
1884
1906
1913
1837
1998
1848
1798
1822
1955
1904
1847
1833
1869
1896
1909
1929
1838
1923
1887
1858
1823
1804
1782
1831
1823
1839
1961
1773
1911
1827
1847
1815
1800
1876
1875
1970
1812
1798
1850
1828
1839
1857
1871
1914
1833
1877
1809
1875
1830
1797
1851
1794
1814
1821
1718
1730
1879
1789
1828
1881
1929
1700
1950
1768
1848
1771
1786
1932
1855
1873
1969
1820
1813
1820
1926
1791
1850
1910
1904
1837
1770
1779
1847
1819
1884
1734
1918
1863
1829
1842
1876
1845
1924
1865
1837
1853
1823
1875
1882
1864
1817
1718
1855
1802
1755
1860
1908
1767
1823
1873
1785
1871
1763
1766
1852
1836
1906
1897
1861
1901
1986
1896
1905
1899
1895
1745
1728
1774
1741
1785
1723
1836
1826
1845
1919
1740
1834
1923
1769
1878
1902
1934
1819
1810
1927
1820
1801
1757
1853
1860
1859
1832
1770
1771
1783
1823
1957
1953
1875
1794
1882
1881
1826
1884
1897
1780
1772
1790
1787
1827
1806
1913
1783
1864
1816
1873
1832
1863
1809
1836
1850
1741
1809
1838
1824
1851
1783
1773
1740
1759
1841
1836
1873
1798
1804
1815
1908
1904
1830
1816
1943
1974
1722
1811
1894
1908
1796
1837
1876
1829
1795
1861
1780
1905
1787
1916
1832
1807
1830
1762
