1527
1523
1572
1566
1496
1545
1522
1519
1509
1597
1517
1572
1524
1536
1417
1466
1492
1457
1491
1520
1467
1427
1623
1623
1497
1513
1462
1550
1523
1497
1524
1538
1494
1545
1486
1511
1559
1538
1601
1585
1574
1575
1500
1484
1419
1640
1541
1589
1556
1528
1613
1584
1564
1594
1549
1514
1551
1525
1623
1505
1545
1427
1654
1454
1573
1542
1460
1568
1438
1470
1641
1535
1532
1604
1540
1567
1532
1487
1534
1589
1668
1563
1631
1554
1598
1448
1561
1495
1535
1499
1534
1609
1513
1461
1454
1487
1487
1575
1494
1573
1495
1524
1604
1536
1426
1476
1637
1540
1530
1581
1564
1475
1468
1552
1606
1455
1485
1544
1369
1562
1565
1574
1515
1550
1424
1488
1515
1468
1625
1609
1612
1636
1456
1516
1462
1612
1606
1493
1604
1529
1491
1561
1609
1539
1476
1628
1597
1560
1559
1522
1697
1533
1571
1533
1568
1514
1560
1611
1532
1555
1560
1513
1579
1543
1613
1576
1535
1543
1527
1592
1540
1459
1568
1523
1615
1586
1621
1531
1564
1652
1611
1590
1557
1530
1512
1674
1458
1559
1537
1589
1542
1512
1564
1455
1598
1577
1588
1467
1561
1439
1684
1539
1562
1638
1620
1510
1608
1623
1487
1624
1579
1497
1513
1513
1460
1470
1607
1657
1436
1571
1566
1644
1667
1538
1623
1525
1629
1528
1537
1593
1605
1590
1501
1569
1550
1644
1444
1652
1560
1635
1533
1551
1551
1614
1544
1620
1547
1479
1542
1522
1640
1449
1530
1589
1644
1625
1529
1643
1570
1521
1552
1661
1581
1607
1607
1530
1617
1527
1583
1566
1609
1599
1524
1453
1558
1603
1533
1475
1627
1598
1610
1656
1687
1601
1619
1499
1594
1620
1614
1618
1560
1580
1610
1590
1502
1548
1606
1608
1575
1638
1667
1664
1790
1631
1558
1597
1569
1633
1570
1593
1606
1554
1468
1599
1693
1601
1653
1626
1652
1559
1525
1574
1690
1699
1666
1665
1688
1633
1607
1641
1565
1657
1558
1675
1592
1626
1606
1564
1604
1678
1655
1718
1632
1528
1657
1691
1637
1668
1663
1702
1671
1606
1736
1660
1659
1601
1683
1652
1751
1682
1557
1634
1672
1664
1691
1651
1648
1727
1697
1644
1646
1728
1702
1762
1643
1761
1685
1730
1704
1763
1703
1712
1779
1647
1849
1671
1667
1691
1701
1771
1719
1759
1722
1692
1652
1685
1674
1727
1725
1786
1776
1713
1651
1713
1811
1739
1791
1736
1733
1756
1785
1804
1754
1718
1731
1715
1741
1690
1789
1762
1798
1726
1692
1705
1695
1784
1716
1858
1656
1736
1748
1769
1771
1850
1600
1682
1755
1866
1864
1807
1746
1645
1786
1841
1838
1706
1754
1820
1754
1725
1860
1755
1837
1821
1859
1764
1852
1887
1691
1792
1768
1762
1814
1850
1768
1809
1847
1817
1848
1801
1698
1916
1903
1971
1916
1826
1778
1943
1839
1809
1771
1801
1903
1791
1812
1835
1806
1783
1875
1834
1780
1910
1833
1899
1847
1995
1946
1888
1922
1951
1804
1828
1925
1849
1968
1867
1895
1860
2008
1913
1923
1895
1891
1898
1954
1928
1929
1941
1909
1808
1861
1957
1921
1980
1968
1909
1870
1808
1888
1831
1927
1971
1915
1907
1876
1978
1975
1886
1926
1930
1925
1908
1869
2018
1878
1989
1958
1944
2026
1884
2000
1854
1856
1958
2010
2025
1973
1867
1857
2047
1919
1976
1895
1989
1990
2082
2047
1908
1968
2065
1940
1951
2020
1968
2052
2031
2047
1961
1915
1989
1992
2085
1966
2032
1926
2071
1998
1945
2153
2120
2112
1993
2145
2040
2049
2047
2061
1999
1894
2082
2132
1968
2041
2155
2010
2037
2141
2112
2051
2039
2043
1994
2047
2182
2138
2057
2101
2110
1999
2039
2034
2047
2135
2109
2034
2160
1928
2026
2169
2120
2180
2126
2194
2187
2087
2067
2082
2206
2166
2060
2148
2146
2210
2256
2062
2225
2174
2085
2163
2075
2198
2255
2139
2085
2174
2156
2228
2191
2047
2164
2154
2261
2193
2174
2260
2223
2193
2172
2231
2180
2181
2198
2211
2241
2246
2174
2135
2268
2210
2227
2196
2140
2323
2276
2222
2242
2294
2047
2289
2325
2344
2214
2170
2235
2296
2270
2308
2193
2302
2269
2263
2449
2322
2371
2403
2423
2413
2256
2306
2474
2405
2351
2258
2434
2314
2297
2366
2312
2482
2389
2336
2358
2517
2484
2422
2396
2528
2254
2365
2478
2352
2389
2261
2290
2517
2404
2376
2442
2452
2417
2426
2305
2446
2387
2477
2579
2513
2536
2437
2484
2557
2509
2306
2364
2523
2450
2581
2596
2484
2540
2570
2392
2626
2575
2571
2588
2601
2498
2501
2475
2627
2510
2587
2529
2569
2529
2536
2692
2650
2643
2549
2641
2662
2616
2540
2595
2513
2616
2598
2608
2599
2659
2671
2501
2621
2569
2773
2694
2741
2609
2707
2736
2756
2704
2689
2751
2742
2727
2760
2701
2601
2781
2663
2675
2741
2779
2828
2866
2693
2830
2740
2705
2673
2909
2737
2657
2788
2845
2824
2776
2861
2838
2825
2829
2848
2836
2846
2783
2909
2848
2841
2864
2752
2768
2955
2876
2929
2902
2853
2784
2880
2781
2951
2854
2885
2885
2933
2980
3060
2862
2982
2861
2822
2813
2847
2992
3097
2942
2874
3077
2980
3003
3005
3097
3056
2973
3071
3112
2972
3025
3079
3022
3089
3127
3071
3054
3042
2876
3046
3139
3175
3115
3271
3111
3310
3103
3051
3346
3179
3182
3233
3207
3192
3278
3163
3203
3207
3246
3282
3348
3387
3291
3215
3329
3373
3212
3319
3361
3379
3534
3515
3325
3362
3395
3407
3574
3324
3388
3543
3450
3448
3501
3726
3672
3523
3659
3602
3565
3667
3590
3648
3633
3565
3669
3781
3639
3745
3777
3677
3781
3795
3726
3787
3739
3736
3677
3816
3911
4040
3742
3780
3819
3951
3875
3754
3982
4054
4150
4125
4121
4058
4178
4069
4207
4047
4083
4137
4100
4164
4099
4212
4244
4234
4402
4150
4319
4299
4244
4487
4324
4502
4459
4456
4428
4450
4602
4363
4478
4411
4527
4413
4671
4510
4475
4604
4630
4719
4507
4654
4689
4789
4869
4826
4876
4808
5045
4870
4917
5009
4795
5107
5021
4856
5006
5218
4981
5097
5197
5069
5079
5184
5254
5104
5361
5320
5357
5329
5368
5326
5432
5402
5464
5414
5607
5414
5474
5476
5444
5560
5564
5511
5763
5685
5676
5772
5758
5901
5650
5966
5904
5960
5864
5992
6031
5952
6133
6144
6093
6201
6122
6146
6090
6106
6285
6366
6273
6299
6260
6452
6438
6594
6524
6392
6720
6712
6572
6344
6495
6670
6800
6652
6637
6668
6806
6852
6954
6927
6747
6843
6821
7006
7100
6968
7115
7125
7078
7174
7036
7092
7223
7238
7372
7270
7348
7292
7305
7452
7427
7498
7487
7506
7572
7519
7684
7712
7688
7754
7775
8007
7774
7976
7832
7832
7868
7779
7738
8088
8073
8091
8180
8042
8106
8317
8386
8373
8376
8438
8357
8395
8360
8435
8279
8445
8492
8467
8574
8598
8548
8745
8615
8629
8669
8653
8688
8762
8617
9029
8671
8774
9013
8906
9002
9006
9007
9086
9187
9026
9152
9152
9062
9050
9388
9357
9200
9213
9491
9445
9397
9447
9570
9402
9325
9472
9542
9623
9875
9988
9680
9732
9651
9666
9860
9883
9948
9971
10014
9989
10164
9995
9939
9937
10092
9993
10192
10272
9940
10263
10239
10255
10321
10505
10476
10561
10575
10346
10459
10380
10702
10490
10426
10624
10516
10383
10600
10398
10660
10788
10610
10774
10701
10960
10822
10963
10972
10990
10756
10759
11046
11044
11174
11072
11147
11070
11144
10966
11092
11172
11060
11346
11068
11334
11138
11290
11236
11240
11357
11540
11765
11264
11473
11372
11585
11481
11660
11474
11271
11570
11398
11260
11783
11644
11740
11776
11828
11910
11985
11584
11761
11651
11722
11860
11572
11724
11768
11957
11834
11908
11670
11559
11861
11963
11996
11709
11797
12087
11913
12012
11697
11982
11750
11926
11893
11782
11844
11653
11758
12022
12043
12001
11804
11691
12011
11862
11904
12026
11936
11981
11719
11976
11874
11762
11675
11943
11670
11930
11754
11650
11685
11757
11759
11648
11738
11498
11916
11681
11580
11633
11331
11524
11466
11422
11573
11316
11520
11382
11514
11288
11299
11593
11557
11276
11205
11192
11373
11260
11390
11221
10937
11031
10843
11052
11118
10722
11097
11141
11029
11002
10985
10799
10794
10794
10901
10830
10898
10798
10711
10758
10795
10858
10596
10420
10389
10496
10637
10438
10482
10504
10347
10489
10610
10416
10249
10508
10469
10169
10348
10266
10360
10171
10239
9914
10205
10154
9916
10057
9746
9868
9887
10059
9866
9997
9900
9888
9837
9732
9821
9523
9885
9698
9799
9851
9733
9769
9302
9527
9762
9481
9639
9528
9414
9412
9493
9384
9474
9401
9433
9476
9291
9348
9228
9306
9045
9196
9355
9294
9271
9128
9093
9153
8953
9206
9102
9264
8888
8992
9013
8937
8909
8841
8867
8878
8997
8863
8914
8780
8793
8954
8692
8889
8723
8925
8580
8632
8732
8431
8580
8637
8569
8585
8497
8588
8440
8532
8423
8226
8352
8205
8321
8166
8107
8393
8443
8203
8100
8150
8296
8348
8063
8261
8036
7944
8053
7956
8018
7901
7820
7991
8242
7952
8084
7933
7951
8054
7850
7833
7782
7984
7795
7587
7905
7685
7752
7739
7710
7717
7696
7635
7653
7578
7800
7631
7666
7401
7451
7552
7548
7500
7629
7433
7425
7547
7626
7447
7256
7318
7450
7257
7023
7350
7188
7234
7362
7179
7116
7143
7170
7164
7173
7069
7130
7164
7008
7197
7140
7037
7101
6925
7149
6798
7034
6879
6840
6846
7039
6799
6918
6838
6865
6885
6738
6756
6649
6898
6939
6670
6836
6696
6840
6667
6643
6673
6735
6695
6558
6696
6596
6613
6573
6503
6637
6692
6554
6620
6430
6378
6408
6375
6421
6598
6491
6533
6450
6532
6408
6305
6447
6496
6131
6199
6405
6289
6576
6213
6331
6319
6124
6220
6223
6316
6143
6111
6049
6254
6196
6231
6077
6153
6272
6109
6129
6102
6035
5854
5820
6033
5931
6110
5917
6236
5974
6028
6164
5960
5951
5964
5984
5885
5929
5952
6011
5782
5832
5943
5700
5942
5844
5668
5867
5784
5628
5640
5665
5525
5743
5724
5649
5804
5856
5463
5500
5463
5593
5469
5469
5430
5377
5549
5405
5561
5462
5382
5430
5364
5363
5405
5372
5341
5314
5356
5286
5270
5199
5242
5205
5246
5403
5093
5148
5284
5200
4967
5052
5220
5171
5087
5036
5022
5106
5065
4920
5011
5078
5027
5019
5090
4916
5014
4927
4922
4864
4881
4915
4826
4738
4973
4941
4922
4913
4829
4775
4723
4790
4816
4626
4829
4700
4718
4678
4569
4918
4733
4544
4840
4671
4677
4497
4674
4765
4858
4611
4676
4530
4701
4651
4584
4646
4520
4573
4618
4557
4680
4617
4660
4582
4653
4537
4690
4731
4502
4477
4645
4551
4470
4475
4466
4491
4630
4578
4579
4392
4531
4498
4650
4573
4469
4424
4552
4593
4532
4529
4348
4367
4490
4496
4402
4544
4411
4461
4449
4409
4463
4473
4492
4540
4438
4581
4631
4584
4525
4534
4525
4457
4513
4506
4441
4494
4408
4425
4588
4530
4543
4413
4477
4474
4468
4551
4456
4369
4530
4555
4520
4478
4521
4471
4484
4282
4477
4583
4446
4519
4332
4494
4494
4538
4570
4463
4382
4485
4650
4593
4356
4352
4353
4445
4408
4457
4240
4403
4421
4436
4452
4414
4399
4397
4430
4424
4474
4441
4417
4303
4392
4294
4596
4368
4712
4402
4390
4502
4505
4375
4479
4377
4431
4488
4323
4368
4449
4422
4474
4586
4502
4478
4476
4575
4317
4330
4381
4450
4409
4345
4440
4523
4584
4395
4390
4395
4455
4536
4501
4494
4537
4419
4508
4558
4551
4575
4390
4597
4419
4489
4509
4322
4497
4523
4400
4556
4575
4691
4509
4474
4514
4358
4534
4388
4500
4305
4646
4441
4606
4445
4521
4531
4461
4480
4496
4622
4367
4520
4487
4554
4516
4537
4513
4391
4382
4558
4640
4574
4476
4428
4578
4414
4581
4460
4496
4433
4530
4533
4537
4437
4395
4595
4357
4597
4543
4393
4527
4631
4457
4337
4456
4352
4598
4522
4550
4425
4486
4434
4495
4457
4435
4550
4437
4570
4464
4431
4483
4468
4402
4377
4366
4375
4398
4395
4322
4388
4452
4408
4391
4366
4369
4399
4248
4347
4336
4334
4321
4392
4319
4308
4435
4271
4197
4417
4290
4301
4327
4267
4480
4326
4441
4328
4325
4340
4298
4338
4240
4231
4274
4246
4323
4330
4266
4378
4360
4318
4362
4470
4492
4482
4455
4430
4286
4358
4252
4258
4391
4375
4236
4326
4356
4375
4233
4185
4311
4158
4303
4249
4429
4267
4237
4312
4361
4251
4299
4262
4275
4239
4300
4196
4195
4347
4402
4404
4277
4273
4379
4395
4457
4440
4298
4266
4228
4281
4285
4360
4426
4331
4236
4498
4280
4209
4338
4370
4349
4384
4422
4389
4333
4401
4364
4331
4383
4397
4429
4351
4435
4400
4416
4305
4395
4554
4363
4453
4561
4461
4470
4403
4477
4556
4408
4664
4509
4461
4441
4659
4569
4571
4564
4615
4568
4664
4557
4701
4666
4670
4690
4726
4730
4911
4869
4946
5021
4935
4877
4954
4893
4996
5111
5126
5032
5175
5121
5119
5076
5225
5194
5332
5301
5275
5299
5213
5472
5576
5473
5548
5672
5603
5517
5517
5729
5637
5660
5663
5890
5721
5892
5785
5708
5675
5912
5908
6029
6104
5943
5939
5973
6090
6105
6159
6335
6082
6292
6143
6578
6114
6322
6178
6203
6495
6521
6397
6488
6472
6527
6719
6854
6502
6769
6914
6674
6809
6870
6933
7027
7134
6932
7058
7141
7206
6946
7084
7000
6897
7110
7192
7195
7220
7220
7361
7421
7543
7391
7653
7554
7478
7592
7596
7861
7838
7770
7693
7829
7819
7815
7925
7962
8256
8030
7980
8098
8136
8116
8226
8326
8309
8230
8233
8356
8532
8354
8600
8657
8663
8581
8894
8882
8780
8822
8695
8905
8932
9157
8675
8926
9090
9017
9171
9332
9340
9305
9330
9186
9282
9499
9644
9500
9482
9505
9662
9947
9894
9868
9903
10127
10151
9694
10060
10254
10260
10345
10517
10233
10425
10477
10632
10710
10626
10719
10666
10326
10757
10551
10678
10878
10706
10948
11261
11275
11191
11213
11229
11371
11336
11449
11688
11880
11556
11765
11722
11860
12026
12102
12228
12326
12470
12229
12301
12522
12449
12590
12387
12861
12749
12888
13029
13145
13146
13211
13109
13376
13128
13591
13778
13595
13476
13857
13867
14139
14172
13896
13914
14387
14249
14365
14701
14714
14669
14766
14980
14997
15285
15017
15348
15554
15229
15847
15609
15573
15812
16022
15946
16045
16475
16376
16441
16534
16597
16951
16993
16842
17147
17293
17394
17708
17882
17914
17696
18147
18206
18410
18296
18744
19118
18878
18828
19489
19493
19562
19762
20036
20034
20519
20156
20589
20766
21140
20854
21029
21151
21792
21718
22450
22348
22744
22628
22904
22920
23380
23734
23690
24008
24333
24826
24743
25775
25246
26088
26475
26570
27136
27749
27646
27883
28138
28654
28695
28712
29332
29768
29990
29812
29894
29990
30056
30181
30340
30618
30924
31236
31191
30976
31243
31130
31833
31811
31920
31940
31894
32308
32152
32633
32557
32758
32616
33242
33246
32931
33144
33280
33280
33428
33485
33882
33364
33608
33812
33804
34304
33626
33739
33688
34092
34248
34284
34744
34228
34554
34566
34235
34285
34262
34566
34509
34588
34468
34719
34540
35200
34765
34908
34589
34411
34436
34818
34696
34548
34228
34884
34650
35021
35004
34733
35133
34804
34916
34381
34756
34760
34970
34582
34520
34845
34683
34636
34269
34840
34606
34589
34824
34456
34391
34884
34692
34825
34740
34832
34564
34665
34852
34868
34729
34523
34565
34620
34388
34388
34952
34792
34490
34904
34036
34407
34884
34125
34332
34488
34202
34112
33898
33788
33605
33536
33162
33014
33225
33045
32518
32485
32852
32682
32743
32810
32928
32734
32177
32884
32669
33034
32969
33508
33064
32917
33446
33236
32938
33145
33088
33037
32954
32973
33120
32578
32666
32630
32462
32607
32809
32525
32776
32788
32916
32396
32700
32682
32537
32516
32329
32700
32443
32029
32332
32173
32686
32265
32364
32220
32448
32192
31972
31896
32012
32018
31772
31783
31874
31483
31268
31140
30841
30692
30849
30616
30446
30340
30536
30269
30100
30301
29824
30344
29693
29800
29988
30046
30276
30202
30074
30100
30084
29924
30683
30427
30184
29844
29828
30216
29628
29427
28824
28695
28583
28607
28040
28237
27581
27994
27454
27515
27615
27981
27953
28411
28245
28766
28208
28244
28456
28325
28653
28527
28091
28202
28458
27942
27334
27476
27641
26995
27253
26902
27108
27322
27236
27331
26798
26923
26744
25949
25956
25841
25777
25804
25628
25586
25750
25505
25672
25821
25399
25682
25516
25354
25526
25438
25439
25282
25172
25060
24842
25165
25233
24809
24804
25131
25121
25083
24852
24688
24522
24573
24272
24522
24048
24551
23861
24105
23808
23953
24100
23956
23621
23952
23452
23364
23174
23252
23270
23062
22867
22434
22683
22622
22440
22311
22474
22560
22378
22352
21988
22057
21714
21616
21995
21896
21436
21643
21604
21676
20932
21241
21132
21290
20983
21120
21128
20493
20371
20882
20650
20824
20199
20440
20380
20418
19989
19883
19556
20054
20145
19661
19549
19798
19370
19295
19319
19143
19148
18918
18874
18820
18754
18476
18431
18498
18138
18330
18152
18230
17946
17557
17788
17478
17124
17183
17074
16730
16838
16664
17078
16922
16907
16901
16487
16727
16484
16329
16150
16277
16073
15617
15716
15598
15428
14994
15050
14841
14804
14703
14786
14643
14585
14538
14472
14156
14184
14250
14262
14090
14096
13746
13709
13864
13508
13425
13644
13442
13578
13156
13076
12949
12741
12848
12870
12454
12538
12445
12372
12352
11916
11950
12028
11929
11969
11761
11546
11676
11127
11644
11256
11249
10966
11068
11076
10812
10634
10800
10472
10233
10504
10466
10334
10224
10282
10003
9978
9742
9745
9794
9603
9455
9446
9472
9123
9188
9108
9132
8922
8683
8754
8763
8562
8835
8509
8616
8382
8341
8258
8154
8045
8025
7709
7882
7773
7637
7649
7265
7553
7527
7516
7616
7420
7424
7042
7117
6816
7115
7011
6723
7012
6775
6726
6498
6758
6608
6393
6615
6493
6372
6259
6260
6341
6427
6207
6185
6047
6112
6206
5948
5985
5804
5814
5703
5746
5858
5680
5753
5872
5646
5567
5716
5550
5509
5337
5648
5551
5227
5340
5341
5361
5201
5234
5181
5123
5186
5205
5045
5048
5019
5072
5013
4972
4912
4869
4791
4713
4749
4811
4618
4605
4639
4562
4595
4346
4354
4311
4195
4228
4288
4275
4143
4181
4160
4125
4033
3975
3902
3947
3803
3778
3777
3666
3514
3521
3558
3366
3501
3495
3348
3406
3269
3101
3196
3225
3179
3074
3010
2937
2844
2839
2844
2773
2731
2621
2639
2625
2439
2465
2455
2549
2456
2397
2449
2347
2403
2468
2400
2459
2444
2420
2237
2468
2354
2353
2340
2307
2381
2300
2523
2356
2385
2403
2244
2278
2393
2349
2258
2384
2255
2344
2353
2350
2253
2380
2384
2335
2296
2308
2291
2320
2387
2289
2322
2123
2294
2341
2245
2287
2268
2215
2316
2310
2362
2297
2370
2301
2353
2167
2178
2156
2299
2350
2219
2232
2294
2215
2246
2291
2252
2325
2296
2235
2294
2228
2342
2342
2155
2314
2154
2267
2224
2217
2260
2247
2257
2192
2300
2024
2235
2219
2266
2184
2206
2271
2241
2155
2176
2205
2252
2097
2180
2258
2149
2189
2166
2356
2247
2283
2102
2253
2290
2229
2244
2175
2185
2155
2178
2166
2155
2103
2206
2192
2081
2355
2248
2096
2082
2358
2257
2156
2179
2168
2200
2223
2179
2174
2183
2244
2063
2183
2164
2097
2155
2252
2279
2090
2233
2078
2210
2125
2170
2222
2160
2106
2164
2214
2073
2107
2182
2100
2126
2172
2134
2059
2254
2175
2146
2207
2166
2140
2223
2104
2158
2115
2203
2174
2116
2045
2127
2127
2129
2156
2186
2141
2173
2173
2167
2083
2176
2063
2157
2130
2142
2132
2040
2078
2043
2028
2124
2117
2113
2068
2042
2097
2089
2153
2152
2228
2103
2079
2145
2145
2004
2040
2057
2036
2032
2085
2115
2034
2008
2098
2202
2189
2118
2156
2075
2109
2106
2215
2123
2112
2060
2152
2129
2096
2063
2120
2132
2087
1998
2105
2071
2156
2047
2097
2185
2082
1966
2014
2028
2181
2047
2056
1998
2036
2092
2066
2067
2036
2116
2005
2049
2065
2080
1988
2029
2069
1989
2001
2068
2079
2030
2119
2006
2064
2034
2121
2152
2026
2055
2176
1955
2109
2176
2142
2097
2048
2019
2089
2015
2160
1941
2014
2050
2074
2103
2098
2107
1971
2129
2034
2065
2183
2047
2103
1990
2003
2162
1944
2014
2022
2105
1894
2072
2072
1943
2029
2009
1983
2189
2069
2039
2017
1998
2059
2063
2038
2119
2067
2118
1978
1985
1959
1933
1906
2016
1953
2007
2025
2055
2014
2007
1965
2062
2104
2026
1893
2015
2084
2116
2027
2093
1924
1931
2098
1909
1992
2024
1972
2016
2019
2028
1975
2036
2084
1987
2000
2047
2066
1993
2055
2147
1942
2091
1968
1963
2099
2038
2053
1993
1996
2054
1966
2047
1929
2034
1929
1936
2007
2104
2162
2095
2084
1983
1918
2009
2051
2132
1933
1964
1924
2090
2029
1957
2027
1989
1998
1950
1993
1965
1963
1908
2077
1981
1972
2022
2044
2034
1947
2047
1976
1999
2015
1961
1986
1956
2081
1947
1963
1983
1939
1957
1965
2040
1979
1993
1962
2025
1969
1901
2035
1965
1907
2051
2067
1963
2035
1970
1948
2006
2043
2163
1979
1917
1955
1931
1995
2079
2106
1976
2035
2011
2040
1972
1986
1931
1975
2040
1948
2081
1942
2015
1973
2033
1960
1965
2030
1923
2027
2010
1994
1978
2127
2007
1997
2022
1927
1994
1908
1967
2011
1926
2053
1952
2007
1942
2040
2003
1945
2038
1955
1986
1947
1956
2061
1983
2011
1978
1901
1928
1975
1937
2004
2041
2013
1949
1858
1962
1964
1988
1990
1995
1872
1928
2025
1953
2038
2047
1970
1890
2043
1973
2002
1905
2015
2013
1930
1983
1960
2078
1943
1931
2041
2067
1982
2002
2004
1898
1943
2057
1974
2013
1914
2029
2029
1887
2041
