1661
1627
1535
1558
1475
1535
1507
1461
1418
1524
1520
1490
1513
1469
1497
1515
1451
1564
1623
1459
1521
1493
1538
1589
1550
1621
1547
1496
1436
1576
1522
1494
1527
1516
1578
1585
1513
1655
1521
1581
1570
1588
1492
1496
1416
1482
1585
1494
1495
1557
1509
1436
1490
1510
1490
1499
1598
1494
1469
1647
1475
1518
1462
1517
1530
1546
1588
1513
1530
1607
1624
1503
1614
1576
1625
1480
1529
1493
1551
1459
1540
1530
1549
1675
1600
1459
1553
1519
1597
1475
1544
1483
1560
1563
1487
1546
1559
1576
1563
1623
1581
1510
1585
1524
1636
1480
1523
1575
1537
1623
1525
1533
1521
1484
1602
1654
1453
1572
1546
1570
1519
1515
1422
1490
1508
1663
1663
1586
1455
1513
1592
1523
1532
1597
1555
1486
1467
1546
1491
1494
1500
1492
1552
1596
1515
1657
1532
1537
1488
1578
1460
1584
1471
1571
1481
1603
1473
1584
1593
1559
1503
1658
1496
1612
1545
1570
1523
1497
1532
1606
1399
1525
1549
1558
1628
1441
1604
1545
1498
1602
1549
1663
1593
1586
1516
1533
1541
1590
1538
1574
1524
1636
1559
1585
1617
1600
1660
1658
1525
1583
1495
1521
1603
1605
1537
1585
1589
1586
1519
1538
1533
1668
1641
1559
1561
1590
1568
1633
1504
1528
1497
1553
1565
1571
1544
1512
1663
1560
1594
1657
1766
1610
1666
1511
1578
1507
1557
1654
1484
1413
1651
1662
1601
1574
1533
1547
1512
1641
1564
1605
1684
1604
1580
1619
1600
1592
1580
1582
1520
1505
1574
1443
1557
1561
1639
1597
1583
1556
1665
1591
1507
1594
1586
1581
1643
1556
1650
1687
1618
1511
1537
1531
1530
1507
1581
1592
1577
1602
1721
1490
1689
1680
1584
1564
1529
1568
1581
1593
1526
1541
1568
1509
1590
1556
1643
1554
1675
1647
1564
1575
1479
1567
1621
1574
1602
1585
1703
1554
1664
1468
1595
1615
1703
1629
1614
1567
1697
1660
1604
1720
1665
1619
1651
1673
1700
1671
1603
1549
1625
1598
1688
1649
1661
1617
1672
1626
1706
1731
1633
1624
1708
1680
1625
1709
1694
1662
1618
1666
1698
1601
1690
1685
1673
1636
1752
1697
1647
1643
1581
1734
1562
1751
1758
1663
1735
1652
1669
1744
1751
1602
1809
1615
1783
1568
1534
1702
1641
1656
1662
1677
1619
1680
1652
1701
1673
1633
1675
1740
1669
1780
1661
1778
1650
1689
1803
1722
1694
1700
1667
1787
1712
1773
1603
1756
1732
1693
1702
1643
1712
1639
1699
1755
1700
1731
1672
1777
1718
1723
1761
1696
1726
1877
1806
1696
1832
1799
1729
1733
1772
1784
1690
1736
1611
1725
1756
1712
1789
1617
1787
1714
1840
1646
1750
1743
1754
1849
1806
1791
1845
1753
1693
1687
1694
1818
1806
1721
1715
1756
1754
1790
1778
1759
1710
1765
1632
1929
1901
1735
1874
1739
1871
1820
1777
1897
2006
1808
1902
1849
1932
1764
1870
1848
1803
1775
1826
1838
1856
1894
1865
1789
1882
1828
1809
1882
1958
1808
1875
2012
1772
1772
1918
1772
1929
1787
1833
1869
1908
1899
1860
1821
1802
1856
1877
1864
1976
1952
1848
1981
1893
1838
1950
1919
1935
1927
1964
1854
1869
1947
1794
1795
1910
1896
1834
1887
1849
1877
1885
1937
1852
2041
1929
1743
1899
1925
1957
1904
1890
2009
1875
1847
1954
1907
1972
1918
1968
1987
1896
1972
1880
2014
2010
1961
1830
1936
1864
1893
1950
2030
1893
1938
1956
2075
2045
1925
1927
2052
1947
1962
1988
2033
1973
2040
1907
2002
1997
1990
2068
1877
2049
1948
2066
1985
1994
2062
2002
2028
2054
1936
2105
2010
1875
2006
2059
2026
1999
1916
2049
1986
1906
2098
1990
2022
2083
2191
2039
1971
2014
2049
2124
2071
2147
1898
2035
2047
2013
2010
1989
2046
2049
2161
2118
2003
2090
2002
2106
2047
2229
2098
2128
2059
2094
2044
2058
2124
2029
2116
2161
2034
2139
2086
2060
2120
2067
2036
2214
2180
2039
2047
2108
2073
2087
2147
2106
2147
2179
2254
2164
2199
2151
2164
2201
2086
2170
2131
2089
2103
2173
2026
2205
2263
2194
2281
2051
2242
2108
2245
2220
2143
2203
2226
2158
2198
2270
2129
2172
1983
2229
2186
2265
2243
2309
2172
2397
2237
2371
2231
2270
2215
2244
2301
2284
2268
2289
2203
2284
2340
2359
2305
2259
2244
2303
2301
2436
2299
2271
2220
2344
2265
2163
2284
2298
2310
2364
2234
2336
2324
2387
2342
2312
2351
2394
2382
2420
2460
2295
2403
2381
2401
2357
2322
2408
2383
2379
2367
2446
2431
2541
2396
2427
2383
2395
2428
2413
2415
2480
2399
2501
2495
2537
2579
2518
2467
2479
2515
2461
2546
2457
2520
2586
2495
2409
2570
2562
2442
2495
2494
2600
2596
2445
2734
2441
2408
2581
2528
2635
2648
2601
2474
2713
2440
2687
2622
2504
2667
2582
2583
2666
2619
2653
2716
2589
2604
2615
2462
2713
2618
2688
2644
2589
2683
2725
2743
2661
2681
2612
2680
2748
2715
2564
2781
2640
2609
2622
2724
2698
2670
2771
2634
2736
2612
2800
2821
2743
2846
2757
2705
2729
2748
2868
2789
2743
2835
2779
2749
2812
2904
2769
2769
2969
2749
2855
2856
2883
2774
2904
2866
2865
2804
2813
2852
2856
2900
2795
2905
2869
3015
2869
2909
2947
3029
2919
3061
3037
3026
2987
2910
3037
2932
3037
2980
3025
2957
2973
3064
3066
3165
3179
3117
3047
3105
3235
3252
3178
3232
3139
3053
3150
3166
3175
3348
3173
3247
3233
3270
3252
3282
3189
3110
3337
3258
3322
3256
3337
3358
3428
3556
3402
3300
3243
3455
3362
3396
3467
3534
3576
3442
3405
3496
3521
3504
3603
3487
3736
3491
3626
3713
3628
3551
3693
3634
3667
3746
3784
3617
3694
3612
3849
3782
3872
3792
3784
3885
3820
3784
3931
3844
3948
3949
4168
3897
3967
3901
4015
4054
3844
4014
4059
4072
4144
4000
4168
4056
4133
4279
4268
4306
4164
4148
4405
4498
4313
4454
4279
4233
4195
4266
4402
4366
4422
4552
4638
4480
4544
4578
4645
4545
4624
4621
4534
4668
4730
4659
4836
4765
4787
4747
4709
4837
4654
4864
4869
4956
4991
4750
5030
5000
5087
5072
5162
5141
5156
5125
5046
5262
5092
5365
5360
5175
5191
5321
5294
5333
5271
5397
5466
5407
5492
5468
5655
5435
5515
5442
5664
5441
5711
5707
5668
5777
5863
5931
5738
5700
5801
5695
5954
5916
5971
5894
5899
6024
5906
6118
5896
6062
6156
6169
6192
6129
6346
6196
6299
6248
6514
6489
6504
6337
6345
6253
6440
6648
6511
6487
6569
6672
6733
6704
6610
6601
6572
6795
6850
6831
6716
6778
6920
6858
6823
6990
7034
6932
7103
7060
6996
7083
7179
7277
7366
7218
7235
7298
7178
7513
7236
7268
7286
7459
7447
7440
7399
7543
7523
7691
7543
7691
7768
7548
7390
7800
7842
7655
7762
7925
7658
7897
7859
7987
8063
7924
7912
7816
7764
7972
8134
8122
8046
8095
7987
8350
8263
8157
8235
8246
8202
8374
8533
8372
8508
8694
8229
8460
8700
8520
8420
8398
8594
8381
8681
8657
8750
8635
8802
8800
8675
8762
8900
8884
8936
8878
8823
8889
9053
8942
9049
9139
9022
9313
9201
9213
9221
9105
9239
9240
9365
9237
9164
9395
9422
9589
9438
9272
9638
9437
9498
9732
9450
9805
9596
9768
9721
9723
9703
9640
9633
9780
9930
9712
9866
9682
9755
9905
9996
9952
10036
10089
9928
9994
10077
10230
10228
10234
10252
10298
10285
10133
10362
10186
10209
10326
10427
10330
10384
10074
10485
10456
10373
10585
10646
10329
10699
10550
10686
10740
10354
10427
10826
10619
10708
10676
10693
10808
10700
10782
10616
10833
10727
10789
10609
10917
10746
10858
10788
10705
10562
10778
10832
10743
10848
10784
10938
11051
10871
10764
10905
10816
11024
10729
10992
11072
10743
10814
10880
11060
11124
11061
11232
11298
10990
10883
10966
10850
10978
11077
10892
10778
10912
11198
10934
10870
10868
10925
10846
10988
10930
11024
10813
10802
10948
10876
10763
10603
10898
10982
10707
10746
10825
10653
10600
10790
10730
10720
10752
10529
10452
10610
10661
10870
10538
10517
10615
10607
10402
10180
10385
10484
10383
10174
10181
10188
10477
10409
10134
10048
10160
10024
10150
10083
10188
10082
9876
10107
9947
10016
9819
9839
9900
10108
9927
9804
9974
9664
9702
9786
9851
9391
9586
9689
9616
9691
9581
9516
9680
9773
9345
9416
9605
9544
9384
9375
9604
9274
9408
9145
9342
9230
9206
9375
9187
9223
9272
9167
9302
9102
9132
9014
9082
9135
9043
8933
9045
9028
8820
9022
9075
9174
8889
8891
8692
8762
8782
8860
8698
8820
8691
8829
8692
8834
8730
8746
8621
8432
8691
8486
8584
8507
8486
8514
8550
8403
8529
8411
8350
8327
8512
8526
8428
8273
8332
7974
8303
8295
8274
8448
8199
8373
8081
8144
8083
8162
7989
8084
8037
8100
8030
7921
7939
8056
7856
7952
7720
7899
7598
7877
7880
7757
7759
7590
7823
7726
7949
7669
7846
7686
7601
7641
7681
7750
7790
7562
7506
7606
7192
7404
7352
7514
7479
7476
7562
7293
7520
7304
7388
7424
7435
7450
7133
7211
7210
7213
7284
7267
7359
7331
7269
7022
7206
7059
7105
7190
6997
7034
7039
7149
6995
7140
6962
6914
7045
6966
7063
6996
7013
6980
6913
6946
6827
6901
6955
6718
6727
6769
6942
6784
6688
6784
6751
6697
6607
6521
6630
6650
6802
6740
6686
6572
6626
6552
6764
6355
6318
6428
6492
6396
6245
6442
6434
6402
6448
6406
6349
6196
6297
6340
6381
6347
6302
6313
6341
6252
6237
6191
6345
6278
6241
6028
6176
5977
6159
6143
6097
6100
6152
6093
5963
6166
6079
6052
6116
6095
6037
6040
5842
6068
6103
5922
6075
5847
6010
5896
5951
5952
5799
5929
5773
5966
5969
6017
5860
5992
5784
5696
5843
5726
5731
5641
5800
5699
5569
5643
5776
5620
5693
5658
5696
5650
5543
5723
5726
5702
5494
5408
5804
5578
5610
5468
5531
5403
5411
5509
5492
5419
5300
5380
5404
5403
5335
5461
5581
5465
5333
5403
5332
5337
5231
5351
5203
5265
5108
5098
5242
5164
5169
5123
5242
5131
5020
5056
5185
4918
5208
5149
5101
5020
5132
5034
4926
5145
4997
5120
5069
4987
4989
5018
4835
4926
4891
4843
4967
4835
4840
4864
4934
4875
4893
4667
4787
4676
4711
4888
4733
4656
4817
4731
4706
4836
4677
4786
4789
4767
4527
4635
4721
4604
4580
4550
4734
4461
4314
4489
4547
4420
4403
4423
4510
4480
4453
4634
4566
4321
4370
4406
4406
4579
4361
4454
4301
4374
4314
4340
4243
4343
4234
4352
4507
4340
4313
4325
4350
4306
4252
4327
4379
4299
4435
4138
4211
4224
4104
4292
4348
4174
4187
4232
4201
4225
4132
4272
4112
4209
4114
4141
4391
4224
4214
4357
4261
4256
4386
3999
4236
4210
4097
4189
4203
4359
4332
4227
4279
4349
4311
4174
4147
4150
4237
4205
4182
4217
4265
4228
4098
4266
4153
4228
4280
4150
4260
3994
4191
4202
4043
4282
4202
4253
4273
4209
4205
4144
4223
4159
4233
4331
4145
4150
4311
4301
4222
4247
4305
4144
4143
3967
4207
4199
4219
4185
4215
4148
4076
4185
4095
4151
4104
4043
4260
4199
4256
4097
4189
4111
4030
4172
4278
4165
4080
4084
4275
4090
4115
4116
4215
4202
4043
4063
4200
4172
3957
4194
4089
4308
4108
4180
4062
4244
4127
4124
4222
4214
4291
4219
4004
4192
4239
4214
4271
4218
4164
4190
4301
3972
4149
4102
4143
4120
4181
4173
4164
4067
4067
4027
4155
4246
4293
4070
4415
4208
4149
4143
4123
4097
4165
4122
4303
4269
4293
4052
4072
4166
4208
4299
4220
4227
4105
4093
4284
4091
4232
4120
4261
4346
4315
4088
4198
4123
4218
4203
4116
4186
3967
4161
4321
4310
4259
4227
4179
4235
4200
4313
4196
4295
4128
4275
4177
4150
4184
4140
4065
4099
4220
4124
4170
4055
4253
4175
4197
4194
4194
4191
4189
4180
4123
4102
4122
4095
4106
4237
4033
4285
4209
4161
4057
4061
4029
4115
4179
4215
4102
4186
3991
4116
3997
4076
4100
4120
4012
4078
4079
4117
4155
4260
4159
3930
4111
4026
4164
3995
4095
4086
4268
4164
4026
4128
3971
4138
4133
4188
4044
4106
4002
4069
4006
3988
4102
4028
4010
4034
4013
4172
4025
4089
3961
3992
4070
4014
4027
4065
4061
4015
4075
4122
4087
3955
3986
4096
4039
4053
4127
4079
4067
3995
4001
3966
4095
4153
4036
4103
4006
4089
4073
4051
4137
4040
4160
4090
4089
4058
3912
3972
4062
4036
4042
4038
3996
4092
4123
4013
3846
4172
4045
4005
4146
3942
3964
3992
3958
3988
4089
3999
3959
4143
4088
4013
4012
4094
4043
4158
4118
3853
4191
3998
4178
4009
4262
4088
4085
4099
4014
4200
4130
4058
4190
4289
4054
4065
4094
4219
4082
4194
3988
4158
4140
4169
4201
4302
4276
4328
4264
4295
4292
4199
4253
4280
4239
4161
4394
4340
4386
4278
4455
4550
4390
4580
4489
4454
4612
4484
4544
4637
4527
4663
4686
4704
4502
4619
4838
4709
4822
4886
4795
4857
4845
4790
4975
5091
4978
5019
4997
5014
5288
4995
5158
5061
5225
5090
5305
5200
5092
5276
5356
5387
5354
5498
5460
5315
5390
5561
5665
5514
5519
5654
5760
5767
5696
5780
5635
5672
5772
5778
5823
6052
5880
5872
5973
6131
5990
6013
6160
6044
6187
6004
6234
6100
6143
6062
6223
6252
6284
6285
6400
6382
6558
6523
6633
6627
6642
6544
6590
6334
6633
6586
6676
6608
6982
6765
6947
6845
6946
6923
7046
7137
7017
7056
7278
7173
7020
7251
7363
7283
7340
7357
7604
7403
7573
7339
7272
7574
7592
7594
7645
7719
7675
7703
7760
7701
7857
7806
7910
7784
7954
8185
8120
8156
8026
8265
8378
8347
8143
8188
8401
8488
8658
8511
8427
8309
8553
8547
8613
8753
8687
8756
8608
8882
8863
8898
9011
9253
9233
9162
9401
9459
9358
9298
9310
9474
9436
9606
9431
9570
9666
9520
9597
9814
9801
9760
9868
10034
9711
9746
9940
10156
9968
10366
10253
10247
10313
10298
10346
10461
10523
10532
10924
10734
10841
10790
10957
10893
11008
11182
10909
11238
11397
11484
11469
11512
11353
11588
11581
11798
11648
11924
11975
11924
11758
11943
12076
12352
12340
12518
12361
12402
12962
12637
12970
12633
12947
12877
12984
13084
13379
13166
13295
13426
13344
13529
13506
13660
13891
13760
14024
14117
14150
14354
14346
14484
14341
14699
14593
14934
14755
14959
14940
15295
15607
15758
15520
15695
15815
16026
16058
16222
16047
16532
16546
16586
16820
16855
17082
17316
17018
17472
17814
17704
17901
17993
18231
18058
18116
18738
19143
19034
19012
19220
19522
19758
19589
19916
20220
20439
20470
20777
20842
21532
21544
21776
21556
22333
22587
22683
23256
23177
23887
23820
24454
24668
24504
25012
24859
25328
25489
25328
26200
25974
26924
26516
27047
27042
27003
27369
27597
27813
27700
27852
27904
27668
28127
28162
28496
28116
28398
29048
28998
28813
29482
29033
29256
29211
29268
29024
29462
29630
29848
29792
29742
29871
30121
30072
30124
29981
30367
30502
30133
30900
30537
30422
30772
30733
30260
30452
30583
30600
30848
30907
30752
30708
30364
30630
30296
31094
31156
31074
31444
30980
31049
30636
31178
31108
31079
31006
30984
31028
30994
30615
30986
31096
30942
31143
30852
31034
31144
31044
30966
31415
30830
31290
31009
31211
30932
30438
30936
31213
31005
31040
31136
30957
31050
30628
31005
31049
30828
30826
30709
30795
30660
31133
31035
30766
30901
30925
31304
31048
31001
30717
30797
30680
30888
30976
30461
30906
30508
30372
30596
30185
30413
30317
29976
30210
29602
30061
30080
29226
29364
29285
28928
29040
29024
29338
29248
29126
29636
29648
29550
29876
29663
29339
29480
30280
29622
29383
29674
29549
29252
29178
29288
29312
29424
28932
29022
29288
28843
29217
28909
29024
29238
29130
29130
29242
29305
28990
28740
28928
28904
29005
28965
29082
28333
28886
28477
28800
28316
28756
29227
28552
28381
28599
28436
28397
28182
28133
27906
28234
27764
28139
27909
27384
27560
27240
27274
26681
27172
27096
27077
26828
26808
26880
26988
26716
26580
26978
27046
27196
26995
26891
27089
26964
27042
26968
26948
26808
26312
26052
26039
26112
25984
25544
25311
24918
25112
24918
24788
24525
24634
24858
25059
25467
25252
25344
25416
25354
25400
25540
24870
25453
25350
25088
25054
24858
25068
24786
24286
24239
24294
24112
23910
24037
24259
24234
24100
23818
23830
23532
23521
23266
23524
23191
22666
22985
23002
23004
22926
22851
23150
22697
23116
22954
22656
22718
22586
22505
22980
22557
22475
22261
22140
22213
22328
22535
22269
21930
22196
22080
22272
22136
22080
21801
21916
21837
21526
21685
21470
21456
21197
21387
21572
20868
20798
21194
20795
20812
20881
20404
20749
20376
20228
20488
20203
20208
20148
20116
19812
19620
19866
19722
19526
19645
19881
19573
19705
19405
19498
19188
19227
19280
19012
19222
19160
18898
18755
18578
18618
18988
18671
18299
18366
18258
18060
18285
17999
18279
17880
17760
17831
17757
17689
17444
17383
17280
17098
17045
17323
17028
17171
16662
16957
16889
16874
16723
16499
16442
16212
16416
16286
16070
16150
15666
15876
15527
15838
15401
15290
15254
15275
15137
15108
14885
15030
14694
14729
14745
14438
14897
14491
14290
14275
14245
13826
13666
13468
13323
13790
13326
13335
13166
13462
13532
13136
12674
12685
12791
12719
12770
12622
12498
12525
12273
12264
12469
12276
12115
11966
11852
11786
11738
11770
11569
11530
11291
11492
11089
11268
11037
10826
10873
11066
10836
10628
10372
10525
10532
10422
10565
10326
10018
10110
10129
9936
9767
9704
9638
9487
9674
9540
9362
9282
9286
9033
9069
8842
9019
8922
8937
8628
8663
8602
8489
8205
8578
8312
8422
8288
8018
7949
8058
7801
7618
7848
7690
7710
7696
7355
7323
7268
7280
7264
7255
7032
7193
7117
6974
6826
6617
6622
6598
6505
6518
6724
6598
6491
6564
6381
6188
6077
6189
6225
6038
6102
5982
5841
5939
5709
5846
5982
5844
5692
5762
5621
5545
5508
5449
5780
5484
5378
5335
5443
5385
5247
5096
5204
5187
5185
5217
5038
5070
4991
4998
5003
4861
4946
4928
4888
4773
4790
4886
4715
4618
4729
4470
4784
4760
4607
4477
4488
4624
4542
4358
4257
4451
4337
4341
4340
4247
4209
4314
4133
4115
4079
4025
4152
3940
3858
3896
3797
3849
3676
3728
3663
3783
3704
3782
3513
3620
3460
3406
3413
3171
3347
3315
3273
3254
3063
2998
3112
3023
3136
3040
2794
2860
2935
2844
2701
2734
2617
2620
2502
2532
2410
2458
2432
2287
2414
2229
2326
2434
2320
2366
2274
2308
2319
2286
2261
2258
2302
2292
2249
2252
2163
2225
2156
2057
2237
2307
2246
2230
2254
2363
2251
2268
2190
2145
2118
2089
2166
2219
2214
2059
2124
2218
2236
2067
2260
2197
2114
2194
2185
2157
2145
2119
2198
2260
2283
2117
2115
2219
2118
2167
2170
2142
2162
2105
2164
2170
2119
2132
2157
2183
2113
2049
2166
2138
2035
2169
2067
2126
2047
2114
2124
2071
2116
2112
1998
2152
2040
2141
2090
2059
2194
2150
2154
2143
2200
1944
2114
2151
2156
2084
2133
2037
2201
2084
2098
2086
2027
2147
2201
2039
2195
2082
2129
2170
2070
1946
2004
2081
2104
2092
1970
2052
2043
1997
2016
2003
2094
2096
2091
1995
2151
2084
2022
2020
2039
2046
2125
2006
1995
2103
2034
2092
2116
2076
2016
2122
2061
1964
2056
2141
2068
2047
2095
1978
2139
1969
1946
2068
2100
2088
2029
1975
2013
1926
2040
2034
2020
2095
2010
2067
2091
2144
2123
2064
2038
2141
2017
1919
1962
2052
2031
2198
1924
2003
2119
2103
1989
2023
1894
2090
2019
2027
2035
1947
2047
1955
2127
2027
2097
2062
2013
2028
2027
1954
2026
1931
2056
2098
1997
2001
2070
2076
1983
1935
2020
1977
1888
2063
2084
1983
1997
2037
1961
1999
1979
2077
2029
1978
2071
2066
2018
2008
2016
1945
2010
1889
2028
1910
1952
2126
1989
2039
1830
1963
2025
1985
2040
2012
1838
1840
1942
2087
1978
1998
1902
2018
1918
2077
1873
1968
1991
2133
1986
1989
1937
2113
1996
1957
1946
1949
1966
1968
2014
2045
1879
2022
1952
2015
1925
1917
1922
1913
1973
1987
1906
1936
2115
1893
2059
1959
1886
1946
1935
1951
2031
2021
1969
2004
1891
1853
1930
2013
1972
1920
1926
2043
1939
1940
1843
1888
1947
1966
2001
1950
2026
1919
1904
2002
1958
2037
1989
1868
2025
1901
1938
1948
1911
1958
1991
1938
1969
2007
1963
1980
1977
1998
2048
1917
1921
1831
1941
1993
1912
1976
1997
1971
1832
1894
1847
1991
1901
1863
1969
1843
1909
2006
2003
2006
1952
1865
1910
1987
1923
1921
2004
1832
1898
1894
1940
2046
1838
1927
1906
1973
1896
1974
1963
1996
1820
1900
1944
1891
2030
1908
1975
1971
1886
1929
1883
1819
1907
1908
1892
1943
1977
1962
1824
1965
2057
1879
1887
1977
1930
1976
1931
1912
2001
1946
1855
1856
1945
2002
1942
1894
1927
1872
1939
1908
1967
1945
1891
2011
1941
1835
1951
1884
1959
1948
1974
1852
1951
1937
1959
1951
1943
2013
1970
1919
1908
1977
1885
1944
1900
1784
1840
1936
1755
1852
1897
1923
1874
2078
1948
1935
1947
1913
1861
1922
1984
1919
2068
1963
1900
1858
1982
1912
1954
1943
1909
1965
1848
1915
1962
1870
2012
1942
1915
1844
1941
1881
1917
1956
1739
1867
1828
1821
1936
1925
1867
1949
1988
1921
1872
1942
1990
1968
1943
1842
1861
2018
1941
1912
1976
1969
1941
1958
1696
1976
1897
1869
1820
1905
1816
1896
1886
1934
1945
1874
1873
1935
1891
1819
1938
1885
1918
1794
1848
1894
1989
1780
1920
1914
1938
1986
1976
1972
1880
1791
1827
1922
1834
1920
1894
1976
1875
1883
1954
1872
1877
1903
1804
1938
1931
1851
1892
1890
1764
1919
1854
1925
1826
1891
1925
1833
1959
1828
