1234
1181
1291
1157
1117
1248
1355
1193
1211
1312
1280
1141
1160
1238
1211
1249
1135
1184
1305
1214
1258
1257
1209
1257
1208
1262
1180
1228
1247
1256
1226
1286
1272
1216
1211
1230
1305
1140
1199
1229
1235
1235
1220
1206
1250
1234
1220
1298
1215
1207
1162
1130
1182
1173
1162
1274
1244
1240
1176
1138
1321
1137
1262
1242
1232
1242
1193
1318
1279
1289
1234
1168
1194
1130
1257
1196
1266
1203
1232
1185
1206
1256
1273
1206
1219
1177
1234
1194
1319
1281
1167
1208
1150
1139
1261
1196
1207
1256
1251
1245
1206
1124
1206
1198
1213
1260
1219
1242
1255
1215
1205
1176
1176
1292
1230
1234
1247
1183
1160
1158
1252
1233
1310
1214
1182
1162
1137
1187
1246
1141
1185
1219
1237
1139
1284
1195
1174
1277
1230
1259
1290
1202
1268
1145
1163
1235
1265
1260
1350
1109
1196
1224
1239
1209
1218
1189
1133
1202
1162
1152
1231
1212
1227
1264
1196
1210
1307
1243
1186
1204
1195
1187
1181
1227
1257
1041
1082
1127
1182
1242
1220
1231
1254
1276
1182
1257
1286
1215
1261
1284
1189
1221
1279
1251
1153
1205
1240
1159
1161
1299
1345
1291
1243
1252
1226
1274
1240
1212
1242
1155
1093
1148
1096
1198
1225
1238
1223
1235
1205
1156
1249
1300
1321
1150
1266
1324
1185
1237
1107
1162
1209
1196
1263
1213
1211
1276
1187
1205
1248
1208
1196
1194
1218
1230
1228
1221
1291
1243
1292
1217
1254
1219
1353
1186
1181
1236
1196
1180
1123
1207
1225
1380
1166
1334
1251
1264
1254
1246
1294
1196
1220
1168
1307
1270
1176
1294
1219
1168
1265
1158
1175
1208
1173
1196
1178
1220
1250
1285
1241
1280
1235
1275
1303
1256
1242
1257
1198
1104
1139
1197
1215
1209
1190
1210
1239
1302
1171
1187
1218
1218
1286
1207
1248
1214
1182
1178
1286
1158
1266
1327
1219
1296
1161
1264
1271
1257
1299
1265
1293
1154
1208
1240
1268
1295
1213
1282
1176
1185
1099
1232
1238
1250
1204
1255
1209
1239
1238
1277
1252
1241
1183
1238
1241
1189
1285
1262
1187
1205
1208
1208
1301
1205
1216
1254
1328
1203
1208
1284
1249
1218
1252
1253
1185
1192
1175
1208
1189
1246
1190
1172
1197
1257
1277
1299
1301
1240
1280
1222
1303
1292
1291
1179
1223
1135
1268
1188
1133
1200
1273
1239
1277
1143
1253
1257
1287
1306
1329
1308
1281
1185
1320
1225
1216
1200
1269
1257
1288
1234
1249
1163
1281
1164
1220
1235
1347
1266
1257
1210
1236
1244
1268
1144
1439
1271
1220
1280
1290
1204
1299
1222
1310
1228
1218
1259
1406
1231
1273
1251
1256
1316
1250
1269
1298
1390
1264
1252
1314
1203
1297
1249
1174
1284
1236
1313
1295
1189
1303
1296
1324
1407
1272
1354
1160
1405
1287
1217
1267
1258
1165
1285
1258
1204
1343
1297
1338
1364
1186
1224
1371
1341
1255
1324
1215
1313
1158
1182
1260
1178
1209
1150
1255
1209
1325
1280
1236
1276
1359
1247
1292
1271
1369
1289
1231
1274
1195
1221
1227
1230
1248
1191
1178
1220
1230
1195
1351
1268
1314
1246
1375
1324
1295
1294
1293
1288
1324
1163
1201
1223
1164
1166
1208
1360
1196
1295
1230
1338
1283
1266
1309
1363
1263
1281
1333
1348
1288
1352
1243
1249
1270
1164
1282
1263
1278
1251
1344
1276
1302
1325
1322
1282
1291
1335
1165
1286
1255
1294
1367
1170
1282
1303
1297
1285
1250
1368
1408
1284
1267
1322
1327
1259
1270
1289
1323
1321
1258
1295
1227
1346
1277
1230
1280
1339
1353
1193
1318
1368
1314
1330
1174
1267
1384
1291
1357
1313
1225
1354
1329
1269
1276
1210
1391
1330
1320
1274
1281
1238
1332
1321
1277
1289
1290
1303
1220
1322
1277
1261
1308
1387
1207
1341
1324
1341
1354
1383
1305
1281
1252
1339
1308
1322
1248
1240
1290
1379
1370
1283
1400
1276
1223
1410
1371
1386
1328
1323
1254
1369
1248
1331
1256
1290
1217
1299
1362
1245
1334
1297
1275
1349
1288
1311
1365
1236
1256
1366
1272
1240
1403
1217
1310
1331
1337
1262
1342
1303
1334
1367
1445
1359
1389
1326
1330
1289
1279
1296
1258
1333
1235
1275
1345
1287
1379
1367
1323
1336
1381
1276
1324
1331
1310
1338
1383
1273
1298
1311
1337
1270
1230
1343
1383
1305
1422
1256
1323
1328
1284
1374
1287
1341
1387
1325
1272
1384
1318
1349
1306
1324
1299
1187
1341
1213
1330
1325
1299
1378
1352
1215
1277
1308
1298
1334
1343
1310
1345
1239
1223
1286
1311
1297
1232
1227
1398
1368
1247
1404
1405
1367
1218
1273
1414
1292
1326
1383
1323
1241
1311
1306
1284
1261
1262
1266
1306
1284
1233
1375
1320
1406
1322
1324
1299
1325
1383
1262
1309
1355
1261
1424
1366
1280
1316
1399
1274
1332
1307
1229
1241
1205
1302
1308
1289
1443
1370
1298
1351
1352
1268
1345
1273
1309
1195
1352
1247
1170
1306
1250
1399
1235
1270
1267
1318
1231
1344
1411
1275
1374
1249
1366
1410
1216
1368
1270
1290
1312
1314
1356
1270
1407
1426
1314
1350
1351
1415
1346
1432
1419
1434
1239
1274
1338
1331
1273
1414
1342
1425
1307
1322
1272
1365
1357
1308
1262
1362
1300
1292
1348
1332
1412
1397
1395
1451
1395
1431
1450
1408
1319
1321
1288
1302
1400
1252
1381
1391
1347
1340
1400
1360
1409
1350
1431
1374
1411
1365
1279
1437
1383
1291
1275
1402
1281
1419
1335
1374
1425
1404
1380
1351
1387
1364
1471
1396
1402
1335
1286
1378
1393
1328
1330
1321
1349
1296
1366
1305
1358
1317
1344
1419
1369
1392
1279
1309
1332
1368
1404
1346
1170
1337
1361
1382
1263
1453
1308
1256
1399
1377
1467
1394
1373
1435
1385
1288
1436
1225
1350
1343
1305
1234
1466
1331
1377
1355
1412
1358
1317
1243
1446
1382
1288
1475
1315
1327
1385
1326
1225
1318
1383
1357
1364
1305
1492
1419
1410
1388
1315
1308
1417
1402
1305
1425
1363
1384
1457
1426
1353
1345
1359
1388
1349
1278
1398
1377
1438
1422
1437
1333
1355
1367
1385
1472
1359
1318
1327
1418
1383
1311
1424
1478
1413
1430
1359
1379
1320
1427
1361
1439
1307
1266
1380
1299
1418
1395
1312
1417
1435
1407
1329
1361
1441
1419
1380
1375
1450
1546
1304
1423
1403
1302
1452
1444
1297
1370
1500
1415
1309
1373
1487
1455
1414
1407
1402
1340
1432
1438
1445
1391
1345
1240
1418
1403
1472
1449
1409
1446
1460
1342
1416
1427
1410
1432
1408
1395
1432
1459
1406
1502
1422
1508
1422
1543
1428
1531
1401
1415
1451
1421
1441
1464
1428
1403
1431
1499
1417
1384
1383
1549
1407
1404
1470
1551
1417
1425
1499
1497
1378
1445
1442
1384
1449
1427
1325
1534
1419
1543
1383
1522
1438
1569
1439
1484
1530
1502
1476
1478
1431
1397
1446
1553
1453
1494
1457
1480
1471
1389
1459
1581
1502
1513
1538
1573
1573
1540
1480
1570
1513
1539
1597
1548
1558
1462
1480
1516
1485
1525
1595
1512
1483
1577
1518
1616
1631
1634
1551
1593
1623
1640
1597
1552
1565
1584
1590
1640
1532
1625
1601
1673
1586
1603
1597
1620
1724
1637
1542
1566
1600
1594
1702
1599
1712
1734
1609
1719
1693
1783
1633
1800
1758
1700
1764
1792
1721
1778
1706
1781
1803
1803
1823
1785
1764
1797
1936
1958
1962
1891
1866
1937
1871
1848
1922
1911
2004
1918
1936
2043
1974
1909
2023
1917
1957
2091
1996
2032
2042
2061
1994
1971
2124
2075
2086
2078
2152
2276
2105
2193
2307
2276
2291
2223
2176
2258
2340
2393
2251
2292
2408
2318
2432
2484
2403
2523
2430
2454
2410
2546
2599
2591
2717
2731
2658
2718
2843
2783
2822
2805
2779
2976
2935
3007
3081
3074
3151
3016
3020
3261
3228
3315
3291
3406
3495
3458
3563
3633
3531
3602
3608
3734
3639
3766
3800
3955
4101
4053
4060
3946
4070
4268
4146
4359
4453
4548
4528
4555
4666
4637
4755
4980
4965
4940
5090
5111
5326
5383
5412
5634
5667
5633
5711
5850
6177
5889
6281
6439
6329
6606
6487
6776
6792
6923
7021
6973
7174
7234
7441
7627
7820
7925
8053
8244
8254
8330
8867
8549
8836
9029
9115
9502
9371
9592
9700
9931
10020
10239
10282
10555
10843
10672
11220
11166
11322
11851
11987
11913
12280
12765
12720
13246
13136
13271
13594
13673
13917
14330
14333
14792
14919
15130
15165
15378
15699
15980
16424
16485
17018
17021
17217
17812
17914
17926
18438
18605
18571
18953
19476
19666
19988
20123
20616
21001
21272
21366
21596
21884
22390
22772
23275
23189
23940
23871
24340
24496
24836
25098
25622
25952
26216
26855
26718
27202
27483
27732
28288
28501
28901
29525
29364
29762
30154
30770
31372
31581
31709
31977
32573
32455
33113
33536
33548
33942
34632
34790
35156
35374
35428
36246
36470
36933
37195
37914
37309
37966
38596
38388
38819
39354
39498
40154
40000
40568
40809
41462
41314
41088
41421
41935
42023
42523
43144
42842
43079
43165
44012
44472
44253
44678
45110
45064
45144
45508
45670
46013
46108
46297
46086
46940
47051
46425
47108
46846
47192
47220
47200
47641
47492
47725
47902
48646
48324
48558
48572
48160
48804
48290
48662
48696
48951
48756
49208
49285
49396
49220
49142
48905
49004
48814
48874
48778
48708
49396
48948
49168
49135
49512
49280
49514
48900
48539
48338
48810
49100
48554
48632
48384
48045
48556
47800
47893
48256
47997
47805
47853
47366
47778
46919
47820
47516
47348
46925
46452
46711
46868
46549
46285
45656
45914
46080
45691
45568
45292
45020
45098
45296
44630
44196
43898
43780
44162
43901
43533
43558
43396
43226
43453
42840
42740
42084
42102
42052
41588
41597
41380
40717
40644
40528
40448
40068
39714
40262
40148
39174
38838
39114
38496
37960
38052
38108
37684
37786
37381
36683
37199
36799
36567
36203
36134
35448
35480
35291
34772
34982
34351
34082
33936
33556
33856
33801
32856
33074
32810
32821
31938
32155
31944
31706
31242
30959
31005
30574
30171
30094
30134
29860
29548
29266
29527
28996
28848
28376
28296
28494
27630
27868
27595
27323
27402
26708
26446
26555
26105
25785
25875
25955
25428
25293
25218
24820
24448
24173
24562
24134
23962
23746
23406
23300
23476
23162
22730
22961
22895
22392
22087
21975
21558
21801
21531
21289
21064
20700
20981
20954
20402
20198
20090
20201
19845
20059
19670
19530
19347
19068
18756
18948
18564
18612
18194
18170
18152
17771
18043
17620
17411
17521
17444
17143
17124
17194
16678
16618
16352
16449
16386
16094
15866
15938
15965
15330
15627
15795
15521
15197
15098
14870
15139
14757
14600
14159
14505
14054
14251
14056
13731
13988
13885
13600
13508
13540
13318
13284
12945
13053
12690
13227
12962
12544
12141
12646
12248
12170
12342
11914
12236
11791
12013
11592
11575
11396
11520
11174
11503
11161
11263
11013
11185
10946
10881
10830
10441
10579
10310
10285
10107
10582
10202
10082
9962
9810
9906
9579
9906
9596
9703
9654
9497
9468
9517
9207
9090
9175
9044
8911
8981
8681
8730
8723
8508
8538
8524
8501
8314
8385
8168
8150
8257
8004
8018
7997
7966
7860
7808
7932
7885
7756
7652
7461
7299
7398
7516
7378
7265
7174
7175
7234
7181
7093
6851
7064
6993
6969
6822
6746
6637
6374
6514
6586
6454
6287
6363
6239
6381
6426
6455
6194
6305
6218
6061
6041
6123
6075
5914
5871
5911
5742
5915
5605
5738
5665
5528
5580
5483
5534
5645
5540
5445
5455
5529
5437
5357
5206
5279
4949
5043
5056
5123
5090
5108
4983
5112
4932
4845
4972
4925
4981
4892
4737
4761
4890
4637
4630
4776
4634
4668
4557
4645
4600
4516
4538
4455
4538
4354
4457
4536
4322
4362
4343
4294
4262
4244
4184
4011
4092
4098
3996
4122
4012
4006
3905
4009
4139
3970
4016
3792
3812
3969
3828
3940
3996
3734
3924
3713
3832
3709
3641
3612
3710
3686
3592
3667
3583
3526
3620
3531
3636
3489
3532
3449
3392
3394
3260
3311
3485
3413
3201
3414
3363
3208
3310
3254
3284
3271
3214
3182
3162
3218
3229
3170
3282
3175
3195
3053
3191
3007
3003
3120
2968
3031
2946
3035
2970
2993
2984
3200
2932
2899
2975
2752
2852
2816
2763
2794
2902
2856
2832
2776
2754
2751
2836
2758
2680
2919
2786
2613
2692
2664
2614
2590
2717
2654
2695
2615
2666
2739
2585
2597
2585
2696
2459
2536
2521
2571
2519
2426
2419
2410
2520
2507
2518
2424
2373
2382
2264
2419
2456
2392
2592
2361
2415
2388
2429
2334
2355
2367
2470
2291
2375
2278
2274
2330
2185
2299
2327
2337
2352
2228
2243
2241
2220
2239
2190
2155
2229
2287
2181
2317
2171
2158
2261
2170
2256
2245
2101
2116
2154
2130
2144
2177
2227
2259
2189
2108
2077
2047
2082
2100
2032
2035
2176
2002
2072
2041
2043
2085
2018
2017
2029
1998
1929
2071
2020
2164
2035
2006
2005
2036
1951
2024
1878
1902
2014
1932
1915
1884
1914
1909
1953
1912
1879
1862
1954
1973
1997
1979
1938
1900
1949
1845
1924
1814
1845
1922
1715
1787
1844
1731
1802
1776
1823
1920
1835
1779
1761
1940
1795
1812
1740
1820
1810
1819
1724
1732
1817
1754
1856
1823
1820
1714
1802
1767
1837
1777
1782
1786
1751
1737
1689
1645
1622
1696
1670
1703
1696
1720
1787
1705
1800
1746
1818
1739
1765
1725
1660
1773
1663
1609
1710
1778
1699
1610
1705
1749
1659
1695
1701
1750
1613
1652
1721
1676
1699
1706
1585
1662
1664
1642
1624
1743
1683
1667
1624
1624
1728
1661
1592
1692
1710
1621
1575
1588
1577
1580
1471
1625
1548
1584
1711
1614
1699
1691
1674
1680
1644
1662
1630
1566
1569
1641
1614
1597
1565
1603
1425
1530
1541
1572
1586
1502
1562
1602
1555
1651
1570
1494
1608
1566
1488
1624
1552
1579
1498
1472
1548
1589
1542
1614
1618
1488
1629
1682
1520
1662
1632
1596
1626
1509
1574
1604
1513
1504
1536
1575
1565
1488
1367
1545
1589
1567
1501
1586
1610
1541
1567
1566
1497
1487
1633
1442
1505
1483
1439
1545
1497
1461
1479
1515
1509
1556
1485
1462
1514
1496
1488
1462
1535
1491
1417
1521
1454
1512
1489
1438
1494
1493
1369
1466
1509
1462
1435
1599
1581
1471
1570
1394
1540
1459
1471
1481
1447
1524
1513
1464
1582
1530
1559
1490
1508
1516
1480
1402
1487
1468
1444
1432
1456
1448
1499
1400
1389
1471
1359
1610
1459
1421
1400
1515
1566
1399
1481
1454
1438
1450
1506
1398
1474
1359
1453
1417
1554
1527
1451
1506
1529
1392
1431
1448
1463
1382
1393
1351
1445
1427
1444
1342
1407
1380
1483
1384
1433
1463
1446
1509
1456
1394
1417
1372
1480
1402
1388
1424
1487
1351
1365
1490
1459
1368
1515
1493
1447
1439
1386
1421
1479
1448
1443
1440
1490
1366
1396
1397
1410
1431
1453
1473
1379
1394
1434
1463
1400
1354
1438
1360
1381
1407
1346
1516
1367
1421
1334
1421
1434
1430
1400
1474
1488
1503
1473
1462
1509
1510
1477
1541
1521
1397
1472
1405
1371
1420
1468
1408
1364
1383
1438
1460
1359
1454
1403
1427
1487
1389
1498
1408
1363
1496
1390
1359
1332
1360
1361
1302
1290
1380
1385
1466
1403
1500
1442
1444
1403
1417
1399
1302
1366
1349
1368
1369
1359
1364
1370
1282
1397
1476
1401
1423
1403
1416
1452
1465
1465
1358
1405
1363
1339
1416
1263
1330
1432
1355
1329
1393
1390
1346
1371
1457
1341
1337
1332
1378
1413
1415
1422
1312
1427
1317
1375
1378
1337
1351
1289
1281
1419
1441
1380
1317
1357
1450
1392
1376
1338
1375
1366
1349
1386
1403
1349
1248
1415
1273
1361
1380
1354
1285
1445
1250
1318
1373
1364
1262
1406
1356
1290
1303
1383
1261
1342
1274
1349
1342
1287
1369
1296
1303
1278
1414
1324
1341
1438
1321
1312
1321
1380
1433
1443
1398
1268
1377
1286
1440
1316
1344
1369
1312
1359
1317
1295
1437
1384
1441
1395
1304
1368
1320
1289
1331
1348
1347
1364
1311
1391
1369
1342
1335
1379
1285
1391
1256
1453
1320
1316
1328
1354
1312
1364
1311
1302
1404
1288
1336
1293
1265
1225
1340
1387
1292
1348
1324
1309
1311
1254
1268
1302
1382
1328
1330
1202
1316
1277
1379
1299
1282
1321
1283
1238
1321
1412
1354
1266
1280
1303
1356
1368
1423
1357
1288
1426
1282
1228
1388
1290
1304
1306
1336
1328
1211
1317
1318
1224
1333
1335
1345
1428
1208
1379
1399
1284
1360
1433
1257
1378
1290
1239
1298
1244
1332
1319
1357
1344
1325
1332
1357
1419
1331
1197
1368
1386
1351
1341
1257
1332
1326
1257
1221
1349
1344
1275
1239
1373
1286
1365
1234
1390
1354
1272
1324
1282
1293
1299
1395
1285
1296
1276
1298
1359
1323
1335
1322
1376
1217
1396
1296
1214
1311
1315
1364
1287
1263
1344
1331
1390
1351
1241
1329
1345
1292
1357
1269
1294
1336
1318
1276
1237
1308
1314
1314
1339
1303
1319
1249
1394
1315
1324
1254
1322
1243
1299
1332
1273
1291
1398
1333
1296
1188
1269
1235
1358
1246
1340
1281
1371
1388
1333
1405
1338
1259
1265
1317
1209
1238
1177
1341
1248
1220
1355
1305
1259
1314
1304
1297
1194
1241
1215
1351
1257
1232
1232
1299
1188
1317
1242
1233
1250
1162
1312
1221
1310
1343
1223
1292
1361
1218
1305
1223
1299
1348
1260
1330
1234
1315
1225
1327
1183
1247
1353
1272
1375
1335
1221
1298
1280
1344
1267
1215
1228
1356
1169
1273
1253
1219
1314
1183
1266
1314
1272
1146
1279
1286
1224
1170
1182
1213
1240
1254
1330
1325
1245
1235
1228
1251
1247
1158
1228
1264
1294
1182
1305
1228
1364
1391
1225
1211
1327
1347
1235
1274
1181
1341
1224
1274
1263
1225
1255
1275
1186
1239
1163
1253
1281
1199
1300
1205
1232
1247
1272
1289
1295
1341
1183
1235
1115
1216
1234
1217
1298
1174
1227
1191
1211
1238
1298
1293
1165
1293
1200
1284
1240
1236
1220
1189
1184
1280
1324
1266
1232
1243
1230
1224
1311
1108
1229
1316
1280
1277
1310
1242
1193
1215
1143
1144
1226
1314
1240
1240
1245
1198
1126
1333
1280
1310
1218
1208
1267
1198
1259
1223
1161
1231
1214
1187
1157
1115
1236
1236
1113
1274
1216
1277
1282
1173
1250
1244
1228
1276
1248
1183
1173
1302
1332
1211
1292
1183
1233
1198
1209
1255
1241
1284
1272
1168
1310
1342
1237
1208
1209
1295
1214
1217
1180
1310
1229
1119
1155
1130
1173
1125
1297
1112
1226
1224
1120
1255
1305
1251
1349
1304
1201
1162
1231
1148
1194
1193
1220
1112
1214
1277
1281
1212
1312
1312
1259
1228
1190
1255
1223
1252
1164
1119
1209
1100
1269
1173
1223
1236
1286
1209
1245
1277
1236
1153
1188
1175
1240
1202
1105
1169
1303
1245
1127
1200
1220
1225
1199
1205
1145
1284
1252
1228
1271
1205
1139
1243
1243
1220
1259
1189
1091
1139
1213
1180
1336
1237
1286
1125
1216
1184
1160
1249
1228
1261
1199
1193
1128
1223
1239
1256
1093
1238
1169
1119
1245
1170
1315
1217
1248
1185
1178
1198
1193
1276
1234
1155
1178
1183
1163
1245
1249
1259
1294
1264
1213
1179
1192
1240
1213
1248
1255
1178
1196
1256
1246
1231
1189
1149
1215
1271
1217
1336
1303
1227
1161
1069
1298
1179
1247
1191
1323
1146
1154
1299
1254
1243
1192
1285
1288
1227
1218
1149
1288
1090
1244
1297
1212
1195
1131
1195
1163
1252
1259
1240
1289
1172
1172
1240
1325
1309
1363
1265
1301
1316
1112
1234
1145
1098
1214
1244
1213
1187
1212
1299
1274
1241
1288
1148
1200
1283
1256
1192
1201
1231
1231
1206
1160
1187
1281
1165
1225
1133
1104
1094
1172
1274
1247
1258
1231
1277
1215
1265
1181
1231
1212
1212
1258
1217
1207
1215
1199
1323
1201
1179
1228
1130
1225
1186
1123
1076
1174
1190
1151
1296
1298
1226
1173
1284
1235
1291
1188
1241
1023
1252
1223
1194
1320
1203
1275
1163
1280
1286
1287
1243
1177
1197
1189
1276
1269
1291
1176
1232
1137
1100
1318
1235
1169
1188
1122
1164
1208
1191
1288
1210
1241
1185
1202
1132
1206
1276
1326
1245
1148
1236
1271
1241
1250
1206
1153
1134
1199
1129
1187
1186
1162
1239
1202
1206
1300
1255
1157
1193
1275
1204
1184
1182
1240
1201
1271
1284
1190
1126
1204
1220
1247
1239
1225
1249
1237
1144
1252
1132
1213
1250
1312
1306
1186
1265
1137
1335
1159
1270
1185
1249
1251
1216
1176
1214
1145
1218
1255
1251
1179
1178
1205
1242
1250
1231
1183
1261
1181
1172
1208
1171
1279
1275
1225
1218
1211
1191
1303
1190
1269
1234
1256
1291
1329
1216
1268
1318
1220
1307
1135
1198
1274
1254
1108
1197
1266
1132
1261
1285
1214
1277
1197
1224
1272
1278
1161
1126
1176
1144
1180
1245
1089
1224
1308
1200
1184
1187
1240
1263
1285
1186
1233
1165
1218
1260
1201
1208
1258
1271
1138
1252
1199
1320
1243
1245
1304
1239
1261
1220
1155
1231
1266
1236
1259
1271
1150
1273
1272
1315
1174
1223
1152
1279
1205
1220
1225
1251
1158
1287
1280
1280
1206
1173
1219
1258
1103
1202
1187
1123
1034
1251
1182
1034
1238
1257
1261
1291
1197
1219
1218
1149
1284
1276
1242
1267
1140
1146
1252
1250
1124
1206
1213
1260
1223
1079
1122
1219
1313
1250
1283
1255
1248
1179
1237
1225
1244
1251
1138
1191
1215
1221
1276
1253
1134
1233
1212
1242
1276
1256
1205
1098
1327
1140
1280
1232
1181
1213
1217
1167
1117
1239
1234
1293
1186
1269
1236
1174
1223
1228
1144
1119
1097
1147
1146
1219
1244
1269
1226
1175
1193
1223
1214
1130
1196
1205
1227
1205
1196
1202
1156
1156
1139
1042
1199
1237
1159
1241
1208
1306
1179
1244
1312
1208
1250
1237
1275
1259
1269
1181
1130
1189
1234
1291
1246
1206
1227
1331
1195
