1276
1373
1219
1262
1274
1189
1212
1243
1209
1251
1245
1165
1260
1279
1213
1235
1253
1225
1226
1173
1190
1223
1244
1282
1206
1138
1250
1192
1231
1237
1261
1239
1288
1230
1150
1188
1160
1239
1133
1182
1205
1192
1159
1257
1134
1131
1317
1317
1206
1192
1128
1208
1268
1192
1262
1177
1183
1227
1248
1148
1241
1205
1272
1172
1217
1237
1244
1322
1166
1259
1247
1256
1219
1223
1260
1207
1193
1178
1140
1160
1217
1210
1141
1293
1293
1203
1177
1210
1261
1165
1146
1165
1219
1168
1212
1158
1234
1196
1240
1076
1242
1271
1290
1263
1296
1136
1280
1240
1193
1276
1226
1142
1228
1241
1106
1137
1243
1257
1166
1221
1223
1212
1139
1257
1226
1215
1210
1242
1184
1246
1199
1197
1164
1123
1215
1213
1123
1153
1252
1239
1230
1261
1184
1272
1221
1238
1162
1233
1283
1248
1111
1232
1338
1190
1244
1228
1206
1387
1121
1244
1155
1160
1253
1212
1303
1302
1284
1257
1233
1131
1300
1288
1066
1255
1185
1163
1214
1278
1268
1252
1296
1260
1112
1279
1299
1184
1182
1265
1280
1187
1308
1293
1233
1272
1218
1193
1206
1211
1246
1167
1262
1151
1152
1243
1155
1203
1206
1220
1155
1263
1251
1290
1269
1259
1237
1207
1260
1337
1284
1216
1225
1260
1232
1237
1208
1097
1151
1228
1107
1250
1202
1173
1252
1176
1269
1278
1314
1187
1299
1195
1190
1226
1196
1131
1165
1131
1231
1225
1173
1161
1126
1194
1240
1239
1215
1211
1219
1249
1271
1228
1268
1159
1145
1206
1148
1195
1265
1220
1129
1139
1166
1135
1203
1207
1325
1252
1194
1176
1348
1280
1237
1286
1226
1146
1226
1302
1220
1230
1264
1245
1250
1281
1184
1197
1243
1240
1194
1227
1302
1280
1162
1196
1180
1126
1218
1189
1258
1290
1231
1255
1213
1369
1236
1307
1223
1140
1283
1266
1225
1260
1225
1257
1199
1197
1286
1318
1179
1302
1156
1230
1166
1253
1259
1294
1251
1368
1122
1228
1166
1164
1165
1226
1108
1267
1265
1243
1283
1262
1234
1281
1315
1207
1334
1234
1201
1188
1242
1249
1310
1307
1178
1242
1248
1314
1194
1287
1342
1339
1298
1328
1262
1293
1222
1161
1278
1171
1190
1263
1188
1140
1224
1340
1348
1179
1253
1328
1189
1320
1335
1242
1242
1215
1163
1133
1217
1294
1240
1153
1356
1243
1359
1346
1284
1190
1265
1248
1410
1311
1192
1324
1341
1273
1288
1215
1371
1257
1229
1287
1232
1221
1277
1267
1229
1353
1235
1312
1290
1231
1234
1183
1295
1265
1239
1245
1266
1209
1206
1255
1267
1307
1207
1276
1264
1243
1224
1244
1306
1275
1173
1248
1256
1205
1278
1240
1205
1314
1200
1239
1268
1246
1358
1223
1310
1210
1228
1317
1291
1255
1254
1296
1277
1228
1294
1220
1323
1171
1177
1138
1316
1211
1188
1268
1256
1201
1255
1293
1285
1297
1221
1326
1276
1228
1226
1302
1327
1265
1282
1172
1272
1163
1219
1256
1232
1361
1377
1311
1297
1297
1225
1266
1247
1321
1189
1234
1218
1125
1237
1235
1189
1247
1250
1302
1196
1254
1303
1323
1308
1255
1341
1189
1285
1334
1307
1242
1289
1280
1319
1283
1307
1244
1252
1231
1247
1274
1308
1285
1198
1340
1256
1267
1196
1298
1393
1275
1281
1345
1259
1365
1257
1187
1301
1230
1314
1346
1335
1337
1352
1280
1355
1156
1303
1333
1311
1216
1246
1350
1251
1312
1391
1281
1272
1369
1321
1281
1332
1296
1332
1332
1361
1297
1229
1361
1310
1321
1270
1293
1260
1290
1287
1263
1335
1295
1357
1269
1458
1208
1384
1406
1359
1437
1254
1253
1381
1219
1268
1265
1274
1371
1232
1318
1242
1310
1207
1348
1283
1376
1371
1326
1263
1261
1275
1325
1369
1415
1370
1300
1237
1259
1340
1266
1280
1355
1312
1263
1237
1179
1308
1250
1306
1320
1275
1341
1296
1369
1341
1279
1291
1337
1319
1245
1266
1270
1352
1278
1217
1246
1305
1360
1263
1352
1365
1327
1354
1273
1246
1346
1241
1386
1310
1316
1361
1301
1316
1335
1240
1240
1245
1394
1385
1285
1360
1244
1402
1267
1311
1257
1233
1293
1377
1373
1278
1182
1363
1375
1309
1298
1275
1312
1327
1344
1315
1388
1323
1343
1360
1223
1286
1340
1315
1276
1349
1288
1337
1302
1253
1382
1350
1288
1252
1273
1332
1220
1324
1363
1296
1330
1369
1394
1330
1362
1265
1314
1331
1291
1307
1246
1267
1300
1224
1283
1344
1275
1373
1354
1400
1343
1279
1387
1357
1290
1380
1422
1184
1238
1341
1345
1295
1387
1328
1424
1311
1381
1280
1426
1378
1307
1299
1304
1450
1432
1302
1272
1364
1326
1327
1325
1386
1299
1357
1319
1383
1289
1367
1298
1374
1319
1360
1371
1345
1320
1338
1272
1349
1329
1273
1221
1257
1351
1370
1405
1299
1357
1306
1344
1293
1277
1280
1339
1289
1368
1359
1354
1345
1337
1359
1304
1371
1384
1380
1352
1323
1331
1337
1404
1280
1454
1338
1457
1389
1291
1206
1465
1338
1425
1423
1328
1233
1388
1295
1358
1339
1454
1368
1385
1285
1451
1328
1480
1296
1330
1320
1372
1255
1325
1355
1335
1396
1412
1358
1381
1319
1272
1391
1263
1352
1430
1289
1445
1447
1330
1355
1442
1369
1381
1395
1392
1412
1333
1312
1395
1320
1349
1311
1437
1393
1357
1351
1352
1279
1301
1376
1364
1266
1414
1300
1325
1316
1253
1386
1384
1336
1399
1428
1303
1411
1308
1286
1303
1368
1305
1502
1303
1330
1448
1395
1392
1402
1342
1430
1471
1427
1280
1426
1329
1308
1301
1392
1266
1476
1307
1372
1421
1361
1382
1350
1356
1386
1364
1330
1280
1383
1382
1371
1368
1380
1216
1364
1360
1418
1365
1319
1441
1431
1383
1429
1374
1339
1315
1320
1229
1398
1254
1335
1333
1349
1320
1340
1456
1393
1303
1403
1334
1443
1380
1328
1404
1393
1329
1327
1410
1267
1367
1292
1525
1447
1290
1383
1465
1420
1430
1420
1409
1417
1413
1372
1329
1365
1381
1347
1380
1401
1442
1498
1446
1391
1362
1395
1410
1478
1337
1387
1363
1453
1406
1301
1495
1365
1342
1372
1295
1356
1329
1428
1333
1353
1357
1395
1415
1327
1372
1410
1549
1416
1491
1442
1510
1469
1464
1543
1326
1376
1392
1342
1371
1359
1350
1419
1290
1349
1373
1382
1369
1369
1333
1483
1449
1363
1380
1377
1513
1411
1448
1454
1380
1471
1340
1372
1434
1404
1426
1463
1504
1432
1452
1533
1440
1332
1412
1333
1420
1512
1462
1355
1383
1406
1411
1450
1398
1460
1476
1491
1431
1461
1404
1478
1437
1457
1390
1383
1462
1483
1419
1473
1431
1436
1436
1542
1452
1461
1497
1420
1518
1416
1431
1467
1408
1579
1435
1452
1486
1458
1406
1455
1470
1359
1461
1405
1461
1535
1557
1565
1471
1463
1525
1591
1439
1486
1467
1598
1519
1430
1560
1514
1510
1475
1410
1465
1507
1495
1498
1565
1513
1497
1562
1473
1554
1533
1482
1622
1562
1565
1526
1596
1524
1627
1580
1562
1628
1516
1549
1576
1589
1622
1607
1516
1529
1600
1528
1576
1654
1440
1569
1608
1596
1548
1676
1644
1628
1667
1694
1663
1716
1643
1638
1605
1670
1771
1643
1668
1645
1600
1658
1645
1700
1737
1741
1671
1661
1831
1772
1709
1743
1767
1695
1786
1828
1743
1792
1784
1859
1829
1789
1752
1748
1934
1783
1827
1883
1819
1937
1843
2018
1923
1874
1953
1906
1925
1956
1939
2052
1951
1973
2069
1999
2012
2123
2086
2145
2046
2117
2143
2169
2178
2127
2115
2243
2247
2185
2254
2268
2392
2304
2294
2141
2350
2346
2263
2410
2410
2400
2507
2552
2650
2409
2602
2525
2477
2588
2666
2758
2724
2634
2859
2743
2843
2891
2848
2833
2876
3010
3086
3033
3019
3062
3265
3073
3293
3303
3223
3260
3290
3397
3392
3381
3536
3453
3541
3687
3638
3836
3788
3707
3783
3924
3901
4015
3997
4035
4055
4269
4256
4541
4495
4585
4569
4754
4595
4726
4697
4791
4895
4959
5073
4916
5236
5366
5287
5317
5390
5430
5583
5914
5834
5832
5782
6089
6182
6376
6336
6501
6593
6667
6717
6679
6958
7041
7180
7234
7288
7419
7695
7686
7920
7851
8060
8243
8625
8645
8676
8845
8879
8966
9392
9382
9453
9696
9648
10039
10134
10266
10533
10550
10647
10772
10913
11346
11401
11761
11880
11876
11836
12348
12474
12772
12999
12950
13511
13428
13765
13963
14410
14603
14652
14944
15078
15554
15507
15796
16138
16120
16593
16675
17217
17181
17626
17792
17985
18042
18666
18688
19074
19438
19784
20001
20276
20190
20776
20765
21526
21535
22186
22045
22541
22882
23241
23547
23832
23748
24124
24642
24868
25515
25653
26049
26642
26309
27193
27176
27734
27796
28624
28445
28749
29382
29796
30053
30488
30454
31150
31835
31392
31812
32308
32590
33146
33055
33409
33657
34266
34570
34747
34971
35648
35608
36218
36210
36730
36884
37848
37924
37997
38792
38706
38870
39044
39642
40122
40300
40120
40181
41108
41141
41324
41515
41914
42188
42484
42859
42572
42280
43388
43584
44077
44218
44614
43874
44665
44872
44957
45268
45447
46314
45972
45636
46154
46262
46342
46828
46752
46982
46764
46788
47005
47232
47641
47492
47863
47386
48054
47733
47786
47448
47812
47771
48156
48443
48200
48152
48023
48182
48203
48314
48084
48090
48276
47855
48210
48308
47992
48120
48072
48370
48512
48136
47540
47754
47616
47717
47764
47849
47796
47322
47616
47179
47829
47052
47005
46500
46778
46251
47284
46744
46624
46228
46641
45851
46412
45762
45412
45312
45472
45389
45012
45551
44836
45084
44616
44118
44224
44292
44505
44120
43268
43430
43508
43116
42682
42717
42754
42741
42171
41773
42240
42068
41730
41288
41093
40648
40548
40361
40341
40356
40095
39604
39490
38666
38967
38386
38389
38697
38082
37860
37782
37186
37512
37432
36992
36644
36278
36042
36226
36053
35352
35434
35072
34776
34420
34584
34098
34122
33910
33192
33464
33162
33035
32685
32252
31950
32052
31705
31476
31506
31023
31094
30470
30500
30518
30040
29730
29506
29141
29332
29265
28794
28420
28332
28244
27882
27281
27340
27477
27200
27189
26630
26720
26128
26259
26076
25958
25606
25655
25217
25204
25037
24653
24632
24459
24122
24446
23771
23661
23449
23379
23117
22948
22676
22836
22676
22072
22244
22070
21684
21449
21241
21211
21034
20853
20667
20741
20218
20199
20221
20033
19972
19852
19694
19361
19286
19292
19030
19003
18704
18466
18586
18505
18122
17900
17862
17906
17574
17599
17273
17485
16710
16838
17058
16692
16344
16287
16021
16174
16242
15948
15936
15749
15740
15326
15322
15521
15033
15122
14909
14722
14592
14662
14413
14315
14484
14247
14182
13765
13959
13720
13485
13844
13427
13384
13466
13211
13050
12852
12821
12373
12968
12435
12731
12632
12440
12366
12188
12166
12075
11999
11707
11702
11682
11526
11168
11351
11266
11272
11220
10874
10933
10846
10963
10686
10605
10615
10348
10498
10236
10389
10347
10226
10305
9991
9957
9940
9911
9677
9732
9596
9394
9556
9462
9210
9100
9256
9250
9067
9097
8982
8900
8822
8834
8888
8660
8354
8634
8516
8256
8098
8260
8297
8204
8125
8216
8138
7990
7988
7592
7804
7657
7576
7506
7556
7305
7538
7547
7405
7308
7364
7166
7217
7178
6972
6910
6813
6910
6913
6898
6684
6729
6757
6693
6623
6543
6587
6351
6531
6408
6506
6430
6445
6477
6231
6267
6124
6312
6198
6126
6217
5863
5844
6047
6111
5950
5966
6026
5883
5784
5746
5598
5568
5704
5540
5329
5402
5450
5468
5136
5440
5322
5242
5317
5245
5237
5225
5447
5118
5102
5138
5022
4975
5031
4904
4861
4841
4950
4890
4847
4801
4643
4861
4652
4621
4733
4553
4637
4665
4466
4435
4644
4490
4406
4504
4468
4458
4317
4413
4355
4378
4289
4285
4318
4146
4238
4173
4265
4137
4068
4159
3923
4106
4043
4023
4115
4091
3919
4056
4151
3993
3949
3788
3850
3716
3828
3700
3819
3857
3723
3743
3771
3753
3562
3586
3707
3549
3501
3517
3606
3564
3616
3649
3474
3481
3594
3442
3486
3378
3416
3258
3242
3422
3356
3325
3508
3291
3256
3232
3351
3173
3255
3181
3228
3131
3238
3141
3185
3071
3138
3165
3015
3158
3031
2957
3101
2956
3128
3067
3156
3014
2889
2956
2980
2863
2935
2778
3054
2850
2835
2878
2728
2942
2825
2870
2799
2846
2893
2796
2895
2864
2874
2723
2738
2637
2716
2722
2678
2716
2756
2573
2650
2756
2674
2503
2681
2724
2564
2603
2704
2528
2459
2571
2591
2485
2593
2642
2626
2482
2459
2464
2363
2426
2414
2398
2468
2430
2496
2502
2314
2396
2359
2470
2359
2415
2259
2307
2446
2333
2305
2309
2306
2291
2319
2209
2297
2351
2245
2307
2314
2321
2194
2270
2203
2156
2329
2212
2130
2277
2122
2212
2281
2208
2156
2304
2185
2127
2182
2175
2105
2156
2091
2040
2121
2047
2054
2105
2085
2145
2131
2140
2111
2032
2096
2035
2040
2052
2009
2017
1968
2072
1968
2066
2067
1923
1940
1967
1959
1966
2065
2045
1954
1954
1990
2007
1853
1993
1837
1955
1974
1903
1908
1987
1853
2044
1825
1918
1921
1942
1937
1906
1800
1857
1896
1727
1939
1864
1889
1824
1939
1822
1913
1801
1816
1728
1869
1808
1771
1834
1798
1819
1859
1852
1799
1845
1795
1811
1874
1772
1741
1843
1881
1721
1844
1783
1805
1636
1710
1751
1762
1705
1761
1769
1778
1743
1703
1675
1718
1616
1671
1792
1686
1707
1701
1671
1769
1736
1668
1659
1603
1633
1742
1699
1726
1738
1742
1700
1755
1795
1775
1680
1662
1693
1692
1667
1779
1737
1579
1814
1666
1608
1610
1633
1693
1665
1581
1659
1628
1674
1684
1629
1661
1708
1584
1674
1621
1631
1653
1650
1648
1534
1579
1598
1624
1585
1584
1632
1605
1618
1680
1563
1710
1558
1691
1479
1568
1615
1580
1613
1546
1507
1605
1611
1554
1628
1526
1527
1633
1597
1559
1618
1621
1526
1551
1664
1598
1540
1627
1562
1561
1581
1485
1530
1507
1556
1499
1506
1528
1587
1620
1627
1645
1581
1401
1492
1541
1581
1552
1447
1563
1449
1471
1457
1487
1614
1471
1529
1522
1577
1458
1655
1627
1573
1517
1520
1592
1508
1549
1572
1459
1456
1399
1506
1471
1472
1393
1467
1659
1527
1620
1493
1499
1622
1536
1439
1612
1484
1473
1488
1509
1584
1417
1479
1368
1393
1430
1412
1395
1520
1473
1500
1558
1423
1503
1510
1583
1582
1480
1537
1536
1463
1556
1428
1535
1512
1502
1428
1403
1453
1473
1510
1455
1474
1432
1446
1379
1482
1648
1468
1533
1508
1450
1437
1403
1405
1489
1397
1366
1426
1597
1337
1497
1485
1465
1440
1433
1431
1527
1469
1440
1396
1423
1438
1501
1500
1521
1401
1504
1529
1522
1498
1596
1564
1470
1514
1460
1444
1388
1498
1480
1387
1435
1476
1460
1494
1535
1432
1419
1429
1465
1435
1429
1529
1409
1472
1446
1445
1400
1382
1351
1394
1456
1494
1413
1449
1509
1454
1388
1431
1309
1386
1425
1404
1354
1547
1339
1490
1367
1394
1441
1398
1469
1336
1457
1421
1382
1483
1413
1435
1426
1486
1268
1408
1441
1478
1384
1456
1340
1295
1451
1448
1422
1406
1436
1398
1479
1395
1383
1447
1449
1399
1495
1408
1364
1406
1468
1387
1310
1396
1406
1375
1458
1448
1523
1498
1430
1375
1441
1396
1295
1454
1554
1367
1353
1482
1367
1326
1432
1439
1392
1313
1456
1369
1336
1377
1490
1398
1426
1372
1394
1499
1305
1457
1384
1413
1331
1370
1333
1367
1340
1300
1289
1383
1338
1420
1339
1413
1340
1286
1408
1364
1441
1487
1436
1397
1457
1328
1335
1378
1378
1303
1344
1330
1272
1262
1331
1281
1395
1381
1445
1338
1279
1426
1435
1327
1350
1439
1402
1355
1318
1352
1350
1281
1298
1493
1381
1390
1383
1296
1389
1493
1330
1443
1356
1384
1362
1353
1369
1441
1380
1408
1292
1356
1385
1332
1362
1345
1284
1358
1326
1361
1425
1445
1269
1339
1358
1313
1481
1287
1348
1387
1330
1267
1314
1260
1366
1412
1278
1397
1309
1287
1284
1315
1310
1378
1261
1381
1299
1292
1416
1285
1257
1349
1285
1273
1275
1325
1320
1343
1202
1272
1402
1360
1229
1273
1319
1375
1382
1371
1438
1379
1391
1340
1414
1381
1305
1332
1290
1330
1317
1321
1307
1330
1317
1356
1411
1417
1442
1303
1261
1317
1393
1333
1320
1190
1265
1351
1304
1423
1311
1307
1343
1286
1308
1283
1243
1330
1366
1335
1303
1315
1339
1300
1413
1337
1304
1328
1285
1345
1218
1253
1322
1347
1314
1445
1413
1358
1418
1367
1344
1358
1333
1249
1332
1143
1288
1276
1211
1344
1269
1288
1315
1355
1295
1308
1312
1320
1343
1238
1337
1245
1373
1270
1292
1278
1246
1355
1245
1349
1391
1390
1295
1238
1274
1331
1333
1291
1352
1290
1273
1275
1271
1315
1218
1334
1326
1330
1210
1218
1387
1290
1284
1285
1321
1323
1315
1198
1198
1237
1304
1251
1170
1265
1302
1277
1361
1316
1327
1329
1254
1371
1245
1248
1345
1359
1262
1208
1369
1335
1304
1302
1279
1275
1304
1311
1315
1321
1319
1251
1228
1273
1273
1278
1287
1231
1312
1416
1287
1256
1230
1335
1217
1323
1229
1202
1175
1253
1299
1264
1300
1187
1339
1201
1315
1375
1299
1162
1319
1289
1285
1183
1352
1227
1218
1220
1230
1232
1252
1294
1238
1313
1221
1239
1342
1316
1224
1262
1390
1234
1221
1315
1288
1212
1300
1300
1295
1302
1272
1222
1219
1406
1175
1235
1237
1278
1207
1317
1263
1245
1223
1294
1330
1273
1288
1269
1273
1294
1219
1265
1253
1202
1241
1332
1324
1308
1253
1243
1292
1232
1244
1222
1329
1339
1123
1269
1325
1316
1196
1232
1317
1277
1229
1316
1166
1153
1225
1303
1279
1253
1287
1257
1141
1294
1169
1273
1291
1231
1327
1263
1239
1243
1228
1263
1240
1237
1249
1147
1283
1321
1279
1276
1259
1345
1229
1181
1250
1194
1230
1296
1243
1220
1227
1165
1141
1259
1119
1284
1185
1220
1223
1210
1313
1195
1237
1223
1297
1286
1200
1251
1210
1226
1155
1281
1322
1281
1282
1259
1194
1262
1218
1157
1383
1207
1303
1207
1152
1285
1312
1257
1183
1241
1226
1222
1261
1260
1247
1201
1255
1191
1322
1250
1250
1244
1170
1241
1241
1321
1166
1205
1130
1286
1143
1187
1256
1260
1101
1223
1138
1320
1228
1255
1327
1372
1282
1185
1275
1168
1196
1234
1221
1196
1316
1082
1244
1148
1169
1207
1267
1184
1306
1283
1142
1242
1211
1295
1247
1194
1128
1157
1235
1272
1141
1202
1194
1316
1237
1253
1132
1321
1297
1265
1312
1150
1217
1204
1243
1207
1207
1209
1167
1347
1191
1145
1291
1234
1331
1219
1203
1183
1247
1213
1193
1223
1171
1242
1260
1225
1064
1231
1325
1309
1177
1369
1241
1267
1283
1283
1167
1253
1176
1271
1164
1243
1249
1175
1253
1099
1269
1154
1209
1245
1210
1229
1154
1248
1180
1219
1257
1260
1276
1220
1136
1253
1252
1107
1229
1235
1260
1224
1283
1197
1163
1201
1249
1168
1185
1258
1278
1222
1097
1233
1209
1180
1323
1232
1343
1306
1203
1266
1229
1219
1185
1224
1247
1270
1264
1212
1241
1261
1133
1208
1198
1270
1154
1136
1264
1288
1160
1191
1208
1296
1234
1275
1204
1270
1150
1300
1151
1116
1232
1245
1109
1212
1233
1205
1223
1247
1159
1219
1134
1162
1281
1148
1193
1082
1178
1147
1292
1341
1263
1146
1192
1262
1239
1264
1198
1144
1190
1209
1166
1160
1154
1183
1161
1198
1304
1203
1188
1140
1201
1285
1207
1211
1219
1191
1217
1291
1271
1166
1126
1111
1249
1262
1284
1265
1299
1223
1255
1295
1225
1244
1217
1259
1285
1234
1240
1122
1200
1149
1076
1177
1253
1218
1241
1288
1287
1261
1177
1252
1237
1260
1280
1297
1203
1233
1138
1266
1253
1172
1166
1255
1223
1218
1238
1137
1255
1152
1363
1220
1259
1252
1256
1275
1163
1225
1282
1183
1170
1188
1182
1281
1118
1184
1161
1167
1207
1234
1192
1244
1152
1249
1152
1167
1110
1229
1172
1167
1200
1184
1247
1127
1214
1179
1192
1184
1163
1202
1178
1245
1226
1196
1256
1165
1239
1169
1150
1171
1212
1134
1156
1147
1251
1136
1106
1206
1205
1198
1165
1169
1188
1090
1250
1213
1184
1256
1096
1220
1191
1173
1166
1172
1105
1149
1167
1286
1110
1240
1211
1142
1129
1160
1197
1111
1249
1263
1138
1245
1222
1261
1238
1190
1290
1217
1146
1207
1200
1187
1208
1179
1158
1208
1113
1285
1211
1187
1220
1170
1199
1280
1249
1117
1194
1219
1336
1163
1224
1227
1165
1165
1176
1145
1209
1253
1267
1191
1254
1183
1249
1269
1209
1204
1202
1169
1234
1281
1228
1270
1213
1304
1178
1254
1313
1232
1233
1258
1207
1227
1270
1096
1230
1205
1154
1287
1219
1218
1257
1151
1175
1152
1221
1239
1242
1154
1253
1268
1218
1264
1223
1148
1321
1245
1178
1196
1171
1314
1287
1239
1170
1275
1325
1317
1221
1302
1173
1216
1258
1148
1186
1205
1302
1195
1156
1187
1255
1194
1158
1187
1156
1129
1270
1204
1247
1298
1262
1186
1322
1100
1228
1167
1294
1141
1409
1183
1184
1177
1216
1140
1174
1201
1287
1165
1085
1327
1243
1102
1260
1207
1306
1312
1205
1295
1128
1254
1176
1170
1268
1271
1195
1175
1235
1218
1139
1162
1217
1205
1269
1242
1231
1220
1144
1153
1226
1211
1234
1164
1226
1209
1165
1107
1117
1228
1246
1129
1156
1236
1295
1254
1141
1277
1269
1260
1202
1286
1271
1225
1278
1187
1290
1373
1246
1275
1226
1231
1184
1141
1247
1206
1227
1223
1126
1198
1233
1249
1249
1168
1230
1215
1164
1247
1310
1193
1275
1316
1175
1209
1296
1272
1201
1160
1234
1276
1189
1242
1278
1140
1146
1242
1316
1264
1223
1220
1205
1282
1201
1183
1213
