1133
1225
1190
1254
1153
1169
1227
1155
1145
1236
1169
1244
1232
1209
1168
1286
1242
1225
1223
1256
1276
1157
1247
1198
1147
1218
1171
1307
1143
1290
1167
1181
1171
1223
1132
1131
1155
1148
1142
1196
1195
1114
1173
1206
1209
1171
1186
1195
1191
1348
1148
1291
1236
1255
1298
1229
1232
1117
1180
1057
1193
1243
1275
1247
1163
1247
1220
1306
1377
1211
1288
1267
1137
1216
1307
1206
1190
1232
1190
1203
1164
1171
1323
1219
1373
1214
1217
1243
1200
1308
1328
1314
1258
1215
1141
1225
1169
1160
1300
1230
1146
1248
1232
1272
1162
1239
1241
1331
1348
1276
1204
1158
1188
1222
1104
1247
1228
1274
1016
1165
1186
1329
1309
1281
1376
1322
1253
1251
1339
1180
1158
1243
1195
1159
1279
1122
1200
1141
1211
1179
1181
1202
1207
1244
1206
1268
1167
1293
1172
1234
1230
1234
1168
1268
1204
1177
1262
1250
1251
1231
1205
1221
1217
1183
1219
1176
1244
1195
1250
1306
1325
1295
1145
1286
1252
1180
1311
1202
1273
1222
1402
1187
1242
1215
1259
1236
1224
1193
1222
1229
1154
1173
1127
1277
1076
1209
1201
1201
1223
1235
1272
1242
1156
1103
1181
1249
1218
1164
1224
1243
1259
1201
1337
1205
1186
1247
1231
1219
1262
1150
1199
1203
1160
1308
1191
1231
1274
1222
1107
1299
1167
1276
1174
1209
1178
1200
1269
1245
1172
1269
1262
1232
1204
1222
1241
1287
1197
1356
1146
1187
1284
1217
1218
1155
1197
1198
1191
1117
1244
1213
1277
1196
1305
1221
1264
1205
1268
1226
1226
1278
1173
1235
1279
1337
1273
1168
1242
1162
1269
1222
1212
1187
1263
1194
1383
1283
1242
1233
1258
1246
1212
1155
1379
1172
1249
1139
1234
1215
1174
1204
1330
1171
1277
1277
1244
1297
1333
1287
1339
1238
1233
1202
1243
1141
1240
1255
1203
1159
1220
1148
1294
1243
1218
1204
1273
1247
1272
1199
1149
1244
1295
1177
1223
1366
1242
1213
1253
1217
1242
1219
1257
1204
1157
1134
1192
1232
1273
1142
1255
1167
1262
1283
1271
1282
1137
1273
1364
1255
1264
1204
1284
1246
1229
1164
1334
1218
1212
1291
1282
1178
1237
1232
1212
1218
1290
1262
1176
1223
1163
1247
1192
1188
1156
1313
1258
1320
1161
1185
1176
1305
1299
1310
1296
1282
1193
1247
1285
1207
1224
1249
1288
1280
1172
1341
1257
1256
1315
1214
1269
1237
1245
1293
1184
1225
1139
1193
1224
1316
1215
1208
1213
1176
1321
1263
1280
1303
1293
1285
1239
1295
1210
1181
1273
1318
1249
1236
1223
1316
1170
1153
1165
1260
1240
1190
1296
1236
1197
1280
1227
1305
1356
1311
1320
1364
1251
1241
1244
1243
1221
1233
1213
1301
1287
1192
1220
1278
1169
1342
1224
1259
1273
1199
1203
1403
1229
1154
1191
1281
1312
1391
1253
1283
1213
1233
1379
1286
1236
1210
1327
1222
1218
1207
1235
1302
1269
1241
1190
1310
1213
1247
1265
1263
1334
1287
1356
1263
1264
1237
1213
1202
1280
1206
1281
1308
1332
1320
1240
1297
1137
1253
1230
1245
1294
1283
1318
1295
1193
1235
1308
1311
1322
1281
1221
1227
1191
1251
1170
1298
1186
1208
1342
1345
1247
1337
1263
1257
1311
1188
1303
1286
1278
1281
1295
1308
1265
1198
1306
1199
1281
1256
1278
1274
1268
1319
1217
1238
1224
1272
1235
1310
1277
1259
1248
1205
1314
1285
1311
1297
1229
1299
1220
1329
1312
1308
1284
1139
1329
1269
1365
1316
1363
1346
1372
1280
1404
1363
1281
1295
1281
1276
1312
1243
1280
1309
1377
1255
1325
1336
1265
1393
1330
1356
1264
1329
1294
1239
1251
1237
1275
1268
1302
1198
1239
1285
1195
1321
1341
1275
1376
1323
1357
1369
1320
1324
1271
1199
1370
1213
1302
1226
1313
1273
1263
1233
1311
1349
1237
1359
1203
1258
1310
1321
1304
1293
1246
1346
1252
1257
1279
1205
1231
1279
1195
1408
1302
1353
1347
1260
1345
1318
1396
1333
1226
1274
1299
1370
1233
1293
1240
1274
1294
1272
1318
1280
1361
1283
1381
1225
1298
1335
1391
1369
1308
1293
1311
1298
1273
1306
1323
1285
1373
1364
1355
1287
1384
1406
1389
1269
1326
1271
1275
1270
1211
1301
1236
1359
1304
1265
1314
1404
1420
1357
1299
1354
1314
1368
1232
1349
1311
1316
1343
1394
1161
1310
1318
1345
1302
1319
1295
1371
1331
1427
1330
1319
1303
1398
1360
1271
1298
1228
1352
1342
1300
1382
1282
1326
1348
1363
1318
1214
1367
1194
1307
1259
1416
1293
1235
1274
1367
1368
1199
1424
1316
1460
1446
1256
1270
1338
1409
1359
1334
1280
1288
1393
1339
1350
1441
1365
1442
1279
1215
1270
1347
1263
1303
1422
1337
1436
1299
1359
1318
1301
1226
1401
1387
1346
1344
1289
1386
1344
1363
1276
1261
1403
1279
1327
1301
1233
1305
1311
1392
1335
1301
1363
1385
1361
1325
1355
1369
1253
1244
1277
1271
1389
1307
1295
1307
1273
1326
1304
1335
1305
1381
1394
1371
1329
1428
1339
1273
1308
1361
1288
1333
1355
1376
1319
1307
1273
1294
1279
1325
1368
1413
1273
1351
1385
1285
1322
1234
1351
1267
1250
1329
1353
1336
1377
1401
1326
1244
1298
1315
1224
1386
1414
1333
1345
1309
1382
1329
1352
1387
1366
1371
1382
1343
1410
1437
1302
1313
1364
1383
1341
1314
1450
1326
1357
1343
1343
1278
1324
1293
1360
1409
1283
1287
1281
1362
1329
1429
1323
1398
1433
1417
1312
1396
1306
1400
1289
1389
1345
1438
1384
1389
1286
1383
1346
1443
1455
1398
1302
1403
1443
1390
1450
1369
1409
1368
1439
1406
1428
1344
1362
1313
1349
1366
1319
1446
1452
1358
1289
1372
1411
1283
1426
1335
1471
1372
1406
1358
1366
1357
1364
1336
1503
1402
1384
1424
1384
1416
1351
1381
1337
1427
1579
1430
1342
1428
1295
1396
1499
1393
1535
1391
1456
1393
1367
1337
1299
1356
1374
1413
1342
1332
1332
1333
1398
1271
1434
1299
1405
1374
1449
1369
1455
1372
1475
1486
1313
1373
1388
1324
1412
1402
1452
1333
1450
1351
1295
1453
1431
1473
1411
1466
1449
1451
1397
1411
1465
1389
1401
1340
1364
1458
1440
1287
1397
1358
1428
1458
1344
1412
1406
1587
1400
1389
1491
1538
1399
1395
1489
1349
1403
1412
1451
1388
1434
1419
1361
1289
1309
1355
1313
1491
1350
1392
1491
1437
1369
1359
1453
1447
1380
1376
1429
1534
1356
1389
1434
1399
1410
1348
1383
1456
1394
1459
1421
1457
1434
1467
1410
1500
1423
1449
1488
1540
1462
1420
1406
1482
1409
1411
1537
1510
1486
1378
1476
1418
1540
1525
1478
1454
1454
1552
1565
1295
1477
1427
1472
1411
1425
1448
1458
1335
1440
1531
1418
1457
1429
1514
1432
1604
1386
1583
1568
1520
1563
1440
1539
1495
1580
1473
1485
1607
1446
1498
1496
1560
1569
1545
1558
1523
1575
1458
1546
1532
1511
1607
1598
1533
1511
1577
1424
1602
1643
1581
1540
1553
1524
1560
1541
1460
1546
1604
1597
1608
1529
1584
1599
1628
1678
1708
1513
1486
1526
1558
1641
1581
1547
1690
1646
1549
1670
1667
1652
1769
1680
1673
1636
1703
1681
1712
1771
1751
1712
1791
1699
1802
1738
1752
1737
1686
1736
1832
1733
1762
1803
1790
1820
1840
1772
1767
1815
1805
1906
1779
1876
1837
1853
1912
1879
1901
1832
1900
1909
1935
2115
2047
1997
2008
1993
1999
2015
1964
2052
1983
2036
2023
2085
2122
2176
2193
2199
2258
2219
2360
2205
2244
2305
2471
2274
2303
2382
2336
2449
2389
2388
2512
2385
2530
2483
2568
2538
2483
2533
2636
2726
2736
2871
2825
2758
2762
2924
2954
2842
2926
2975
2931
2893
2937
3039
3081
3117
3325
3318
3320
3454
3414
3473
3522
3539
3495
3600
3568
3573
3711
3935
3809
3940
3733
3872
3915
4148
4185
4130
4279
4422
4406
4519
4601
4438
4681
4714
4697
4774
4913
4929
4977
5098
5291
5337
5301
5468
5474
5491
5696
5736
5968
5960
5929
6104
6214
6428
6400
6566
6741
6669
6993
6983
6992
7169
7274
7350
7544
7735
7814
7850
8194
7744
8017
8223
8328
8809
8772
8738
9024
8884
9264
9610
9746
9804
9968
10351
10308
10143
10391
10798
10892
11196
11405
11353
11746
11940
11904
12035
12444
12556
12717
12964
13123
13654
13459
13780
13989
14341
14514
14778
15140
15202
15466
15746
15636
16209
16206
16614
16725
17006
17387
17757
18061
18106
18098
18910
18904
19282
19421
19992
20347
20230
20852
21005
21573
21464
21801
22141
22546
22994
23360
23458
23828
24154
23912
24832
25417
25330
26216
26509
26327
26706
27217
27582
27783
28074
28389
28872
28917
29503
29870
30408
30680
30656
31168
31490
32030
32650
32940
33222
33316
33772
34011
33924
34736
35430
35300
36011
36538
36554
36941
36850
37620
38222
38379
38712
39124
39536
39772
40507
40370
40341
41272
41000
41600
41642
42570
42626
43222
43060
43821
43686
44246
43982
44372
44576
45279
45346
45670
46020
45728
46313
46188
46196
46915
47700
47206
47642
47604
47906
48902
48913
48785
48886
49084
49600
49386
49476
49794
50128
50603
50240
50130
50214
50560
50524
51565
51398
51597
50946
51023
51476
51652
51462
51524
51812
51736
51689
51932
52191
51840
52388
51556
51917
52220
52159
51981
52027
51466
51508
51988
52125
52352
51552
51584
51757
51506
51604
51684
51722
51294
51853
51407
51437
51150
50698
50826
50853
51092
50868
50552
50873
50116
50057
50324
50170
50072
50022
49514
49196
49410
49014
49516
48648
48602
48612
48138
48038
48479
47876
48248
47323
47429
47837
47574
46891
46765
46840
46208
46528
45581
45890
45358
45812
45771
44756
44331
44612
44386
43932
44248
43866
43698
43328
43101
42930
42590
42240
42332
42112
41454
41445
41386
40888
41178
40602
40202
40206
39647
39680
39435
39141
39116
39434
38258
38300
37740
37544
37714
36978
37017
37240
36826
36328
35627
35748
35581
35562
34952
34750
34466
34534
34137
33829
33503
33265
33096
32776
32513
32469
32494
32154
31394
31543
30986
31183
31167
30637
30500
30525
30201
29725
29576
28967
29396
29102
28684
28393
27972
27876
28154
27886
27375
26984
26789
26990
26624
26694
26054
25819
25795
25482
25561
24768
25002
24947
24684
24281
24436
23819
24042
23646
23359
23146
23268
22832
22952
22522
22346
22006
22223
21778
21972
21715
21676
21372
20966
20855
21001
20737
20466
20114
20275
20144
20069
19453
19474
19349
19470
19240
18953
19080
18752
18790
18599
18210
18282
18228
18130
17735
17572
17418
17475
17255
17427
17046
16754
16914
16782
16811
16164
16149
16126
16074
16040
16066
15636
15629
15446
15391
15165
15104
14892
15129
14753
14968
14567
14452
14359
14050
14206
13999
14007
13698
13432
13670
13708
13400
13318
13140
13197
13113
12968
12998
12672
12763
12667
12632
12169
12273
12297
11869
12136
11917
11853
11568
11382
11621
11552
11396
11097
11173
10720
10763
10748
10935
10989
10550
10670
10508
10851
10575
10278
10316
10215
10100
10009
9763
9851
9750
9769
9595
9578
9555
9483
9330
9292
9300
9257
9066
9174
9066
8907
9129
8805
8587
8600
8588
8452
8480
8435
8581
8145
8173
8276
8105
8306
8051
8073
7953
8015
7749
7826
7738
7681
7461
7734
7454
7545
7437
7377
7344
7328
7293
7399
7033
6925
7074
6821
6870
6971
6855
6858
6614
6827
6724
6560
6542
6478
6513
6433
6415
6400
6362
6402
6127
6109
6280
6273
6062
6078
6124
6203
5907
5948
5916
5771
5906
5788
5697
5564
5606
5578
5558
5595
5543
5505
5443
5417
5357
5573
5577
5348
5366
5352
5301
5174
5370
5230
5191
4921
5057
5063
4963
5006
4874
4861
4936
5012
4896
4850
4934
4733
4774
4781
4598
4534
4738
4583
4541
4557
4499
4614
4516
4472
4596
4402
4444
4420
4429
4309
4318
4251
4268
4279
4056
4117
4087
4184
4076
4201
4173
4080
3948
4027
3984
4044
4002
3839
3999
3990
3875
3785
3746
3935
3747
3889
3842
3735
3807
3719
3708
3714
3796
3749
3743
3451
3600
3577
3577
3429
3463
3592
3404
3432
3486
3479
3593
3460
3210
3414
3443
3354
3270
3323
3204
3366
3408
3317
3249
3293
3205
3186
3250
3227
3151
3122
3280
3161
3082
3027
3008
3141
3095
3047
2937
3098
2943
2981
2856
2980
2951
2885
2866
2882
2930
2819
2754
2935
2764
2806
2642
2762
2868
2726
2925
2730
2789
2847
2572
2552
2736
2757
2632
2704
2590
2721
2665
2601
2453
2638
2538
2605
2513
2618
2458
2707
2608
2502
2548
2495
2408
2451
2601
2622
2483
2555
2488
2497
2534
2445
2421
2394
2300
2396
2456
2277
2391
2375
2322
2277
2383
2407
2434
2257
2341
2334
2215
2392
2256
2196
2230
2232
2256
2156
2202
2218
2149
2180
2220
2255
2148
2157
2210
2155
2218
2102
2179
2146
1984
2204
2112
2210
2086
2160
2075
2081
1970
2018
2042
2036
2126
2056
1993
2108
1967
2099
2007
1959
2054
1998
1986
2023
2071
2031
2081
1907
1903
1962
1899
1967
1954
1942
1903
1954
1870
1988
1943
2000
2016
1879
1865
1965
1815
1878
1883
1915
1785
1988
2095
1923
1824
1920
1861
1904
1902
1860
1806
1826
1789
1778
1818
1743
1801
1790
1817
1876
1744
1888
1834
1959
1794
1874
1867
1808
1876
1808
1720
1794
1795
1842
1745
1813
1791
1670
1709
1809
1717
1782
1781
1759
1786
1668
1762
1733
1752
1760
1748
1751
1705
1766
1723
1619
1717
1784
1757
1660
1773
1705
1696
1750
1674
1731
1659
1675
1610
1738
1643
1772
1706
1556
1659
1658
1581
1636
1597
1618
1699
1657
1610
1684
1708
1701
1602
1707
1668
1701
1567
1603
1677
1704
1624
1639
1568
1641
1622
1692
1567
1540
1634
1650
1648
1701
1570
1586
1659
1662
1567
1724
1673
1573
1621
1624
1560
1556
1556
1562
1672
1543
1629
1535
1539
1444
1469
1586
1514
1562
1506
1541
1569
1479
1621
1559
1599
1590
1616
1631
1622
1534
1555
1594
1554
1563
1636
1475
1543
1553
1466
1598
1639
1567
1474
1577
1470
1533
1532
1525
1535
1556
1623
1435
1446
1435
1536
1618
1535
1518
1456
1469
1579
1548
1573
1543
1525
1583
1531
1563
1518
1518
1500
1540
1563
1458
1522
1551
1536
1569
1470
1531
1496
1532
1559
1531
1510
1420
1562
1420
1473
1474
1563
1418
1492
1477
1503
1673
1457
1406
1478
1490
1570
1482
1392
1499
1495
1553
1531
1507
1483
1470
1581
1516
1492
1567
1443
1558
1506
1468
1482
1551
1440
1513
1392
1553
1483
1427
1441
1494
1492
1331
1357
1533
1469
1410
1447
1464
1455
1484
1450
1496
1489
1407
1462
1436
1452
1437
1509
1465
1402
1515
1412
1463
1460
1448
1503
1366
1501
1413
1531
1458
1442
1474
1340
1528
1500
1543
1444
1498
1506
1377
1504
1357
1373
1440
1410
1408
1379
1488
1504
1389
1528
1512
1434
1540
1427
1495
1444
1337
1482
1428
1423
1406
1483
1505
1397
1418
1396
1431
1407
1471
1379
1463
1447
1374
1519
1389
1487
1526
1517
1523
1525
1437
1444
1348
1411
1429
1377
1431
1415
1479
1326
1441
1470
1438
1350
1329
1409
1460
1262
1465
1373
1461
1412
1419
1375
1559
1454
1504
1422
1431
1380
1380
1456
1446
1358
1554
1375
1387
1358
1352
1453
1259
1306
1455
1346
1414
1462
1493
1340
1456
1481
1356
1501
1379
1473
1399
1440
1428
1385
1340
1413
1366
1331
1377
1413
1405
1395
1407
1462
1374
1471
1399
1373
1335
1261
1410
1269
1296
1390
1374
1341
1388
1297
1308
1364
1238
1404
1332
1365
1339
1247
1314
1353
1329
1426
1359
1332
1270
1461
1301
1397
1378
1409
1495
1343
1345
1386
1452
1311
1421
1305
1298
1291
1186
1231
1343
1297
1399
1313
1443
1384
1402
1446
1463
1307
1297
1387
1353
1236
1307
1383
1340
1317
1313
1371
1386
1387
1393
1362
1367
1269
1294
1366
1357
1396
1189
1280
1321
1362
1337
1318
1275
1345
1300
1365
1363
1359
1254
1307
1282
1358
1282
1327
1431
1362
1304
1444
1479
1339
1258
1442
1379
1333
1363
1391
1272
1298
1419
1319
1304
1317
1280
1406
1306
1383
1357
1405
1315
1308
1310
1364
1398
1293
1334
1322
1331
1309
1349
1394
1349
1306
1462
1370
1351
1345
1351
1331
1310
1335
1294
1347
1235
1338
1303
1383
1255
1238
1235
1326
1360
1319
1356
1351
1323
1405
1347
1371
1429
1202
1294
1325
1354
1336
1353
1367
1408
1282
1385
1381
1457
1325
1336
1294
1312
1356
1259
1303
1466
1329
1391
1411
1258
1280
1344
1288
1394
1314
1389
1280
1257
1360
1305
1350
1395
1376
1357
1293
1270
1348
1407
1274
1273
1337
1303
1297
1224
1342
1303
1332
1306
1250
1237
1302
1312
1361
1352
1397
1409
1328
1372
1363
1337
1351
1334
1332
1383
1282
1356
1310
1329
1379
1301
1340
1244
1370
1358
1290
1349
1364
1397
1352
1193
1330
1174
1256
1283
1222
1233
1331
1261
1352
1275
1298
1274
1247
1270
1335
1365
1316
1249
1246
1211
1369
1221
1377
1252
1254
1201
1214
1359
1205
1283
1297
1338
1292
1284
1335
1301
1265
1289
1370
1352
1329
1209
1284
1210
1254
1245
1331
1282
1296
1306
1316
1267
1270
1197
1307
1350
1267
1291
1255
1300
1192
1277
1205
1308
1249
1285
1249
1257
1314
1256
1250
1274
1304
1361
1264
1280
1348
1302
1287
1264
1338
1348
1271
1364
1330
1248
1287
1345
1391
1272
1371
1399
1312
1315
1257
1308
1304
1286
1234
1236
1176
1341
1308
1253
1202
1216
1260
1298
1163
1224
1317
1319
1242
1261
1332
1221
1177
1294
1244
1206
1174
1223
1208
1325
1216
1311
1181
1338
1393
1230
1303
1274
1179
1213
1278
1194
1191
1278
1285
1301
1258
1404
1236
1255
1244
1235
1204
1276
1264
1199
1181
1318
1226
1231
1231
1336
1106
1303
1167
1171
1280
1222
1165
1136
1153
1238
1220
1254
1241
1287
1247
1253
1162
1317
1237
1196
1204
1257
1253
1312
1280
1306
1177
1173
1290
1182
1250
1335
1198
1230
1257
1225
1269
1204
1279
1237
1237
1241
1232
1297
1282
1146
1219
1215
1226
1245
1210
1202
1237
1317
1240
1170
1334
1213
1240
1127
1364
1214
1142
1180
1240
1319
1242
1303
1194
1232
1254
1226
1270
1262
1148
1229
1168
1269
1162
1283
1263
1167
1247
1192
1294
1197
1294
1166
1248
1359
1245
1198
1255
1190
1191
1267
1150
1251
1288
1203
1219
1102
1251
1139
1132
1230
1220
1208
1275
1201
1113
1156
1186
1231
1262
1220
1246
1141
1205
1231
1216
1208
1197
1257
1257
1220
1164
1330
1249
1304
1180
1239
1277
1348
1220
1306
1172
1150
1105
1280
1243
1228
1194
1234
1189
1209
1227
1250
1202
1253
1261
1246
1212
1223
1224
1270
1236
1202
1224
1215
1161
1150
1193
1122
1195
1195
1244
1280
1301
1275
1254
1250
1201
1238
1258
1212
1248
1208
1219
1231
1251
1270
1220
1239
1196
1134
1204
1257
1272
1226
1187
1284
1203
1290
1171
1262
1214
1235
1243
1135
1221
1241
1271
1251
1192
1217
1101
1099
1261
1256
1174
1209
1206
1147
1279
1150
1242
1217
1285
1176
1240
1115
1253
1254
1229
1287
1226
1349
1238
1279
1119
1279
1221
1222
1214
1201
1167
1176
1269
1197
1269
1233
1203
1244
1135
1306
1281
1183
1244
1249
1126
1171
1110
1182
1128
1176
1241
1193
1133
1295
1248
1154
1263
1269
1223
1260
1201
1212
1163
1243
1344
1246
1204
1224
1228
1242
1231
1192
1234
1171
1253
1216
1280
1255
1250
1256
1296
1186
1169
1289
1252
1223
1190
1186
1243
1169
1208
1190
1160
1190
1213
1212
1253
1220
1286
1158
1231
1229
1095
1219
1239
1286
1283
1178
1217
1238
1156
1209
1215
1237
1243
1266
1174
1219
1211
1162
1247
1250
1133
1268
1163
1280
1206
1241
1281
1274
1197
1234
1286
1201
1282
1178
1213
1118
1189
1234
1261
1241
1131
1206
1214
1167
1212
1204
1217
1281
1288
1137
1272
1302
1213
1242
1229
1196
1162
1182
1193
1199
1138
1231
1218
1150
1221
1209
1349
1266
1317
1212
1325
1202
1248
1214
1237
1131
1147
1245
1247
1059
1259
1284
1332
1181
1198
1209
1193
1268
1248
1269
1206
1271
1295
1181
1227
1238
1332
1233
1345
1232
1359
1213
1192
1098
1225
1226
1281
1282
1290
1215
1277
1192
1239
1301
1254
1141
1288
1262
1326
1314
1207
1179
1175
1269
1248
1247
1182
1294
1248
1310
1143
1289
1180
1289
1267
1252
1219
1192
1179
1170
1268
1153
1223
1176
1253
1256
1353
1331
1248
1223
1280
1202
1330
1257
1277
1162
1265
1271
1316
1213
1127
1300
1210
1311
1143
1238
1202
1153
1187
1199
1141
1271
1203
1356
1275
1219
1218
1237
1197
1226
1230
1161
1216
1224
1263
1327
1172
1309
1196
1224
1146
1175
1107
1279
1238
1299
1198
1241
1336
1235
1267
1210
1224
1250
1193
1261
1277
1316
1169
1169
1237
1125
1138
1133
1182
1207
1112
1287
1251
1231
1292
1223
1284
1205
1083
1316
1193
1197
1211
1133
1247
1097
1251
1125
1169
1150
1183
1254
1200
1192
1113
1287
1148
1218
1263
1182
1214
1263
1235
1264
1176
1078
1202
1244
1210
1167
1165
1260
1198
1201
1241
1194
1093
1289
1235
1227
1286
1345
1200
1191
1158
1172
1231
1225
1157
1145
1126
1335
1299
1247
1212
1253
1143
1212
1273
1147
1178
1203
1202
1218
1230
1255
1252
1284
1339
1218
1224
1246
1131
1249
1232
1169
1370
1192
1280
1254
1145
1264
1272
1297
1256
1180
1114
1148
1252
1160
1127
1194
1131
1176
1244
1252
1243
1174
1218
1121
1191
1142
1217
1115
1247
1174
1258
1174
1187
1299
1235
1283
1244
1292
1131
1192
1238
1290
1208
1236
1200
1178
1224
1243
1269
1144
1274
1267
1184
1208
1219
1222
1194
1179
1243
1232
1155
1329
1148
1253
1242
1237
1203
1202
1214
1137
1248
1193
1207
1281
1165
