1270
1277
1185
1087
1238
1257
1222
1324
1254
1156
1200
1157
1211
1234
1188
1329
1317
1220
1250
1232
1183
1294
1173
1218
1180
1210
1185
1209
1177
1218
1094
1113
1212
1155
1136
1277
1242
1217
1228
1245
1241
1204
1208
1252
1333
1224
1290
1284
1190
1257
1265
1173
1235
1309
1209
1271
1254
1176
1306
1250
1223
1249
1268
1277
1208
1258
1295
1231
1166
1205
1285
1199
1237
1139
1258
1289
1246
1211
1256
1286
1182
1330
1288
1224
1230
1199
1267
1267
1237
1257
1157
1250
1290
1148
1231
1269
1191
1249
1187
1239
1201
1194
1169
1310
1214
1200
1254
1229
1203
1208
1264
1162
1229
1205
1296
1211
1348
1269
1257
1231
1201
1222
1237
1150
1249
1248
1170
1273
1222
1195
1224
1253
1304
1260
1313
1247
1272
1236
1337
1209
1310
1176
1206
1293
1249
1153
1239
1236
1238
1289
1261
1322
1253
1211
1241
1141
1102
1336
1162
1192
1194
1319
1290
1192
1228
1194
1167
1196
1112
1216
1186
1213
1225
1399
1111
1143
1221
1161
1204
1351
1130
1220
1360
1287
1367
1172
1226
1287
1281
1243
1251
1277
1183
1247
1199
1259
1196
1284
1136
1179
1170
1231
1209
1196
1290
1237
1277
1215
1305
1229
1297
1239
1263
1215
1213
1152
1215
1219
1295
1161
1188
1328
1157
1315
1148
1305
1234
1140
1283
1268
1196
1171
1228
1250
1295
1227
1331
1253
1230
1234
1197
1147
1191
1167
1231
1178
1242
1228
1314
1226
1184
1122
1217
1294
1134
1229
1167
1266
1193
1285
1221
1301
1293
1180
1207
1209
1206
1223
1177
1153
1237
1189
1197
1227
1191
1218
1153
1248
1268
1278
1273
1224
1250
1167
1209
1176
1269
1229
1201
1170
1258
1177
1197
1265
1267
1214
1216
1281
1209
1262
1279
1177
1162
1242
1140
1273
1198
1113
1236
1134
1301
1279
1295
1250
1242
1262
1211
1278
1254
1163
1164
1103
1214
1106
1119
1216
1221
1236
1295
1234
1294
1236
1291
1197
1236
1300
1258
1182
1270
1227
1217
1256
1263
1243
1249
1217
1250
1196
1327
1217
1298
1274
1161
1217
1215
1300
1179
1248
1199
1197
1292
1246
1265
1265
1224
1261
1297
1371
1339
1207
1276
1174
1285
1187
1178
1163
1220
1141
1187
1216
1229
1216
1198
1136
1234
1244
1229
1195
1301
1175
1334
1350
1254
1247
1289
1191
1212
1268
1191
1250
1283
1243
1344
1286
1246
1240
1136
1194
1234
1151
1330
1391
1181
1154
1238
1283
1316
1220
1286
1166
1237
1214
1222
1256
1278
1339
1163
1307
1184
1228
1281
1332
1322
1282
1345
1246
1244
1211
1325
1228
1208
1193
1370
1358
1284
1272
1291
1243
1246
1168
1329
1180
1246
1254
1287
1232
1207
1317
1252
1147
1211
1225
1204
1225
1198
1259
1198
1207
1269
1200
1275
1327
1296
1165
1401
1133
1282
1232
1310
1163
1309
1290
1284
1181
1261
1139
1241
1257
1268
1186
1346
1204
1219
1252
1381
1199
1329
1225
1344
1346
1227
1270
1220
1247
1287
1291
1319
1172
1296
1151
1301
1262
1309
1413
1239
1128
1257
1358
1224
1325
1263
1277
1284
1306
1234
1387
1252
1412
1312
1321
1203
1279
1256
1272
1293
1352
1329
1258
1383
1282
1188
1332
1343
1413
1305
1265
1279
1222
1258
1298
1290
1251
1311
1358
1299
1238
1370
1363
1228
1305
1275
1408
1271
1237
1160
1226
1247
1276
1280
1301
1327
1308
1320
1232
1359
1273
1294
1280
1264
1266
1387
1337
1365
1245
1293
1367
1383
1286
1266
1283
1396
1348
1255
1212
1237
1293
1283
1216
1178
1318
1299
1293
1206
1349
1340
1334
1301
1287
1208
1217
1286
1245
1329
1370
1238
1300
1293
1354
1275
1407
1261
1376
1334
1306
1425
1281
1251
1235
1391
1254
1162
1216
1321
1320
1217
1355
1220
1321
1330
1331
1364
1365
1417
1303
1341
1306
1215
1264
1342
1338
1303
1301
1256
1321
1242
1269
1364
1310
1355
1338
1406
1315
1278
1329
1246
1362
1343
1302
1400
1315
1308
1402
1227
1283
1340
1365
1305
1239
1356
1354
1332
1328
1323
1301
1187
1324
1303
1268
1294
1347
1396
1296
1268
1343
1332
1319
1327
1279
1377
1366
1271
1342
1388
1270
1322
1330
1370
1338
1270
1396
1319
1235
1330
1265
1336
1298
1342
1328
1227
1416
1332
1276
1337
1347
1330
1304
1275
1258
1254
1402
1335
1235
1382
1287
1338
1338
1238
1376
1374
1334
1296
1325
1280
1302
1219
1317
1313
1388
1277
1427
1364
1356
1351
1332
1286
1441
1332
1298
1291
1301
1297
1351
1292
1362
1301
1266
1334
1271
1370
1310
1242
1284
1324
1494
1417
1419
1304
1315
1305
1325
1291
1291
1427
1319
1335
1327
1278
1363
1397
1318
1355
1350
1304
1335
1320
1311
1406
1324
1351
1321
1285
1258
1253
1359
1375
1318
1363
1216
1386
1321
1312
1256
1350
1447
1339
1383
1230
1275
1280
1379
1320
1363
1350
1409
1428
1313
1367
1339
1365
1253
1312
1321
1395
1304
1248
1446
1293
1280
1434
1385
1274
1388
1343
1304
1358
1375
1384
1283
1392
1295
1337
1369
1344
1418
1395
1376
1432
1365
1327
1380
1379
1254
1400
1384
1305
1379
1280
1369
1374
1287
1221
1352
1330
1404
1413
1438
1252
1366
1315
1398
1417
1364
1318
1215
1298
1321
1378
1146
1368
1377
1370
1423
1462
1370
1487
1369
1410
1510
1317
1395
1365
1363
1398
1429
1425
1354
1437
1387
1420
1493
1533
1267
1310
1442
1345
1391
1309
1428
1309
1356
1316
1363
1206
1308
1344
1386
1300
1362
1379
1477
1295
1420
1277
1346
1258
1363
1401
1370
1376
1469
1309
1318
1348
1284
1403
1476
1307
1397
1355
1489
1403
1374
1443
1354
1246
1379
1438
1342
1375
1400
1474
1434
1311
1415
1359
1352
1353
1380
1335
1406
1424
1296
1359
1468
1312
1357
1492
1335
1365
1481
1399
1396
1312
1509
1377
1399
1459
1499
1607
1356
1396
1471
1360
1366
1445
1455
1430
1488
1453
1337
1440
1294
1405
1425
1360
1519
1408
1488
1380
1439
1368
1362
1359
1440
1320
1428
1411
1405
1555
1411
1498
1361
1474
1420
1475
1386
1309
1382
1351
1399
1349
1371
1443
1392
1442
1455
1424
1447
1436
1458
1535
1466
1353
1437
1388
1406
1338
1419
1381
1485
1450
1446
1552
1462
1484
1364
1558
1501
1467
1380
1480
1425
1457
1404
1381
1412
1456
1378
1559
1497
1418
1319
1402
1438
1291
1382
1415
1486
1481
1455
1483
1509
1423
1448
1375
1488
1529
1502
1449
1336
1438
1474
1411
1465
1399
1418
1456
1409
1488
1472
1475
1443
1536
1427
1498
1353
1511
1406
1533
1390
1419
1549
1367
1536
1463
1365
1517
1430
1493
1484
1403
1501
1529
1376
1368
1437
1482
1506
1472
1442
1455
1543
1449
1556
1576
1481
1499
1380
1522
1419
1489
1469
1624
1437
1455
1465
1468
1452
1512
1507
1514
1524
1449
1564
1506
1527
1413
1573
1450
1570
1540
1549
1555
1455
1488
1461
1589
1597
1580
1494
1540
1531
1601
1641
1484
1522
1588
1582
1583
1558
1563
1562
1547
1702
1672
1642
1642
1528
1693
1628
1688
1659
1722
1496
1587
1602
1634
1541
1601
1540
1684
1646
1606
1656
1639
1623
1709
1702
1718
1761
1647
1788
1586
1725
1663
1755
1731
1710
1707
1798
1657
1734
1737
1858
1734
1783
1836
1843
1939
1695
1861
1893
1816
1798
1848
1792
1937
1895
1903
1871
1891
1916
1789
1919
1904
1983
2037
1947
1953
2077
2047
2104
2027
2069
2118
2116
2097
2017
2116
2152
2203
2256
2208
2168
2155
2165
2244
2205
2258
2285
2377
2379
2372
2426
2411
2607
2393
2474
2556
2494
2459
2529
2490
2604
2628
2718
2727
2646
2765
2778
2786
2796
2875
2901
2866
2974
2862
3124
2900
3123
3148
3087
3062
3148
3211
3220
3311
3320
3497
3506
3381
3546
3505
3658
3710
3580
3759
3769
3935
3764
3956
3876
3909
3875
4025
4142
4256
4215
4392
4344
4446
4434
4606
4607
4706
4715
4811
4983
4984
4876
5181
5089
5198
5221
5224
5469
5351
5699
5685
5707
5987
5909
6088
6166
6190
6407
6600
6540
6778
6600
6790
6843
7008
7098
7242
7282
7633
7650
7777
7799
7718
8102
8357
8439
8466
8635
8570
8637
8903
9094
9088
9530
9485
9760
9942
10000
10381
10327
10757
10724
10706
11128
11017
11397
11574
11527
12101
11926
12154
12599
12892
12884
13173
13228
13948
13779
14013
14255
14432
14881
14873
14913
15154
15504
16066
15970
16324
16554
16724
16992
17116
17740
17997
18088
18313
18720
18906
18851
19473
19494
20084
20221
20498
20778
21122
21348
21922
21898
22312
22791
22886
23068
23618
23511
24589
24378
25147
25336
25565
25954
25784
26648
26880
26884
27660
27750
28098
28476
28537
28962
29186
29984
30174
30628
30914
31080
31514
31985
32001
32682
33085
33197
33841
34230
34221
34912
35037
35472
35734
35926
36139
36880
36996
37644
37592
37975
38098
38590
38788
39786
39755
39750
40196
40790
40966
41280
41542
41646
42010
42168
42813
42579
43212
43492
43332
43780
44100
44042
44450
44536
44596
45249
45572
45421
45928
45997
46244
46192
46464
46829
47039
47344
47469
47269
47876
47692
48043
47837
48105
48095
48649
48972
49022
49084
48813
49162
49077
49675
49620
49641
49131
49284
49962
49828
49476
49882
49584
49451
49976
49800
49664
49414
50058
49562
50151
49961
49766
49946
49510
49437
49848
49427
49588
49372
49580
49049
49337
48768
49067
49049
48772
48452
48683
48852
48571
48372
48424
48426
48244
48054
48106
47781
47652
47365
47306
47604
47117
47364
47106
46883
47168
45924
46404
46026
46316
46208
45746
45836
45466
44970
45240
45252
44500
44961
44680
44232
43842
43741
43964
43264
43328
42850
42858
42573
42426
42486
42025
42137
41549
41600
41412
41188
40614
40794
40649
40320
40192
39468
39530
39336
38920
39053
38374
38571
38212
38028
37548
37533
37348
37236
36747
36616
36096
35954
35530
35562
35032
35434
35164
34842
34704
34304
34330
33668
33404
33570
33117
33090
32484
32469
31808
31754
31776
31448
31387
31260
30708
30626
30784
30201
30146
29558
29532
29312
29260
29184
28508
28445
27965
28141
27802
27432
27578
27301
27170
26856
26681
26520
26479
26084
25865
25796
25305
25018
25018
25005
24885
25002
24278
24164
24213
23840
23922
23382
23220
23032
23040
22689
22358
22440
22327
21994
22173
21766
21605
21242
21252
21363
21117
21133
20443
20661
19796
20110
20161
19851
19698
19645
19375
19379
19140
19102
18917
18649
18580
18333
18021
18366
17830
17818
17880
17394
17468
17086
17254
17157
16969
16880
16441
16808
16538
16282
16106
16076
15916
15914
15952
15733
15377
15496
15140
15044
15208
14909
14836
14604
14401
14369
14367
14122
14154
13917
13930
13901
13970
13524
13654
13546
13378
13066
13213
13065
13074
12932
12747
12972
12455
12483
12477
12267
12271
12217
12055
11897
11876
11891
11565
11640
11469
11776
11388
11310
11287
11318
11149
10882
10674
10642
10609
10500
10697
10604
10532
10299
10329
10214
10181
10160
9967
9763
9652
9636
9758
9568
9537
9234
9692
9171
9299
9230
9362
9067
8921
8917
9012
8727
8699
8675
8634
8606
8478
8336
8536
8260
8265
8278
8337
7967
8051
7993
7739
7834
7909
7968
7889
7790
7602
7418
7473
7478
7470
7434
7341
7292
7442
7214
7277
7150
7113
7240
6756
7145
6875
6796
6736
6833
6542
6518
6649
6427
6539
6654
6513
6294
6251
6347
6176
6304
6211
6069
6275
6187
6081
6091
6055
5964
5839
5903
5922
5671
5735
5776
5735
5640
5712
5761
5595
5421
5511
5424
5436
5457
5376
5282
5421
5271
5394
5281
5180
5056
5047
5125
4860
5024
4942
5084
5133
4930
4949
4740
4826
4945
4792
4840
4709
4773
4751
4716
4712
4586
4609
4587
4516
4545
4505
4479
4588
4487
4418
4318
4432
4401
4243
4470
4332
4432
4226
4242
4202
4106
4289
4158
4231
4137
4083
4175
3932
4089
4020
4061
4006
3891
4029
3887
3992
4013
3942
3919
3872
3792
3829
3789
3745
3679
3778
3787
3839
3618
3485
3423
3559
3540
3607
3593
3622
3551
3414
3458
3488
3502
3599
3630
3251
3422
3434
3414
3300
3325
3334
3230
3352
3368
3304
3209
3254
3112
3180
3233
3212
3195
3095
3162
3140
3098
3070
3055
3141
3173
3117
3043
3080
2989
2997
2965
3078
2958
3110
3069
2986
3109
3043
2933
2930
2845
2864
2875
2952
2774
2805
2941
2761
2730
2806
2894
2750
2837
2800
2777
2772
2740
2678
2639
2560
2695
2666
2707
2599
2656
2670
2694
2650
2646
2660
2525
2714
2498
2606
2634
2590
2616
2531
2545
2481
2578
2411
2442
2518
2394
2491
2504
2486
2500
2482
2407
2433
2360
2357
2531
2299
2384
2398
2337
2390
2379
2502
2401
2269
2256
2340
2358
2293
2211
2370
2251
2288
2320
2278
2215
2308
2198
2229
2197
2182
2219
2226
2184
2246
2247
2137
2170
2100
2107
2136
2117
2150
2081
2059
2052
2130
2107
2122
2066
2089
2010
2052
1979
2068
1947
2072
1939
2046
2055
1952
1954
2100
2058
2038
1977
1968
2036
1978
1915
2006
1986
2003
1835
1981
2017
1898
1878
1987
1883
2040
1936
1969
1954
1967
1887
1799
1897
1906
1752
1888
1954
1992
1939
1880
1954
1877
1880
1906
1857
1845
1874
1844
1912
1903
1808
1828
1828
2002
1854
1894
1833
1890
1877
1823
1795
1721
1802
1800
1823
1823
1809
1799
1848
1778
1709
1808
1817
1807
1814
1773
1814
1769
1775
1757
1757
1669
1742
1667
1825
1685
1775
1665
1736
1701
1636
1729
1676
1713
1757
1612
1749
1768
1750
1619
1700
1648
1703
1706
1611
1742
1708
1626
1789
1694
1687
1610
1651
1722
1703
1684
1688
1678
1564
1586
1695
1674
1616
1579
1781
1667
1616
1645
1594
1684
1681
1611
1683
1583
1633
1567
1530
1666
1575
1574
1575
1631
1519
1507
1618
1680
1570
1638
1582
1473
1616
1536
1651
1622
1623
1525
1667
1613
1646
1571
1642
1536
1592
1502
1546
1620
1616
1602
1631
1527
1585
1516
1605
1535
1539
1535
1602
1526
1496
1555
1507
1497
1547
1638
1473
1701
1557
1595
1592
1546
1535
1573
1490
1524
1535
1604
1512
1431
1590
1546
1454
1469
1535
1569
1586
1478
1523
1578
1671
1551
1510
1469
1558
1605
1345
1543
1476
1552
1405
1577
1494
1519
1558
1529
1517
1502
1474
1563
1510
1514
1555
1527
1435
1501
1531
1456
1451
1376
1502
1453
1384
1519
1434
1450
1475
1482
1531
1500
1575
1565
1471
1584
1485
1456
1373
1478
1581
1482
1491
1505
1426
1392
1568
1551
1437
1446
1485
1466
1464
1558
1478
1469
1560
1463
1504
1451
1475
1528
1505
1514
1507
1506
1429
1577
1546
1428
1428
1451
1496
1482
1392
1458
1450
1446
1459
1511
1462
1478
1363
1390
1523
1526
1503
1483
1409
1483
1455
1501
1506
1493
1435
1479
1412
1435
1435
1499
1406
1539
1535
1536
1400
1421
1505
1595
1460
1385
1604
1470
1467
1447
1429
1463
1445
1479
1450
1433
1385
1450
1425
1449
1488
1378
1446
1448
1492
1364
1444
1388
1438
1404
1428
1425
1436
1388
1443
1492
1398
1429
1367
1448
1499
1407
1455
1420
1459
1436
1336
1245
1410
1400
1419
1509
1408
1468
1479
1485
1494
1398
1462
1359
1561
1433
1483
1568
1477
1449
1521
1394
1527
1484
1443
1452
1384
1342
1397
1447
1468
1388
1324
1400
1495
1417
1362
1401
1478
1404
1401
1385
1534
1403
1425
1389
1362
1367
1342
1502
1453
1478
1440
1391
1353
1398
1528
1478
1511
1445
1359
1416
1397
1448
1314
1473
1398
1428
1305
1434
1428
1464
1302
1361
1398
1392
1378
1347
1322
1381
1421
1379
1502
1337
1430
1335
1297
1368
1301
1436
1344
1356
1430
1313
1265
1380
1333
1458
1412
1415
1326
1389
1408
1398
1335
1355
1382
1289
1322
1297
1439
1254
1324
1376
1457
1428
1461
1394
1450
1312
1379
1395
1423
1425
1363
1446
1341
1377
1478
1389
1414
1289
1336
1308
1380
1341
1348
1369
1417
1304
1373
1321
1364
1333
1299
1399
1226
1397
1363
1285
1368
1473
1278
1360
1375
1422
1365
1368
1365
1373
1306
1383
1385
1331
1344
1292
1341
1285
1323
1398
1423
1359
1398
1282
1336
1358
1329
1315
1329
1210
1384
1363
1324
1317
1334
1415
1420
1411
1335
1283
1430
1350
1452
1331
1317
1238
1385
1360
1257
1374
1412
1444
1359
1277
1326
1429
1299
1415
1331
1414
1324
1366
1435
1357
1439
1337
1342
1233
1354
1382
1355
1205
1310
1371
1410
1367
1325
1454
1343
1366
1391
1341
1401
1337
1393
1363
1355
1209
1356
1184
1448
1338
1368
1322
1258
1377
1298
1262
1307
1238
1322
1388
1387
1326
1225
1319
1461
1329
1347
1397
1308
1308
1410
1244
1311
1417
1221
1307
1272
1237
1312
1249
1319
1273
1309
1346
1319
1197
1386
1302
1399
1291
1254
1259
1310
1251
1280
1268
1271
1286
1310
1327
1284
1229
1346
1392
1279
1355
1319
1303
1261
1328
1325
1324
1306
1378
1327
1213
1373
1360
1309
1329
1331
1213
1307
1260
1312
1188
1410
1253
1249
1308
1276
1342
1229
1300
1312
1308
1194
1293
1265
1245
1273
1225
1362
1405
1241
1262
1218
1318
1242
1275
1344
1411
1387
1302
1340
1214
1256
1257
1232
1106
1280
1370
1372
1225
1282
1314
1265
1300
1276
1263
1317
1232
1323
1274
1238
1153
1333
1286
1292
1353
1227
1228
1160
1267
1197
1303
1299
1299
1339
1232
1243
1174
1229
1270
1403
1221
1269
1255
1288
1240
1337
1270
1175
1166
1301
1242
1284
1341
1351
1194
1399
1305
1285
1289
1320
1215
1354
1309
1214
1295
1234
1221
1243
1291
1307
1234
1373
1308
1341
1383
1376
1302
1343
1210
1268
1091
1321
1211
1188
1279
1379
1114
1189
1247
1257
1249
1295
1249
1301
1331
1242
1304
1383
1191
1334
1278
1318
1280
1206
1291
1266
1257
1174
1279
1206
1203
1299
1278
1430
1318
1313
1240
1143
1258
1305
1229
1162
1164
1206
1177
1376
1220
1309
1314
1248
1230
1336
1190
1278
1198
1174
1215
1371
1239
1245
1193
1240
1129
1142
1225
1295
1202
1314
1303
1277
1327
1256
1279
1265
1262
1269
1272
1190
1207
1323
1144
1120
1218
1179
1218
1210
1233
1249
1295
1183
1219
1306
1269
1206
1150
1302
1227
1212
1260
1245
1159
1225
1231
1262
1183
1255
1208
1191
1230
1251
1265
1234
1229
1179
1153
1231
1198
1248
1196
1253
1213
1226
1181
1292
1193
1242
1229
1165
1230
1122
1296
1152
1121
1284
1118
1223
1175
1234
1280
1183
1282
1226
1217
1236
1217
1225
1225
1243
1202
1327
1301
1268
1302
1258
1214
1273
1183
1258
1179
1142
1249
1265
1329
1191
1240
1289
1222
1332
1170
1275
1300
1163
1300
1232
1054
1083
1209
1313
1276
1214
1217
1316
1330
1254
1269
1324
1172
1281
1215
1140
1272
1255
1302
1275
1212
1127
1187
1239
1252
1266
1234
1226
1288
1291
1256
1278
1159
1175
1213
1197
1279
1051
1241
1305
1313
1192
1282
1234
1224
1173
1290
1175
1311
1181
1230
1125
1185
1178
1240
1190
1215
1189
1258
1199
1195
1268
1232
1293
1210
1231
1224
1162
1214
1185
1178
1238
1128
1174
1256
1224
1225
1258
1314
1229
1213
1220
1238
1275
1153
1296
1201
1213
1168
1174
1197
1207
1267
1198
1257
1234
1178
1212
1268
1220
1251
1224
1185
1232
1203
1171
1154
1268
1175
1168
1209
1148
1175
1122
1234
1258
1174
1173
1284
1272
1188
1132
1192
1285
1197
1162
1251
1169
1202
1243
1192
1185
1217
1234
1205
1280
1284
1169
1179
1175
1181
1174
1261
1280
1262
1229
1205
1141
1237
1162
1162
1267
1245
1207
1128
1208
1187
1238
1200
1221
1221
1236
1300
1187
1177
1204
1238
1210
1217
1157
1149
1066
1175
1292
1239
1117
1104
1080
1195
1231
1267
1245
1208
1272
1271
1210
1126
1260
1113
1273
1220
1232
1301
1291
1183
1268
1197
1280
1278
1292
1324
1198
1298
1257
1213
1240
1223
1208
1117
1215
1242
1253
1186
1175
1224
1194
1275
1424
1223
1126
1117
1371
1291
1231
1268
1217
1288
1194
1228
1239
1150
1213
1194
1234
1169
1149
1154
1173
1167
1287
1246
1063
1238
1135
1290
1263
1199
1210
1231
1232
1307
1251
1301
1176
1243
1204
1233
1209
1271
1247
1259
1197
1302
1258
1278
1238
1279
1244
1211
1221
1194
1234
1139
1187
1266
1179
1222
1225
1195
1194
1287
1143
1114
1226
1150
1292
1324
1243
1287
1249
1225
1201
1326
1133
1188
1157
1208
1204
1283
1257
1235
1300
1372
1156
1263
1368
1187
1166
1269
1187
1258
1412
1135
1216
1214
1231
1206
1250
1311
1142
1263
1209
1127
1153
1204
1244
1184
1123
1354
1191
1237
1220
1293
1220
1195
1254
1225
1110
1197
1163
1226
1210
1147
1110
1211
1220
1241
1213
1281
1236
1290
1187
1234
1223
1153
1216
1257
1271
1225
1196
1234
1308
1238
1286
1175
1243
1304
1197
1274
1240
1138
1230
1252
1211
1276
1233
1208
1120
1135
1219
1192
1250
1226
1242
1215
1287
1210
1208
1175
1124
1178
1245
1223
1190
1293
1155
1237
1180
1303
1201
1199
1061
1279
1174
1136
1219
1220
1227
1201
1180
1230
1086
1225
1283
1160
1238
1249
1251
1168
1412
1174
1237
1168
1231
1234
1242
1171
1269
1212
1280
1228
1123
1069
1236
1244
1277
1138
1178
1201
1140
1119
1223
1234
1198
1204
1264
1258
1112
1353
1340
1173
1180
1264
1207
1173
1317
1151
1151
1185
1163
1168
1239
1210
1268
1178
1260
1228
1245
1238
1266
1178
1173
1104
1227
1197
1247
1298
1218
1258
1272
1157
1234
1191
1187
1290
1141
1206
1193
1261
1250
1272
1257
1219
1207
1342
1192
1219
1278
1208
1271
1234
1167
1130
1215
1275
1221
1126
1266
1261
1097
1279
1133
1232
1176
1182
1214
1178
1167
1172
1241
1338
1262
1306
1278
1330
1290
1222
1210
1261
1186
1246
1147
1254
1141
