1191
1186
1275
1286
1203
1228
1219
1220
1110
1215
1245
1206
1233
1150
1158
1222
1221
1259
1215
1180
1179
1184
1138
1240
1219
1236
1186
1231
1229
1114
1334
1194
1229
1164
1223
1229
1230
1212
1227
1247
1291
1269
1219
1194
1223
1280
1220
1213
1154
1232
1184
1235
1305
1141
1242
1186
1339
1277
1178
1246
1187
1292
1058
1254
1157
1152
1197
1167
1168
1168
1209
1235
1199
1183
1221
1277
1252
1249
1193
1221
1259
1364
1223
1350
1231
1283
1210
1345
1247
1243
1154
1239
1234
1185
1192
1310
1146
1293
1243
1246
1103
1172
1215
1190
1243
1269
1275
1227
1242
1158
1234
1205
1212
1173
1145
1230
1298
1266
1271
1177
1250
1243
1150
1262
1188
1345
1214
1283
1243
1106
1205
1238
1250
1209
1247
1261
1186
1205
1218
1204
1175
1285
1236
1249
1265
1234
1220
1247
1232
1318
1214
1195
1245
1167
1183
1222
1126
1186
1230
1275
1173
1240
1179
1223
1223
1239
1230
1306
1201
1139
1222
1242
1199
1264
1220
1341
1224
1262
1273
1093
1279
1107
1142
1181
1275
1165
1282
1124
1226
1174
1237
1214
1166
1249
1253
1229
1130
1290
1190
1225
1193
1210
1235
1293
1107
1279
1240
1291
1274
1172
1221
1267
1301
1240
1223
1274
1185
1177
1102
1208
1200
1268
1250
1212
1251
1260
1232
1306
1228
1229
1133
1208
1256
1179
1245
1136
1234
1135
1135
1208
1263
1221
1232
1247
1344
1160
1244
1229
1296
1228
1209
1219
1286
1329
1164
1179
1219
1155
1204
1263
1272
1215
1296
1212
1167
1261
1187
1183
1212
1087
1126
1121
1194
1155
1183
1324
1245
1277
1249
1159
1258
1323
1359
1272
1168
1291
1201
1271
1206
1199
1130
1121
1186
1183
1178
1199
1226
1285
1273
1332
1263
1148
1283
1213
1160
1226
1117
1172
1292
1197
1272
1089
1211
1213
1210
1250
1250
1230
1210
1230
1210
1149
1077
1172
1278
1295
1194
1249
1191
1141
1180
1147
1173
1255
1346
1165
1229
1172
1267
1169
1153
1206
1168
1184
1315
1169
1315
1336
1150
1242
1230
1303
1231
1230
1216
1194
1266
1265
1282
1163
1250
1244
1154
1275
1233
1173
1140
1296
1331
1230
1162
1173
1250
1153
1253
1230
1271
1254
1189
1164
1231
1379
1252
1099
1271
1350
1308
1210
1265
1284
1325
1190
1305
1236
1217
1213
1151
1329
1214
1322
1210
1195
1258
1236
1317
1199
1363
1258
1210
1264
1252
1329
1222
1258
1265
1184
1210
1238
1228
1235
1323
1213
1298
1285
1266
1273
1219
1386
1248
1167
1342
1291
1233
1320
1153
1331
1277
1296
1221
1279
1283
1261
1364
1263
1280
1257
1233
1252
1315
1306
1263
1307
1235
1294
1164
1303
1281
1204
1280
1227
1317
1273
1239
1280
1263
1234
1096
1306
1391
1420
1197
1232
1270
1188
1312
1181
1197
1409
1301
1185
1233
1245
1333
1300
1193
1222
1249
1317
1327
1361
1198
1280
1222
1284
1250
1185
1273
1312
1333
1246
1253
1363
1307
1292
1422
1262
1218
1309
1257
1188
1264
1285
1244
1261
1295
1282
1401
1345
1230
1205
1356
1263
1373
1252
1281
1279
1283
1282
1183
1217
1209
1327
1220
1227
1161
1204
1362
1309
1238
1286
1309
1275
1271
1276
1255
1223
1418
1258
1340
1252
1298
1165
1341
1241
1329
1309
1216
1418
1320
1335
1273
1357
1303
1326
1241
1217
1286
1260
1303
1387
1227
1194
1281
1239
1331
1339
1306
1275
1217
1357
1333
1288
1262
1261
1325
1252
1368
1274
1272
1189
1259
1327
1275
1250
1413
1270
1298
1310
1300
1289
1264
1311
1170
1283
1256
1256
1188
1290
1343
1319
1226
1367
1246
1357
1338
1331
1223
1276
1406
1276
1246
1338
1245
1397
1355
1390
1267
1341
1288
1297
1257
1238
1265
1225
1241
1259
1272
1296
1289
1232
1334
1207
1189
1242
1313
1296
1395
1215
1371
1301
1149
1319
1292
1176
1187
1251
1263
1349
1280
1268
1309
1336
1365
1312
1313
1426
1304
1280
1314
1384
1353
1211
1402
1303
1269
1331
1234
1314
1193
1298
1212
1192
1306
1378
1400
1331
1353
1312
1331
1372
1324
1281
1283
1285
1266
1269
1316
1296
1378
1276
1393
1306
1287
1354
1316
1312
1245
1299
1384
1300
1345
1253
1229
1221
1257
1335
1267
1301
1300
1340
1326
1386
1292
1295
1366
1392
1345
1268
1252
1357
1397
1341
1263
1294
1315
1128
1274
1237
1320
1362
1344
1283
1269
1357
1364
1245
1348
1337
1355
1366
1305
1477
1406
1364
1358
1262
1240
1357
1323
1300
1342
1377
1341
1291
1253
1363
1323
1405
1414
1313
1396
1322
1326
1287
1383
1381
1362
1252
1355
1270
1312
1387
1392
1245
1414
1309
1356
1383
1228
1333
1394
1402
1225
1357
1354
1343
1228
1286
1369
1299
1398
1266
1399
1199
1306
1341
1325
1326
1327
1320
1410
1197
1268
1343
1362
1274
1447
1332
1300
1350
1420
1260
1313
1369
1264
1346
1258
1295
1256
1158
1224
1301
1217
1301
1378
1353
1411
1381
1381
1294
1396
1343
1342
1284
1399
1337
1293
1420
1379
1391
1318
1352
1427
1401
1303
1289
1261
1410
1431
1258
1333
1426
1345
1371
1401
1380
1397
1429
1375
1422
1328
1368
1295
1337
1335
1383
1318
1251
1414
1408
1285
1312
1268
1312
1390
1422
1282
1436
1332
1376
1363
1399
1302
1347
1268
1342
1381
1379
1464
1401
1443
1295
1347
1414
1289
1313
1360
1346
1289
1277
1327
1407
1432
1454
1388
1455
1450
1488
1338
1412
1482
1378
1377
1311
1460
1376
1297
1448
1468
1476
1382
1342
1356
1395
1283
1394
1449
1344
1366
1402
1383
1348
1342
1316
1376
1309
1378
1380
1391
1383
1350
1361
1500
1474
1381
1445
1396
1391
1351
1406
1360
1275
1436
1348
1363
1406
1346
1333
1314
1428
1414
1361
1508
1440
1365
1282
1347
1425
1460
1449
1224
1382
1480
1412
1390
1464
1458
1387
1375
1426
1427
1411
1443
1399
1477
1389
1435
1405
1473
1359
1283
1315
1472
1369
1463
1346
1463
1488
1390
1385
1432
1315
1396
1413
1398
1284
1321
1436
1325
1303
1392
1372
1499
1378
1464
1389
1505
1380
1376
1411
1329
1422
1372
1326
1340
1458
1437
1426
1465
1404
1400
1527
1509
1490
1457
1373
1533
1487
1433
1508
1569
1478
1440
1373
1401
1343
1380
1356
1407
1442
1355
1401
1456
1352
1523
1405
1429
1435
1445
1450
1385
1400
1332
1510
1551
1368
1394
1429
1434
1386
1317
1387
1402
1386
1396
1411
1412
1379
1457
1437
1528
1426
1444
1370
1411
1547
1470
1497
1547
1449
1480
1408
1511
1374
1535
1464
1459
1437
1435
1436
1502
1455
1340
1474
1575
1372
1523
1434
1392
1383
1377
1473
1392
1416
1415
1495
1401
1567
1536
1384
1374
1459
1476
1523
1566
1496
1457
1450
1478
1511
1498
1521
1475
1522
1507
1485
1536
1512
1518
1404
1511
1466
1571
1629
1489
1417
1549
1518
1502
1502
1410
1509
1584
1499
1530
1556
1547
1473
1572
1507
1489
1562
1526
1465
1564
1616
1583
1595
1636
1590
1578
1532
1639
1587
1486
1555
1510
1652
1618
1592
1584
1619
1618
1682
1602
1610
1703
1611
1587
1669
1646
1621
1724
1655
1736
1675
1742
1687
1601
1732
1737
1759
1723
1690
1702
1760
1659
1812
1716
1769
1723
1658
1784
1950
1718
1742
1694
1716
1769
1781
1815
1836
1739
1792
1826
1953
1919
1814
1938
1950
1892
1907
1963
1863
1894
1962
2103
1796
2043
1941
1929
1974
2012
1971
2049
2129
2146
2136
2177
2207
2159
2162
2116
2221
2027
2255
2209
2399
2220
2268
2321
2277
2240
2229
2254
2384
2311
2428
2565
2489
2498
2514
2485
2502
2593
2643
2695
2619
2722
2592
2662
2815
2800
2858
2917
2842
2812
3003
2989
2992
2929
3123
3056
2986
3211
3285
3226
3364
3438
3358
3271
3461
3620
3533
3568
3698
3722
3712
3732
3791
3989
3907
3965
4052
3916
4069
4195
4086
4289
4341
4315
4400
4503
4506
4652
4744
4581
4802
4866
4798
5137
4984
5352
5187
5428
5399
5483
5729
5555
5638
5796
5853
5922
6082
6019
6190
6298
6515
6530
6574
6630
6877
6804
6948
7227
7322
7393
7323
7627
7931
8039
8001
7976
8041
8334
8500
8740
9001
9181
8977
9220
9148
9466
9631
9663
9826
10144
10273
10066
10438
10733
11061
11112
11294
11786
11382
11908
12142
12112
12318
12845
12784
12933
13042
13255
13608
13953
13933
14327
14532
14818
14857
15327
15416
15790
15790
15964
16389
16712
17057
17172
17552
17613
17961
18445
18514
18894
18912
19437
19536
19910
20236
20520
20762
21218
21108
21793
22138
22225
22793
22971
23358
23486
23852
24189
24611
24714
25076
25290
25508
26136
26244
26559
27118
27418
27820
28038
28669
29107
29562
29636
30245
30388
30372
30836
31464
31661
32571
32580
32775
33357
33472
34122
33906
34635
34821
35035
35951
36011
36546
36533
36952
37005
37724
37757
38070
38482
38874
39222
39588
39793
40043
40504
40516
41033
41482
41352
41908
42100
42350
43035
42984
43703
43540
44272
43774
44202
44489
44842
45376
45401
45284
45700
45621
46180
46338
46394
46793
47547
47368
47437
47195
47719
47926
48224
48390
48652
48132
48816
48772
48916
48938
48836
48811
48815
49515
49796
49512
49957
49280
49805
49696
50068
49477
49516
50008
50042
50015
49666
49983
50205
50276
50143
50157
50350
49509
49980
49856
50304
50036
49946
49690
49816
49771
49536
49746
49608
49604
49293
49536
48973
49013
49084
49076
48749
49044
48302
48630
48268
48644
48600
47844
47930
47865
47804
47092
47428
47572
47204
47360
46658
46872
46794
46552
46994
46096
46208
45741
45878
45734
45420
45419
45036
45114
44667
44653
43842
43657
43928
44213
43456
43512
43614
43508
43000
42516
42187
42005
42086
41472
41218
40960
41059
41292
40942
40366
40090
39883
39258
39115
39186
38971
38734
38422
38358
38176
38098
37452
37646
37094
36877
36996
36764
36556
36278
35675
35412
35092
35099
34684
34526
34229
34362
34452
33788
34010
32836
32934
32694
32486
32669
31688
31779
31254
31372
31098
30584
30491
30784
30166
29866
29972
29788
29396
29162
29244
29338
28387
28348
28282
28178
27951
27588
27592
27597
26730
26948
26501
26742
26074
26044
25957
25868
25610
25338
24848
24930
24704
24557
24158
24221
23916
23882
23517
23544
23142
22820
22786
22709
22623
22424
22269
21986
21794
21599
21483
21436
21330
20909
20852
20821
20379
20228
20122
20217
20072
19893
19699
19523
19426
19172
19054
19141
18868
18426
18585
18185
18346
18134
17704
17654
17396
17613
17577
17220
17154
17211
16834
16825
16516
16572
16330
16208
16118
15965
15910
15788
15628
15322
15082
15110
15037
14997
14976
14814
14685
14509
14801
14376
14323
14362
13942
14084
13819
13953
13548
13481
13500
13485
13305
13257
12994
12829
12840
12948
12658
12579
12556
12354
12346
12208
12354
11858
12039
11963
11666
11833
11786
11533
11613
11463
11264
11314
11072
10870
11050
10881
10645
10707
10725
10423
10422
10516
10457
10317
10240
10120
10170
9995
9961
10036
9788
9653
9731
9768
9646
9252
9282
9148
9198
9274
9076
9030
8925
9090
8721
8799
8691
8712
8618
8572
8626
8494
8336
8331
8180
8250
8040
8245
8109
8094
7690
7863
7937
7935
7765
7559
7693
7786
7626
7332
7562
7302
7261
7462
7232
7138
7083
7217
6927
7007
7046
7028
6898
6886
6662
6707
6687
6510
6636
6661
6573
6402
6397
6411
6430
6400
6430
6123
6322
6048
6127
6234
6088
5961
6166
5917
5936
5764
5914
5961
5702
5638
5730
5751
5725
5661
5549
5609
5546
5472
5524
5269
5317
5542
5334
5430
5243
5341
5354
5338
5100
5223
5132
5090
4848
4897
4965
5102
4867
4982
4729
4971
4854
4784
4838
4757
4658
4826
4755
4617
4673
4630
4530
4544
4532
4592
4365
4427
4515
4455
4475
4343
4364
4487
4318
4226
4308
4190
4313
4251
4231
4330
4064
4105
4023
3929
4196
4160
4018
3902
3974
3898
4032
3923
3734
4072
3863
3720
3928
3790
3809
3806
3823
3661
3573
3610
3802
3683
3625
3661
3599
3615
3626
3527
3469
3394
3377
3570
3513
3555
3445
3373
3368
3564
3408
3511
3390
3326
3353
3294
3335
3182
3245
3223
3355
3217
3209
3251
3224
3129
3167
3230
3265
3203
3078
3169
3076
3135
2957
3147
2964
3020
3136
3030
3134
2957
2983
3046
2927
2967
2870
2826
2838
2921
2987
2806
2863
2818
2764
2811
2881
2758
2747
2839
2898
2732
2768
2894
2713
2689
2722
2749
2773
2731
2571
2607
2615
2569
2578
2632
2487
2623
2544
2528
2527
2590
2532
2572
2455
2615
2520
2536
2468
2562
2468
2442
2432
2389
2346
2323
2436
2487
2389
2268
2328
2462
2354
2422
2331
2373
2350
2423
2283
2238
2302
2291
2283
2432
2366
2249
2283
2260
2219
2222
2300
2200
2199
2324
2269
2179
2167
2166
2250
2102
2154
2220
2217
2177
2219
2166
2156
2168
2036
2249
2196
2152
2128
2135
2120
1939
2155
2052
1991
2061
2073
2104
2031
2132
2031
2138
2014
2053
2042
2078
2099
1973
2013
2079
2038
1990
2053
2033
1921
1975
2023
1910
1950
1965
2062
1983
1919
1962
2004
1910
1923
2091
1872
2030
1934
1945
1813
1994
1913
1915
1916
1851
1764
1785
1933
1877
2001
1892
1905
1819
1908
1863
1904
1889
1880
1679
1765
2003
1849
1842
1720
1803
1912
1785
1778
1897
1839
1826
1746
1782
1890
1891
1862
1884
1868
1700
1813
1812
1842
1659
1844
1713
1750
1788
1820
1657
1709
1771
1686
1756
1760
1803
1783
1800
1770
1739
1718
1682
1795
1725
1680
1709
1684
1692
1762
1659
1697
1667
1657
1708
1686
1746
1697
1694
1703
1660
1629
1745
1640
1758
1631
1685
1757
1649
1762
1614
1741
1637
1557
1674
1650
1621
1636
1600
1543
1608
1599
1509
1546
1693
1552
1617
1578
1746
1580
1555
1714
1571
1596
1683
1545
1513
1685
1680
1563
1659
1593
1582
1603
1564
1554
1636
1666
1566
1587
1565
1584
1583
1510
1616
1580
1580
1614
1618
1586
1536
1472
1565
1576
1608
1560
1516
1606
1587
1531
1563
1542
1428
1527
1479
1412
1611
1673
1453
1485
1682
1524
1599
1427
1490
1670
1480
1532
1529
1513
1476
1571
1500
1495
1494
1527
1502
1490
1589
1536
1507
1487
1574
1507
1587
1626
1522
1484
1415
1547
1592
1344
1480
1555
1466
1406
1446
1501
1516
1543
1440
1591
1460
1476
1485
1491
1511
1454
1588
1437
1491
1377
1475
1437
1453
1449
1433
1562
1673
1538
1639
1486
1524
1511
1519
1494
1476
1338
1449
1404
1394
1481
1416
1520
1564
1559
1610
1598
1516
1498
1428
1461
1455
1478
1359
1407
1334
1401
1373
1466
1472
1433
1566
1557
1565
1601
1524
1592
1456
1449
1503
1328
1479
1440
1383
1478
1437
1372
1481
1464
1411
1513
1471
1394
1513
1541
1570
1467
1417
1538
1444
1536
1451
1417
1418
1459
1495
1395
1456
1442
1480
1451
1464
1512
1501
1432
1426
1455
1522
1416
1563
1486
1496
1480
1468
1445
1387
1449
1426
1397
1409
1436
1327
1466
1433
1366
1456
1420
1480
1481
1513
1480
1536
1546
1463
1415
1362
1396
1429
1421
1472
1450
1303
1416
1291
1476
1410
1420
1463
1364
1556
1492
1453
1354
1428
1479
1460
1536
1374
1470
1480
1442
1457
1415
1438
1495
1463
1459
1465
1551
1480
1415
1456
1510
1395
1543
1530
1330
1443
1405
1484
1464
1510
1452
1566
1394
1305
1315
1475
1501
1424
1432
1322
1535
1553
1365
1362
1433
1385
1360
1479
1367
1339
1423
1285
1428
1360
1412
1348
1414
1344
1486
1462
1343
1440
1459
1370
1461
1392
1263
1501
1425
1391
1385
1310
1354
1327
1396
1418
1471
1383
1361
1337
1379
1530
1375
1409
1402
1428
1320
1442
1368
1485
1420
1304
1318
1356
1256
1332
1334
1414
1429
1363
1372
1372
1354
1390
1472
1405
1413
1395
1370
1357
1336
1349
1309
1451
1410
1340
1418
1308
1361
1335
1409
1338
1384
1358
1382
1451
1338
1323
1370
1423
1360
1270
1363
1426
1254
1272
1388
1371
1316
1322
1329
1234
1309
1257
1356
1335
1417
1270
1387
1391
1294
1331
1399
1319
1352
1422
1401
1310
1310
1338
1424
1393
1263
1289
1423
1311
1370
1265
1336
1330
1379
1296
1393
1344
1357
1342
1313
1320
1358
1386
1350
1306
1363
1357
1435
1196
1267
1385
1314
1345
1390
1372
1390
1370
1334
1347
1260
1365
1347
1373
1347
1430
1393
1290
1239
1332
1268
1262
1318
1350
1383
1380
1294
1368
1373
1363
1322
1446
1281
1266
1266
1333
1227
1327
1359
1274
1334
1315
1319
1514
1336
1358
1287
1371
1306
1383
1306
1300
1388
1294
1277
1222
1350
1216
1271
1339
1299
1323
1301
1292
1394
1265
1318
1268
1262
1322
1339
1289
1290
1259
1320
1287
1372
1369
1312
1396
1343
1327
1445
1326
1283
1209
1334
1187
1288
1341
1415
1223
1322
1277
1226
1238
1313
1257
1304
1265
1312
1290
1265
1293
1364
1230
1224
1335
1297
1321
1395
1281
1339
1332
1335
1342
1258
1299
1265
1309
1368
1269
1314
1320
1225
1277
1255
1255
1328
1232
1293
1241
1236
1253
1259
1281
1331
1394
1320
1410
1341
1344
1297
1339
1322
1246
1254
1272
1382
1285
1270
1275
1240
1298
1204
1190
1279
1219
1206
1296
1280
1345
1353
1286
1282
1398
1197
1281
1374
1369
1315
1238
1274
1256
1213
1310
1236
1321
1256
1284
1256
1269
1302
1401
1295
1233
1239
1187
1282
1367
1346
1267
1249
1234
1174
1300
1286
1301
1352
1285
1245
1256
1319
1340
1266
1232
1293
1249
1246
1147
1264
1206
1229
1263
1263
1283
1227
1169
1284
1276
1283
1251
1252
1297
1305
1292
1345
1158
1210
1206
1290
1238
1214
1231
1284
1269
1255
1343
1240
1241
1293
1257
1230
1181
1304
1251
1241
1227
1232
1230
1287
1268
1289
1262
1346
1320
1252
1272
1250
1263
1273
1222
1329
1283
1276
1225
1302
1184
1245
1183
1300
1302
1124
1246
1197
1226
1257
1299
1183
1308
1249
1181
1309
1172
1259
1203
1213
1254
1320
1291
1231
1291
1314
1259
1280
1229
1343
1240
1259
1172
1247
1270
1209
1300
1236
1198
1315
1204
1367
1344
1211
1156
1169
1294
1169
1263
1220
1244
1216
1217
1199
1303
1257
1179
1202
1232
1252
1275
1233
1288
1136
1229
1298
1238
1215
1180
1244
1302
1247
1152
1106
1124
1245
1154
1239
1197
1147
1205
1269
1174
1275
1154
1235
1214
1161
1267
1302
1219
1224
1277
1197
1171
1274
1238
1236
1239
1209
1248
1257
1217
1261
1158
1236
1237
1267
1232
1166
1170
1171
1270
1158
1246
1227
1154
1252
1231
1176
1241
1229
1271
1153
1203
1224
1181
1208
1249
1250
1175
1140
1222
1166
1245
1264
1233
1159
1244
1194
1237
1195
1177
1299
1196
1096
1126
1151
1233
1227
1230
1175
1276
1270
1214
1171
1243
1119
1269
1298
1325
1180
1199
1264
1199
1247
1173
1299
1216
1167
1190
1209
1184
1276
1159
1262
1271
1197
1185
1298
1203
1276
1239
1212
1298
1191
1190
1231
1044
1137
1187
1119
1229
1221
1212
1285
1242
1278
1174
1245
1155
1282
1210
1174
1150
1183
1254
1278
1190
1220
1219
1164
1194
1217
1202
1195
1280
1240
1285
1241
1234
1201
1320
1273
1262
1246
1292
1190
1266
1156
1226
1174
1161
1193
1253
1270
1263
1264
1249
1271
1152
1188
1253
1153
1137
1187
1251
1239
1221
1244
1207
1275
1161
1125
1241
1231
1258
1244
1277
1223
1197
1349
1252
1116
1229
1167
1244
1259
1178
1158
1249
1170
1291
1290
1212
1236
1154
1224
1156
1174
1173
1228
1221
1280
1309
1128
1279
1184
1116
1232
1257
1191
1195
1177
1114
1194
1222
1140
1198
1201
1175
1168
1312
1099
1239
1185
1242
1246
1214
1172
1147
1274
1244
1253
1141
1299
1209
1169
1156
1075
1152
1163
1246
1165
1230
1208
1224
1334
1255
1202
1169
1224
1209
1253
1202
1178
1238
1166
1271
1212
1319
1117
1160
1154
1202
1170
1147
1189
1201
1257
1254
1235
1140
1216
1247
1252
1096
1080
1169
1104
1247
1222
1206
1160
1314
1328
1276
1164
1216
1256
1295
1254
1233
1179
1158
1206
1309
1150
1153
1106
1129
1255
1250
1362
1189
1175
1255
1303
1269
1288
1234
1210
1161
1182
1170
1195
1222
1281
1256
1113
1229
1216
1271
1236
1210
1223
1269
1141
1252
1281
1224
1189
1161
1183
1082
1236
1246
1094
1135
1197
1241
1217
1309
1178
1264
1267
1281
1196
1201
1231
1196
1240
1149
1138
1192
1286
1275
1215
1143
1335
1297
1141
1369
1271
1194
1261
1340
1256
1285
1193
1183
1366
1272
1202
1238
1080
1284
1162
1224
1260
1311
1229
1357
1119
1261
1346
1264
1203
1227
1207
1227
1135
1186
1294
1268
1143
1202
1229
1254
1233
1225
1280
1189
1105
1218
1220
1188
1147
1243
1227
1164
1255
1295
1249
1207
1227
1247
1206
1219
1215
1156
1238
1140
1211
1228
1218
1227
1240
1242
1161
1199
1239
1126
1208
1217
1177
1237
1319
1244
1112
1303
1241
1199
1266
1258
1261
1230
1303
1291
1207
1291
1245
1264
1230
1194
1210
1257
1215
1208
1210
1300
1227
1255
1281
1309
1190
1226
1276
1259
1124
1226
1149
1221
1236
1237
1188
1207
1348
1270
1164
1218
1143
1226
1205
1189
1240
1215
1249
1231
1133
1268
1256
1274
1244
1244
1292
1247
1127
1118
1175
1184
1261
1220
1304
1173
1218
1273
1205
1315
1233
1324
1237
1270
1282
1236
1335
1138
1271
1209
1271
1318
1171
1278
1166
1206
1230
1193
1163
1230
1175
1274
1280
1261
1288
1334
1309
1145
1239
1113
1250
1187
1196
1180
1309
1176
1173
1161
1223
1225
1264
1251
1228
1271
1170
1101
1121
1182
1192
1130
1178
1264
1068
1150
1144
1207
1218
1172
1127
1186
1180
1298
1275
1289
1230
1357
1206
1231
1216
1292
1203
1101
1345
1133
1156
1231
1166
1247
1238
1263
1271
1201
1211
